0.197207	0.584952	0.217840	
0.023018	0.374182	0.602800	
0.005992	0.109743	0.884265	
0.004692	0.326654	0.668654	
0.005303	0.604396	0.390301	
0.006571	0.383226	0.610203	
0.027775	0.617340	0.354885	
0.047843	0.332361	0.619797	
0.049842	0.690050	0.260108	
0.690948	0.230701	0.078351	
0.007030	0.214438	0.778532	
0.004834	0.315592	0.679574	
0.009894	0.472021	0.518085	
0.000948	0.020315	0.978738	
0.005889	0.632023	0.362088	
0.123399	0.253865	0.622736	
0.003843	0.393596	0.602560	
0.004981	0.416991	0.578028	
0.037639	0.519130	0.443231	
0.055703	0.603418	0.340879	
0.017184	0.431218	0.551598	
0.501199	0.284535	0.214266	
0.266681	0.362240	0.371078	
0.001229	0.051461	0.947310	
0.001419	0.082003	0.916578	
0.002198	0.242836	0.754966	
0.007026	0.365221	0.627753	
0.007098	0.549838	0.443064	
0.208573	0.563272	0.228155	
0.244515	0.586998	0.168487	
0.000585	0.017445	0.981971	
0.745234	0.209538	0.045228	
0.535955	0.331077	0.132968	
0.000366	0.028587	0.971047	
0.009787	0.476346	0.513866	
0.466941	0.380865	0.152195	
0.152627	0.530682	0.316692	
0.004227	0.650974	0.344800	
0.116538	0.266764	0.616698	
0.211296	0.487033	0.301670	
0.002301	0.456482	0.541217	
0.241023	0.463026	0.295951	
0.010090	0.534544	0.455366	
0.008819	0.574134	0.417046	
0.520913	0.347442	0.131645	
0.521622	0.340170	0.138208	
0.043213	0.095553	0.861234	
0.103445	0.680756	0.215799	
0.415922	0.503317	0.080761	
0.593161	0.349378	0.057460	
0.512810	0.315423	0.171766	
0.003382	0.224368	0.772250	
0.009754	0.188678	0.801568	
0.002412	0.063424	0.934164	
0.283793	0.555803	0.160404	
0.007666	0.564055	0.428279	
0.009065	0.514578	0.476358	
0.239840	0.502627	0.257534	
0.199982	0.399203	0.400815	
0.425409	0.359241	0.215350	
0.003483	0.035574	0.960943	
0.015292	0.466616	0.518092	
0.000621	0.019396	0.979982	
0.010679	0.543074	0.446247	
0.004649	0.399273	0.596078	
0.003454	0.325072	0.671474	
0.123634	0.467396	0.408970	
0.004408	0.275443	0.720149	
0.006720	0.335226	0.658053	
0.352867	0.299311	0.347821	
0.005824	0.429234	0.564942	
0.006208	0.461490	0.532302	
0.012692	0.381100	0.606209	
0.600198	0.305627	0.094176	
0.450610	0.427700	0.121691	
0.006330	0.305135	0.688535	
0.011462	0.296197	0.692341	
0.031602	0.199630	0.768767	
0.003320	0.261403	0.735278	
0.006273	0.575898	0.417829	
0.005671	0.156708	0.837621	
0.030123	0.342396	0.627482	
0.288622	0.517990	0.193389	
0.005507	0.356677	0.637816	
0.023690	0.559156	0.417153	
0.002789	0.143675	0.853536	
0.014019	0.187734	0.798246	
0.276964	0.515592	0.207444	
0.014032	0.401749	0.584219	
0.006244	0.112715	0.881042	
0.004693	0.535855	0.459452	
0.000185	0.011689	0.988126	
0.011390	0.583009	0.405601	
0.095605	0.519561	0.384834	
0.003469	0.071984	0.924547	
0.003380	0.284590	0.712030	
0.040793	0.359713	0.599494	
0.002298	0.052513	0.945189	
0.003841	0.145499	0.850660	
0.264753	0.522005	0.213242	
0.317956	0.362646	0.319398	
0.004613	0.155331	0.840056	
0.001389	0.032615	0.965996	
0.008501	0.465938	0.525561	
0.053406	0.334724	0.611870	
0.007930	0.448627	0.543443	
0.178717	0.416924	0.404359	
0.000542	0.110345	0.889113	
0.002050	0.064210	0.933741	
0.009762	0.543333	0.446906	
0.178378	0.539701	0.281921	
0.820929	0.142341	0.036730	
0.005484	0.238665	0.755850	
0.000648	0.026732	0.972620	
0.009922	0.383006	0.607073	
0.006196	0.554831	0.438973	
0.003709	0.287257	0.709034	
0.002390	0.089696	0.907914	
0.007163	0.217717	0.775120	
0.018425	0.315012	0.666563	
0.004553	0.155346	0.840101	
0.027697	0.385166	0.587138	
0.181237	0.449667	0.369096	
0.004508	0.320146	0.675346	
0.000572	0.017316	0.982111	
0.010045	0.503460	0.486494	
0.891211	0.098255	0.010534	
0.060906	0.348841	0.590253	
0.003087	0.446414	0.550499	
0.000087	0.005639	0.994274	
0.001703	0.056229	0.942068	
0.005410	0.525220	0.469370	
0.022362	0.325058	0.652580	
0.006056	0.228748	0.765197	
0.006644	0.334805	0.658551	
0.025315	0.160220	0.814466	
0.007589	0.394434	0.597977	
0.000599	0.050909	0.948492	
0.000374	0.020904	0.978722	
0.133605	0.371418	0.494977	
0.005908	0.453342	0.540750	
0.004934	0.300905	0.694161	
0.013572	0.338814	0.647614	
0.002975	0.109063	0.887962	
0.004525	0.210390	0.785085	
0.003245	0.167508	0.829246	
0.006471	0.362580	0.630949	
0.394987	0.355295	0.249718	
0.008845	0.250685	0.740470	
0.768533	0.172658	0.058808	
0.004806	0.132999	0.862195	
0.016448	0.500563	0.482989	
0.006671	0.484972	0.508357	
0.007487	0.381260	0.611253	
0.009434	0.192196	0.798369	
0.033396	0.103538	0.863066	
0.003782	0.233633	0.762585	
0.006459	0.294414	0.699127	
0.003435	0.110539	0.886027	
0.001348	0.038794	0.959858	
0.025318	0.329420	0.645262	
0.003764	0.165749	0.830487	
0.004516	0.234530	0.760954	
0.054959	0.251417	0.693624	
0.003551	0.408935	0.587514	
0.056534	0.252505	0.690961	
0.000352	0.015432	0.984216	
0.000188	0.006199	0.993613	
0.621154	0.265118	0.113727	
0.004697	0.247922	0.747380	
0.004420	0.122594	0.872986	
0.004852	0.434730	0.560418	
0.000738	0.028179	0.971083	
0.008143	0.175851	0.816006	
0.001859	0.091024	0.907117	
0.026141	0.509887	0.463972	
0.001692	0.087781	0.910527	
0.008538	0.193303	0.798159	
0.010380	0.402333	0.587287	
0.004026	0.291674	0.704300	
0.000049	0.003067	0.996883	
0.004781	0.286707	0.708513	
0.009730	0.234927	0.755343	
0.019033	0.579943	0.401023	
0.287723	0.439382	0.272895	
0.023709	0.684287	0.292003	
0.006844	0.644695	0.348461	
0.006488	0.396101	0.597411	
0.002731	0.224477	0.772792	
0.012166	0.206817	0.781018	
0.666974	0.279672	0.053354	
0.007915	0.630532	0.361554	
0.806878	0.171202	0.021920	
0.251236	0.502305	0.246459	
0.075621	0.270831	0.653548	
0.035843	0.575104	0.389053	
0.010079	0.510373	0.479548	
0.012417	0.411258	0.576326	
0.320756	0.555231	0.124013	
0.031065	0.658285	0.310650	
0.011035	0.565902	0.423064	
0.004526	0.413428	0.582046	
0.008761	0.475523	0.515717	
0.013478	0.130694	0.855828	
0.001708	0.038225	0.960067	
0.011129	0.190872	0.797999	
0.002620	0.041905	0.955475	
0.008426	0.646357	0.345217	
0.283841	0.253255	0.462904	
0.470655	0.270824	0.258521	
0.009739	0.687740	0.302521	
0.030297	0.155989	0.813714	
0.011737	0.372603	0.615660	
0.001899	0.082361	0.915739	
0.005776	0.310389	0.683835	
0.002172	0.047549	0.950279	
0.009786	0.480073	0.510142	
0.014405	0.567808	0.417788	
0.375147	0.502267	0.122586	
0.010253	0.650218	0.339530	
0.537363	0.326528	0.136109	
0.002464	0.034334	0.963202	
0.000635	0.018115	0.981250	
0.422434	0.430893	0.146673	
0.007304	0.386052	0.606644	
0.000725	0.016852	0.982422	
0.046310	0.641908	0.311782	
0.027937	0.237191	0.734872	
0.486959	0.416422	0.096619	
0.048589	0.638037	0.313375	
0.026801	0.577672	0.395527	
0.008822	0.576961	0.414216	
0.004971	0.622507	0.372522	
0.102876	0.719079	0.178046	
0.280910	0.447924	0.271166	
0.663437	0.230273	0.106290	
0.006318	0.595950	0.397732	
0.006604	0.613048	0.380349	
0.008309	0.554055	0.437636	
0.025399	0.657688	0.316914	
0.002390	0.049447	0.948163	
0.007515	0.409664	0.582821	
0.031774	0.480681	0.487545	
0.000576	0.028991	0.970434	
0.008170	0.552998	0.438832	
0.008610	0.425706	0.565683	
0.017184	0.147306	0.835511	
0.010552	0.450954	0.538494	
0.134443	0.340857	0.524700	
0.858199	0.120875	0.020926	
0.031997	0.657517	0.310486	
0.012012	0.562461	0.425527	
0.325435	0.370673	0.303891	
0.113039	0.590868	0.296093	
0.001570	0.024707	0.973723	
0.130852	0.272990	0.596158	
0.206134	0.472845	0.321021	
0.012607	0.199326	0.788067	
0.329983	0.497420	0.172597	
0.023196	0.276010	0.700794	
0.068600	0.644748	0.286652	
0.001482	0.046545	0.951974	
0.290242	0.526634	0.183125	
0.008849	0.605861	0.385289	
0.000371	0.021377	0.978251	
0.016196	0.315589	0.668216	
0.006072	0.700833	0.293095	
0.010192	0.340408	0.649401	
0.001115	0.029125	0.969761	
0.081064	0.642568	0.276368	
0.008387	0.624163	0.367450	
0.002205	0.030788	0.967006	
0.087554	0.610012	0.302434	
0.012861	0.689110	0.298029	
0.148200	0.505126	0.346673	
0.002597	0.183953	0.813450	
0.003081	0.089230	0.907689	
0.014648	0.253181	0.732171	
0.688280	0.212402	0.099318	
0.366484	0.475299	0.158217	
0.107114	0.416590	0.476296	
0.051331	0.389024	0.559645	
0.798064	0.159763	0.042173	
0.006816	0.076988	0.916196	
0.206520	0.598645	0.194834	
0.335682	0.201697	0.462621	
0.009142	0.131608	0.859251	
0.009898	0.529836	0.460265	
0.816573	0.158779	0.024649	
0.005190	0.462365	0.532445	
0.216830	0.591975	0.191196	
0.863053	0.121612	0.015335	
0.407936	0.349103	0.242961	
0.000097	0.003871	0.996032	
0.099056	0.624116	0.276827	
0.012706	0.616483	0.370812	
0.037776	0.119062	0.843163	
0.554126	0.339678	0.106196	
0.424464	0.380809	0.194727	
0.003907	0.684836	0.311257	
0.013225	0.683143	0.303631	
0.649231	0.268930	0.081839	
0.027180	0.587279	0.385541	
0.001313	0.016054	0.982633	
0.003573	0.052914	0.943514	
0.007993	0.397904	0.594103	
0.553025	0.293459	0.153515	
0.209645	0.410107	0.380248	
0.011738	0.334087	0.654175	
0.622515	0.289644	0.087841	
0.920258	0.069819	0.009923	
0.694992	0.265590	0.039418	
0.785851	0.179141	0.035008	
0.964958	0.033344	0.001698	
0.050911	0.284892	0.664197	
0.458184	0.402062	0.139754	
0.009531	0.490932	0.499537	
0.377160	0.402203	0.220636	
0.017211	0.439741	0.543048	
0.434678	0.420836	0.144485	
0.023807	0.638809	0.337384	
0.023439	0.547982	0.428579	
0.005829	0.613918	0.380253	
0.003377	0.058679	0.937945	
0.874654	0.103851	0.021495	
0.319899	0.500277	0.179824	
0.447686	0.414990	0.137324	
0.811516	0.164201	0.024283	
0.035827	0.488459	0.475714	
0.826021	0.153077	0.020902	
0.919931	0.052988	0.027081	
0.038555	0.587520	0.373925	
0.651279	0.282264	0.066458	
0.354918	0.441461	0.203621	
0.003664	0.157273	0.839063	
0.600711	0.301379	0.097910	
0.334672	0.427849	0.237479	
0.014092	0.372549	0.613359	
0.720102	0.201942	0.077956	
0.083840	0.394367	0.521793	
0.011477	0.125357	0.863165	
0.004731	0.162604	0.832665	
0.217073	0.551198	0.231729	
0.012261	0.453763	0.533976	
0.248363	0.306013	0.445624	
0.004593	0.379995	0.615412	
0.008777	0.614240	0.376982	
0.401813	0.398639	0.199548	
0.031864	0.099660	0.868476	
0.162570	0.619829	0.217601	
0.079442	0.652485	0.268073	
0.560686	0.340306	0.099009	
0.128461	0.645701	0.225838	
0.220344	0.431073	0.348582	
0.000154	0.009613	0.990233	
0.012828	0.385469	0.601703	
0.287103	0.504760	0.208137	
0.015801	0.044137	0.940062	
0.020082	0.210303	0.769615	
0.009699	0.545430	0.444870	
0.008038	0.354966	0.636996	
0.044181	0.645898	0.309922	
0.005574	0.260968	0.733458	
0.009760	0.340049	0.650191	
0.003134	0.130888	0.865978	
0.131067	0.429158	0.439775	
0.019364	0.190603	0.790033	
0.071186	0.669540	0.259274	
0.004293	0.302336	0.693371	
0.120341	0.628265	0.251394	
0.093492	0.275522	0.630986	
0.004114	0.276213	0.719673	
0.001673	0.029935	0.968392	
0.392347	0.364740	0.242912	
0.005105	0.096458	0.898437	
0.001869	0.027368	0.970763	
0.006153	0.076603	0.917244	
0.118018	0.385932	0.496049	
0.027032	0.273264	0.699704	
0.014282	0.321207	0.664510	
0.114426	0.244217	0.641357	
0.006144	0.338071	0.655786	
0.001443	0.068627	0.929930	
0.000000	0.000017	0.999983	
0.001004	0.021985	0.977011	
0.009223	0.349079	0.641698	
0.019775	0.286208	0.694017	
0.010943	0.165480	0.823577	
0.019921	0.193414	0.786665	
0.000156	0.017011	0.982834	
0.005125	0.172007	0.822867	
0.942600	0.051381	0.006018	
0.426924	0.397034	0.176042	
0.013779	0.416692	0.569529	
0.006554	0.274269	0.719178	
0.615968	0.294306	0.089726	
0.508054	0.339094	0.152852	
0.410763	0.434288	0.154948	
0.010207	0.365791	0.624002	
0.000127	0.004858	0.995015	
0.008001	0.409928	0.582071	
0.002004	0.078102	0.919894	
0.013297	0.191567	0.795136	
0.007254	0.238237	0.754510	
0.392243	0.335532	0.272225	
0.003861	0.134268	0.861871	
0.001994	0.067631	0.930376	
0.000003	0.000688	0.999309	
0.545107	0.258881	0.196012	
0.002346	0.055386	0.942268	
0.015608	0.213575	0.770818	
0.004693	0.287388	0.707919	
0.005976	0.304888	0.689136	
0.008447	0.236883	0.754670	
0.009737	0.241121	0.749142	
0.590118	0.211681	0.198201	
0.008559	0.667593	0.323847	
0.003420	0.153269	0.843311	
0.210885	0.318061	0.471054	
0.008792	0.262066	0.729142	
0.301888	0.343868	0.354244	
0.009542	0.335619	0.654838	
0.004145	0.135965	0.859890	
0.007713	0.160692	0.831595	
0.043811	0.624696	0.331493	
0.001123	0.044787	0.954090	
0.008881	0.645334	0.345785	
0.002866	0.080188	0.916946	
0.002499	0.102642	0.894858	
0.009934	0.289014	0.701052	
0.009429	0.341242	0.649329	
0.009547	0.050092	0.940361	
0.001536	0.031868	0.966597	
0.006572	0.237414	0.756013	
0.001423	0.060038	0.938538	
0.012704	0.345488	0.641808	
0.001456	0.029885	0.968659	
0.033490	0.313208	0.653301	
0.006433	0.322625	0.670942	
0.517572	0.308550	0.173878	
0.389335	0.376218	0.234447	
0.030227	0.301735	0.668038	
0.000029	0.002019	0.997951	
0.045695	0.306684	0.647621	
0.346128	0.489577	0.164294	
0.014664	0.532565	0.452771	
0.001417	0.037967	0.960616	
0.000552	0.015399	0.984049	
0.000414	0.017760	0.981826	
0.001051	0.059720	0.939229	
0.005234	0.213839	0.780927	
0.000613	0.009587	0.989800	
0.003909	0.054880	0.941211	
0.508393	0.338708	0.152899	
0.004527	0.185358	0.810115	
0.000663	0.020772	0.978565	
0.000148	0.006906	0.992945	
0.003205	0.054958	0.941837	
0.009599	0.338045	0.652355	
0.009462	0.164066	0.826472	
0.000695	0.017894	0.981411	
0.780284	0.184088	0.035628	
0.018143	0.322329	0.659529	
0.003125	0.296064	0.700811	
0.011157	0.565947	0.422895	
0.011791	0.330715	0.657494	
0.005696	0.104523	0.889781	
0.012444	0.302780	0.684776	
0.007436	0.225245	0.767318	
0.157273	0.218663	0.624064	
0.001728	0.043112	0.955160	
0.000158	0.008500	0.991342	
0.011974	0.116741	0.871286	
0.015422	0.602679	0.381899	
0.006845	0.362949	0.630206	
0.004289	0.133032	0.862679	
0.006916	0.068460	0.924624	
0.000038	0.002540	0.997422	
0.058032	0.448131	0.493836	
0.000335	0.008546	0.991119	
0.311944	0.280821	0.407234	
0.014613	0.689077	0.296310	
0.015469	0.102208	0.882324	
0.007995	0.220873	0.771132	
0.030722	0.349374	0.619905	
0.016244	0.281906	0.701851	
0.007497	0.445830	0.546673	
0.016696	0.317249	0.666055	
0.012221	0.650376	0.337402	
0.343571	0.536899	0.119530	
0.001563	0.041376	0.957061	
0.004388	0.050292	0.945320	
0.000326	0.007286	0.992389	
0.001293	0.010596	0.988111	
0.010434	0.106790	0.882776	
0.476411	0.362301	0.161288	
0.372144	0.215899	0.411957	
0.005927	0.081300	0.912773	
0.012099	0.665061	0.322840	
0.006207	0.665842	0.327950	
0.007266	0.355969	0.636766	
0.011321	0.279271	0.709408	
0.010930	0.129220	0.859850	
0.008381	0.431788	0.559831	
0.008544	0.442139	0.549317	
0.008080	0.350694	0.641226	
0.006221	0.137290	0.856489	
0.010447	0.632893	0.356661	
0.010454	0.592395	0.397151	
0.007520	0.529887	0.462594	
0.759743	0.202196	0.038061	
0.496006	0.327569	0.176425	
0.004095	0.427979	0.567927	
0.007363	0.436136	0.556501	
0.000444	0.017487	0.982069	
0.088332	0.340830	0.570838	
0.279912	0.399197	0.320891	
0.736353	0.212992	0.050655	
0.004448	0.467662	0.527890	
0.006285	0.328488	0.665227	
0.009217	0.166462	0.824320	
0.000164	0.005307	0.994529	
0.003512	0.377960	0.618528	
0.868353	0.118875	0.012771	
0.432873	0.340707	0.226420	
0.294163	0.266428	0.439409	
0.008111	0.266655	0.725233	
0.251362	0.387307	0.361332	
0.482159	0.343537	0.174304	
0.696793	0.240360	0.062847	
0.820839	0.155474	0.023687	
0.008495	0.486678	0.504827	
0.136967	0.214502	0.648532	
0.005106	0.321340	0.673554	
0.111047	0.228538	0.660415	
0.472250	0.388526	0.139225	
0.852298	0.129760	0.017942	
0.253732	0.540108	0.206160	
0.069395	0.254260	0.676345	
0.010274	0.646533	0.343194	
0.225451	0.414206	0.360343	
0.929624	0.064499	0.005877	
0.261741	0.610101	0.128158	
0.000639	0.143634	0.855727	
0.875050	0.106240	0.018710	
0.007142	0.453988	0.538870	
0.641421	0.277693	0.080886	
0.003788	0.138379	0.857833	
0.882863	0.100085	0.017052	
0.469037	0.378956	0.152007	
0.870433	0.115262	0.014305	
0.435893	0.430772	0.133335	
0.730772	0.224840	0.044388	
0.921532	0.069649	0.008819	
0.621282	0.306416	0.072302	
0.000336	0.008812	0.990852	
0.494715	0.386243	0.119042	
0.002768	0.280999	0.716233	
0.691029	0.246597	0.062375	
0.623879	0.287414	0.088707	
0.461627	0.401269	0.137104	
0.120826	0.667314	0.211860	
0.010535	0.505889	0.483575	
0.959920	0.038759	0.001321	
0.003418	0.389204	0.607378	
0.725925	0.222982	0.051094	
0.001954	0.077433	0.920613	
0.006880	0.530001	0.463119	
0.011692	0.375190	0.613117	
0.006449	0.279950	0.713601	
0.094548	0.517644	0.387809	
0.584095	0.323551	0.092353	
0.088497	0.614407	0.297096	
0.462170	0.366280	0.171550	
0.002736	0.114997	0.882267	
0.000041	0.003644	0.996315	
0.189428	0.330121	0.480451	
0.023189	0.287983	0.688828	
0.000988	0.009377	0.989635	
0.005629	0.513740	0.480631	
0.005562	0.423378	0.571060	
0.056019	0.591605	0.352377	
0.475972	0.364876	0.159152	
0.003693	0.109621	0.886687	
0.012936	0.248248	0.738816	
0.293029	0.541030	0.165941	
0.449587	0.311307	0.239106	
0.363470	0.358624	0.277906	
0.020128	0.450636	0.529236	
0.001762	0.026970	0.971268	
0.767487	0.203540	0.028973	
0.744884	0.210263	0.044853	
0.178161	0.597791	0.224048	
0.826494	0.149005	0.024501	
0.025543	0.652105	0.322352	
0.276571	0.498473	0.224956	
0.005086	0.260768	0.734146	
0.548737	0.308896	0.142368	
0.822131	0.150679	0.027190	
0.021407	0.559975	0.418618	
0.250884	0.340201	0.408915	
0.004195	0.125047	0.870758	
0.298716	0.477965	0.223319	
0.008012	0.359864	0.632124	
0.020120	0.689572	0.290308	
0.770760	0.201434	0.027806	
0.009753	0.145995	0.844252	
0.172118	0.221581	0.606301	
0.001003	0.032203	0.966793	
0.006490	0.438900	0.554610	
0.000001	0.000322	0.999677	
0.000001	0.000270	0.999729	
0.000134	0.009266	0.990600	
0.002056	0.051245	0.946699	
0.002522	0.166261	0.831217	
0.042796	0.398199	0.559005	
0.000673	0.042047	0.957279	
0.000732	0.015699	0.983569	
0.000020	0.002129	0.997852	
0.000922	0.044965	0.954112	
0.005123	0.114249	0.880628	
0.000079	0.004584	0.995337	
0.206744	0.295337	0.497919	
0.002270	0.078895	0.918835	
0.000223	0.012989	0.986788	
0.433281	0.425690	0.141030	
0.000717	0.029963	0.969321	
0.002890	0.059913	0.937197	
0.000053	0.004190	0.995757	
0.002820	0.093841	0.903340	
0.000006	0.000599	0.999395	
0.001919	0.048163	0.949918	
0.000001	0.000260	0.999738	
0.000004	0.000570	0.999426	
0.082524	0.191686	0.725791	
0.067837	0.275270	0.656893	
0.002515	0.046654	0.950831	
0.003933	0.068999	0.927068	
0.000003	0.000474	0.999523	
0.000470	0.016132	0.983398	
0.841904	0.137780	0.020316	
0.000001	0.000311	0.999689	
0.056462	0.115310	0.828227	
0.007480	0.193723	0.798797	
0.000262	0.006910	0.992828	
0.012410	0.343269	0.644321	
0.096109	0.208831	0.695059	
0.018937	0.161366	0.819697	
0.002825	0.057111	0.940064	
0.000003	0.000636	0.999361	
0.000003	0.000744	0.999253	
0.000822	0.025358	0.973820	
0.088835	0.263822	0.647343	
0.793795	0.111244	0.094960	
0.002085	0.075523	0.922392	
0.000457	0.019572	0.979971	
0.001079	0.045315	0.953606	
0.015533	0.205816	0.778651	
0.000064	0.002954	0.996982	
0.000365	0.003756	0.995879	
0.000016	0.002472	0.997512	
0.004794	0.116989	0.878217	
0.000188	0.013778	0.986035	
0.001789	0.061732	0.936480	
0.002143	0.051694	0.946163	
0.119766	0.358723	0.521511	
0.000015	0.001336	0.998649	
0.003030	0.023513	0.973457	
0.000041	0.004635	0.995324	
0.002285	0.057127	0.940587	
0.000000	0.000123	0.999876	
0.000004	0.000406	0.999590	
0.001755	0.048558	0.949687	
0.003558	0.136770	0.859673	
0.000058	0.014019	0.985923	
0.050243	0.257743	0.692014	
0.007669	0.098634	0.893697	
0.018231	0.210208	0.771562	
0.000148	0.005943	0.993909	
0.000072	0.005686	0.994242	
0.000000	0.000128	0.999872	
0.010772	0.216392	0.772836	
0.001601	0.048389	0.950010	
0.000259	0.014568	0.985172	
0.000020	0.002349	0.997631	
0.002388	0.037964	0.959648	
0.009290	0.232480	0.758231	
0.012950	0.154942	0.832108	
0.006814	0.119558	0.873629	
0.000001	0.000250	0.999749	
0.032199	0.219974	0.747827	
0.472757	0.405634	0.121609	
0.002537	0.330902	0.666561	
0.702633	0.245008	0.052359	
0.158075	0.299649	0.542275	
0.509818	0.270518	0.219664	
0.000266	0.009012	0.990722	
0.011420	0.360612	0.627967	
0.001032	0.040504	0.958464	
0.006543	0.510927	0.482531	
0.003190	0.130746	0.866064	
0.053512	0.714894	0.231593	
0.050758	0.559295	0.389947	
0.215549	0.437009	0.347441	
0.589605	0.320929	0.089467	
0.002983	0.237743	0.759275	
0.012818	0.709468	0.277714	
0.435860	0.420818	0.143322	
0.007134	0.378391	0.614475	
0.008550	0.256560	0.734890	
0.006123	0.685202	0.308675	
0.012057	0.165410	0.822532	
0.001676	0.157440	0.840884	
0.009335	0.344963	0.645702	
0.008962	0.441330	0.549708	
0.011877	0.379868	0.608255	
0.006892	0.674632	0.318476	
0.000566	0.012969	0.986464	
0.007852	0.433460	0.558688	
0.008695	0.540429	0.450876	
0.008961	0.380585	0.610454	
0.082184	0.345214	0.572602	
0.007586	0.327940	0.664474	
0.016854	0.240388	0.742758	
0.008682	0.143850	0.847467	
0.647042	0.285063	0.067895	
0.017143	0.155459	0.827399	
0.010731	0.231053	0.758216	
0.015859	0.337537	0.646604	
0.335004	0.427327	0.237669	
0.005361	0.163209	0.831429	
0.000984	0.022248	0.976768	
0.008949	0.112018	0.879033	
0.813896	0.162275	0.023829	
0.047573	0.109410	0.843017	
0.634377	0.254676	0.110947	
0.567175	0.324366	0.108459	
0.510866	0.307528	0.181606	
0.397833	0.412065	0.190102	
0.045534	0.661365	0.293100	
0.557143	0.344969	0.097888	
0.902444	0.085315	0.012242	
0.828270	0.134742	0.036988	
0.014340	0.335195	0.650464	
0.001676	0.043079	0.955245	
0.043003	0.593274	0.363722	
0.006748	0.564884	0.428368	
0.002550	0.273784	0.723667	
0.020696	0.518112	0.461192	
0.002318	0.221850	0.775832	
0.004568	0.202171	0.793261	
0.169826	0.585012	0.245162	
0.006956	0.277879	0.715165	
0.453349	0.390938	0.155714	
0.129693	0.172412	0.697895	
0.007379	0.124455	0.868166	
0.005742	0.084878	0.909380	
0.481708	0.389526	0.128766	
0.359634	0.490791	0.149576	
0.005697	0.385137	0.609165	
0.031707	0.709858	0.258435	
0.584777	0.190497	0.224726	
0.571859	0.316529	0.111612	
0.546256	0.356385	0.097359	
0.006964	0.239092	0.753944	
0.671337	0.231288	0.097374	
0.009601	0.318354	0.672045	
0.042285	0.086953	0.870762	
0.081523	0.267205	0.651272	
0.427737	0.409298	0.162965	
0.004476	0.371388	0.624136	
0.004190	0.298566	0.697244	
0.748871	0.215761	0.035367	
0.102267	0.705415	0.192318	
0.011982	0.337956	0.650063	
0.004839	0.259551	0.735609	
0.003165	0.197804	0.799031	
0.054077	0.238615	0.707309	
0.035968	0.189195	0.774837	
0.230324	0.303059	0.466616	
0.637557	0.295543	0.066900	
0.543797	0.181021	0.275181	
0.009302	0.503040	0.487658	
0.000496	0.015031	0.984473	
0.611447	0.305260	0.083292	
0.003208	0.044072	0.952720	
0.020989	0.668071	0.310939	
0.540109	0.332715	0.127176	
0.179047	0.460913	0.360040	
0.077269	0.689204	0.233526	
0.007507	0.640912	0.351581	
0.003478	0.262620	0.733902	
0.021982	0.328045	0.649973	
0.525571	0.357266	0.117163	
0.071334	0.094199	0.834467	
0.002410	0.046734	0.950856	
0.145466	0.435494	0.419040	
0.114445	0.554670	0.330884	
0.026470	0.115662	0.857868	
0.020922	0.702020	0.277059	
0.778923	0.192114	0.028963	
0.010930	0.085300	0.903769	
0.006997	0.545957	0.447045	
0.011170	0.448576	0.540254	
0.077061	0.328106	0.594833	
0.537045	0.298780	0.164174	
0.141614	0.247410	0.610977	
0.405939	0.432432	0.161629	
0.298438	0.545646	0.155915	
0.003003	0.083005	0.913991	
0.147977	0.366954	0.485069	
0.011674	0.199162	0.789163	
0.006160	0.340151	0.653689	
0.427748	0.443053	0.129199	
0.009117	0.443016	0.547867	
0.043929	0.226288	0.729782	
0.001578	0.048556	0.949865	
0.016078	0.134229	0.849693	
0.013208	0.618424	0.368368	
0.682497	0.263798	0.053705	
0.009199	0.293211	0.697590	
0.688839	0.220213	0.090948	
0.008511	0.545585	0.445903	
0.002817	0.076546	0.920637	
0.000090	0.004585	0.995325	
0.178221	0.274057	0.547722	
0.010298	0.390331	0.599371	
0.338756	0.324533	0.336711	
0.336364	0.544908	0.118728	
0.000045	0.002364	0.997591	
0.040445	0.289771	0.669783	
0.002968	0.080644	0.916388	
0.250979	0.499991	0.249030	
0.286645	0.259043	0.454312	
0.515217	0.307487	0.177296	
0.032782	0.725011	0.242208	
0.004556	0.655878	0.339566	
0.024651	0.218247	0.757101	
0.454508	0.348307	0.197186	
0.112607	0.463346	0.424048	
0.779763	0.192477	0.027760	
0.033816	0.655726	0.310458	
0.355359	0.431652	0.212989	
0.010525	0.239946	0.749529	
0.658005	0.270246	0.071750	
0.013838	0.064584	0.921578	
0.031582	0.433245	0.535172	
0.598526	0.314765	0.086709	
0.469789	0.347020	0.183191	
0.303396	0.331565	0.365039	
0.012216	0.700173	0.287611	
0.034008	0.130411	0.835580	
0.087976	0.529966	0.382058	
0.095952	0.286222	0.617826	
0.005916	0.034874	0.959209	
0.002804	0.030727	0.966469	
0.001266	0.019825	0.978909	
0.000085	0.003488	0.996427	
0.004315	0.399763	0.595921	
0.013370	0.084429	0.902201	
0.008831	0.556096	0.435074	
0.008682	0.465579	0.525739	
0.850148	0.130838	0.019014	
0.077599	0.381931	0.540471	
0.001280	0.030449	0.968271	
0.001650	0.297811	0.700539	
0.019756	0.685862	0.294381	
0.003208	0.164516	0.832277	
0.007856	0.191202	0.800942	
0.027985	0.495261	0.476754	
0.326559	0.457942	0.215499	
0.000675	0.101277	0.898048	
0.003617	0.206221	0.790162	
0.005735	0.528658	0.465607	
0.000926	0.018543	0.980531	
0.685500	0.258186	0.056314	
0.001895	0.327549	0.670556	
0.004346	0.049203	0.946451	
0.016354	0.206704	0.776941	
0.001683	0.029780	0.968537	
0.006934	0.321630	0.671436	
0.003335	0.165233	0.831432	
0.051674	0.657836	0.290491	
0.007377	0.684205	0.308418	
0.364390	0.300145	0.335465	
0.050975	0.757484	0.191542	
0.338145	0.514320	0.147535	
0.009105	0.230157	0.760737	
0.692180	0.277676	0.030144	
0.440809	0.479762	0.079430	
0.909100	0.081259	0.009641	
0.519502	0.400854	0.079645	
0.664967	0.277968	0.057064	
0.678270	0.259573	0.062158	
0.813352	0.164431	0.022217	
0.851839	0.132315	0.015847	
0.133841	0.684090	0.182070	
0.398635	0.432705	0.168660	
0.775228	0.172482	0.052290	
0.510373	0.360203	0.129424	
0.745073	0.215656	0.039271	
0.006741	0.034404	0.958855	
0.461041	0.394049	0.144910	
0.642203	0.285221	0.072576	
0.365320	0.531203	0.103477	
0.236225	0.342144	0.421631	
0.710801	0.236914	0.052286	
0.066387	0.566788	0.366825	
0.853119	0.137171	0.009710	
0.857190	0.128731	0.014079	
0.674225	0.267904	0.057870	
0.001060	0.012348	0.986592	
0.588102	0.330281	0.081617	
0.092461	0.680229	0.227310	
0.624477	0.321170	0.054353	
0.216497	0.447420	0.336083	
0.771411	0.200588	0.028001	
0.016113	0.663153	0.320734	
0.431885	0.380772	0.187343	
0.682515	0.275359	0.042126	
0.230224	0.515283	0.254493	
0.578578	0.308956	0.112466	
0.730062	0.247044	0.022894	
0.720315	0.226776	0.052909	
0.935803	0.049014	0.015183	
0.665489	0.280014	0.054497	
0.673977	0.253546	0.072477	
0.817864	0.159585	0.022551	
0.217400	0.561405	0.221196	
0.907419	0.085235	0.007346	
0.739432	0.221253	0.039315	
0.636212	0.286706	0.077083	
0.518886	0.380416	0.100698	
0.628160	0.259751	0.112089	
0.734578	0.226572	0.038850	
0.918978	0.077341	0.003681	
0.535746	0.387811	0.076443	
0.737445	0.225812	0.036743	
0.145886	0.649710	0.204405	
0.111619	0.650966	0.237415	
0.860506	0.127222	0.012272	
0.661466	0.293361	0.045173	
0.014832	0.112812	0.872356	
0.713358	0.218963	0.067679	
0.663861	0.247509	0.088629	
0.456080	0.404787	0.139133	
0.529170	0.369399	0.101431	
0.736948	0.236438	0.026615	
0.026030	0.688471	0.285499	
0.568392	0.381425	0.050183	
0.283063	0.458889	0.258048	
0.048420	0.672966	0.278615	
0.462710	0.437092	0.100198	
0.008279	0.494592	0.497129	
0.406279	0.440087	0.153634	
0.793391	0.177509	0.029100	
0.899952	0.092821	0.007227	
0.839773	0.142600	0.017628	
0.455859	0.446569	0.097573	
0.651306	0.299009	0.049686	
0.350347	0.451105	0.198547	
0.672028	0.264251	0.063722	
0.799666	0.176263	0.024071	
0.746678	0.217657	0.035665	
0.000740	0.016230	0.983030	
0.762205	0.195990	0.041805	
0.637345	0.306732	0.055924	
0.578245	0.328468	0.093286	
0.404099	0.499658	0.096243	
0.023662	0.549991	0.426347	
0.912431	0.080814	0.006755	
0.661731	0.275874	0.062394	
0.462027	0.367446	0.170527	
0.490844	0.417625	0.091531	
0.312214	0.485752	0.202033	
0.732186	0.239647	0.028167	
0.492592	0.367658	0.139750	
0.413673	0.420793	0.165534	
0.659628	0.275727	0.064645	
0.007295	0.102804	0.889900	
0.644557	0.308738	0.046705	
0.000516	0.011190	0.988294	
0.639277	0.259824	0.100899	
0.757320	0.208970	0.033710	
0.579938	0.337532	0.082530	
0.124158	0.683818	0.192024	
0.486811	0.370502	0.142687	
0.471274	0.346753	0.181973	
0.398441	0.365505	0.236054	
0.783061	0.182518	0.034421	
0.469289	0.391144	0.139567	
0.175933	0.637902	0.186165	
0.004057	0.046176	0.949767	
0.041828	0.679667	0.278506	
0.034266	0.306791	0.658943	
0.000796	0.017236	0.981968	
0.272452	0.591907	0.135641	
0.066021	0.614998	0.318981	
0.086513	0.533441	0.380046	
0.000504	0.016572	0.982925	
0.365920	0.513295	0.120786	
0.045200	0.122360	0.832440	
0.026116	0.560509	0.413375	
0.014163	0.047886	0.937950	
0.447930	0.410793	0.141277	
0.733785	0.229015	0.037199	
0.874664	0.114557	0.010778	
0.489894	0.392980	0.117126	
0.341202	0.379566	0.279232	
0.001570	0.064131	0.934299	
0.593988	0.305548	0.100464	
0.031033	0.612644	0.356323	
0.669561	0.272998	0.057441	
0.034423	0.318425	0.647152	
0.024096	0.119975	0.855929	
0.038477	0.610707	0.350815	
0.095778	0.531926	0.372296	
0.000022	0.002505	0.997473	
0.714140	0.243683	0.042178	
0.111748	0.652976	0.235276	
0.400820	0.488146	0.111033	
0.939370	0.055693	0.004936	
0.661395	0.278502	0.060103	
0.039671	0.432150	0.528179	
0.003183	0.061378	0.935438	
0.000146	0.007639	0.992215	
0.008471	0.118774	0.872755	
0.374995	0.412132	0.212874	
0.877313	0.106198	0.016488	
0.615736	0.327781	0.056483	
0.063848	0.655509	0.280642	
0.001375	0.060732	0.937893	
0.308901	0.531792	0.159307	
0.555919	0.273992	0.170089	
0.498267	0.390822	0.110911	
0.390168	0.320469	0.289363	
0.706005	0.226571	0.067423	
0.341348	0.522571	0.136080	
0.115233	0.242056	0.642711	
0.034205	0.194001	0.771794	
0.244819	0.222820	0.532361	
0.002226	0.049758	0.948017	
0.593672	0.239531	0.166797	
0.330585	0.532199	0.137216	
0.020387	0.465615	0.513999	
0.846132	0.136296	0.017572	
0.584980	0.325616	0.089404	
0.042830	0.627075	0.330095	
0.059294	0.661327	0.279379	
0.532759	0.367017	0.100224	
0.016748	0.229318	0.753935	
0.862539	0.125049	0.012413	
0.130661	0.592307	0.277031	
0.058949	0.253556	0.687495	
0.707194	0.233835	0.058971	
0.330582	0.501109	0.168310	
0.053062	0.154443	0.792495	
0.072969	0.672717	0.254314	
0.844791	0.138341	0.016868	
0.478524	0.401987	0.119490	
0.860364	0.123477	0.016158	
0.508879	0.367940	0.123182	
0.015167	0.150350	0.834483	
0.527045	0.352009	0.120946	
0.319451	0.385605	0.294945	
0.648325	0.297906	0.053769	
0.351655	0.400741	0.247604	
0.495762	0.375759	0.128479	
0.219780	0.348370	0.431849	
0.008885	0.672706	0.318410	
0.111893	0.698259	0.189848	
0.006781	0.657693	0.335526	
0.444265	0.437852	0.117883	
0.161841	0.576696	0.261464	
0.157770	0.591692	0.250538	
0.784935	0.182598	0.032467	
0.028372	0.203142	0.768486	
0.435416	0.376394	0.188190	
0.472601	0.465204	0.062196	
0.575274	0.333164	0.091562	
0.060183	0.718321	0.221496	
0.258862	0.539336	0.201801	
0.427961	0.431449	0.140591	
0.357098	0.542242	0.100659	
0.248212	0.312629	0.439159	
0.281281	0.518178	0.200542	
0.053268	0.679109	0.267623	
0.224086	0.274011	0.501902	
0.117689	0.691918	0.190393	
0.387612	0.472101	0.140287	
0.007123	0.346379	0.646498	
0.646892	0.262704	0.090404	
0.070808	0.191411	0.737781	
0.315560	0.606129	0.078311	
0.013224	0.736691	0.250085	
0.342744	0.508318	0.148939	
0.011451	0.385045	0.603504	
0.010603	0.746157	0.243240	
0.110558	0.754284	0.135159	
0.031085	0.735031	0.233884	
0.037327	0.697199	0.265475	
0.613838	0.298554	0.087608	
0.985214	0.014194	0.000592	
0.276201	0.586436	0.137363	
0.798658	0.180088	0.021254	
0.602996	0.319788	0.077216	
0.065475	0.697352	0.237173	
0.392705	0.430582	0.176713	
0.815024	0.164597	0.020379	
0.533517	0.415262	0.051221	
0.295190	0.563283	0.141527	
0.355427	0.491772	0.152801	
0.110853	0.247834	0.641313	
0.658524	0.269385	0.072091	
0.773640	0.199415	0.026945	
0.120724	0.631497	0.247779	
0.448909	0.440379	0.110711	
0.539016	0.305013	0.155971	
0.380962	0.437039	0.181998	
0.782437	0.188484	0.029079	
0.421495	0.471217	0.107289	
0.024396	0.746449	0.229155	
0.007220	0.619022	0.373758	
0.142035	0.676372	0.181593	
0.156391	0.502294	0.341315	
0.217331	0.570801	0.211867	
0.036940	0.732771	0.230289	
0.708567	0.245554	0.045879	
0.318312	0.426526	0.255163	
0.151391	0.308252	0.540357	
0.006338	0.679097	0.314565	
0.057595	0.617992	0.324413	
0.255441	0.599524	0.145035	
0.181435	0.717072	0.101493	
0.034274	0.693140	0.272586	
0.098464	0.621809	0.279727	
0.008741	0.477107	0.514152	
0.246317	0.595968	0.157714	
0.069129	0.673266	0.257606	
0.448085	0.476362	0.075553	
0.544290	0.370982	0.084728	
0.097108	0.524138	0.378754	
0.339674	0.487299	0.173027	
0.018179	0.220395	0.761426	
0.555643	0.351307	0.093050	
0.791534	0.185183	0.023283	
0.240738	0.609297	0.149965	
0.031587	0.636234	0.332179	
0.472992	0.410488	0.116520	
0.703077	0.249763	0.047160	
0.205075	0.625663	0.169262	
0.252702	0.492683	0.254615	
0.032227	0.214863	0.752910	
0.048018	0.566799	0.385182	
0.360192	0.541498	0.098310	
0.378336	0.477349	0.144314	
0.006368	0.652286	0.341346	
0.018608	0.542558	0.438834	
0.032088	0.571062	0.396850	
0.399208	0.309966	0.290826	
0.141863	0.653843	0.204294	
0.054064	0.718931	0.227005	
0.505745	0.401884	0.092371	
0.276233	0.259839	0.463928	
0.470026	0.421307	0.108667	
0.130872	0.661115	0.208013	
0.006240	0.292712	0.701047	
0.573548	0.310378	0.116074	
0.831582	0.154513	0.013905	
0.358430	0.520304	0.121267	
0.311700	0.502142	0.186158	
0.345383	0.445156	0.209461	
0.398018	0.339571	0.262411	
0.250312	0.575862	0.173826	
0.009235	0.398421	0.592344	
0.520415	0.411619	0.067967	
0.012517	0.415651	0.571832	
0.451916	0.463969	0.084115	
0.579714	0.312035	0.108251	
0.801227	0.168130	0.030643	
0.344725	0.537354	0.117921	
0.478433	0.403888	0.117679	
0.474041	0.384950	0.141009	
0.665002	0.284574	0.050425	
0.140028	0.435908	0.424064	
0.627368	0.235307	0.137325	
0.574930	0.351062	0.074008	
0.759030	0.206428	0.034542	
0.294309	0.551096	0.154595	
0.007312	0.059738	0.932950	
0.000318	0.009339	0.990343	
0.008629	0.101136	0.890236	
0.620600	0.299370	0.080030	
0.785736	0.193480	0.020784	
0.023749	0.701236	0.275015	
0.928370	0.067238	0.004392	
0.234926	0.507065	0.258009	
0.601265	0.321777	0.076958	
0.747513	0.217146	0.035341	
0.736021	0.226533	0.037447	
0.017408	0.370209	0.612382	
0.187144	0.367746	0.445109	
0.179186	0.463541	0.357273	
0.420139	0.480600	0.099260	
0.400789	0.358262	0.240949	
0.937970	0.058659	0.003372	
0.440809	0.479762	0.079430	
0.910463	0.082480	0.007056	
0.032155	0.587806	0.380039	
0.205820	0.590771	0.203409	
0.616743	0.314422	0.068835	
0.201656	0.603197	0.195147	
0.397558	0.513112	0.089330	
0.809844	0.166768	0.023388	
0.236225	0.342144	0.421631	
0.462478	0.450699	0.086823	
0.368503	0.412097	0.219400	
0.013084	0.089193	0.897724	
0.392983	0.397121	0.209896	
0.906035	0.087413	0.006552	
0.328297	0.463688	0.208016	
0.687862	0.259282	0.052857	
0.014516	0.597341	0.388144	
0.769739	0.204987	0.025274	
0.539627	0.357128	0.103245	
0.515696	0.356317	0.127986	
0.562233	0.332389	0.105378	
0.558025	0.355398	0.086577	
0.894824	0.098002	0.007173	
0.438281	0.430264	0.131455	
0.328881	0.507924	0.163194	
0.505752	0.357396	0.136852	
0.098076	0.705533	0.196391	
0.885219	0.104465	0.010316	
0.289794	0.533425	0.176781	
0.030914	0.649468	0.319619	
0.707425	0.244122	0.048454	
0.028607	0.085794	0.885598	
0.818602	0.166140	0.015257	
0.556322	0.285274	0.158403	
0.304817	0.518774	0.176409	
0.070992	0.683440	0.245568	
0.803857	0.166108	0.030035	
0.035537	0.441014	0.523449	
0.333463	0.544315	0.122221	
0.419514	0.495014	0.085471	
0.631074	0.328358	0.040568	
0.025927	0.133331	0.840742	
0.018406	0.101970	0.879624	
0.136276	0.582259	0.281466	
0.000530	0.019417	0.980053	
0.296264	0.544041	0.159695	
0.000015	0.000871	0.999114	
0.007291	0.674681	0.318029	
0.006148	0.416022	0.577830	
0.003713	0.125433	0.870853	
0.291858	0.310742	0.397399	
0.002363	0.085403	0.912233	
0.540500	0.320121	0.139379	
0.161962	0.264030	0.574009	
0.010037	0.452132	0.537832	
0.001153	0.026360	0.972487	
0.000308	0.027226	0.972466	
0.008677	0.617685	0.373638	
0.018017	0.294072	0.687911	
0.480964	0.306088	0.212948	
0.004909	0.357121	0.637970	
0.534193	0.328633	0.137173	
0.005038	0.374592	0.620369	
0.007899	0.062822	0.929279	
0.013635	0.573936	0.412430	
0.000718	0.031298	0.967983	
0.006309	0.066418	0.927274	
0.002284	0.058221	0.939495	
0.002383	0.021777	0.975841	
0.003534	0.091503	0.904963	
0.579269	0.276943	0.143788	
0.284326	0.486848	0.228826	
0.200645	0.307771	0.491584	
0.007239	0.612183	0.380578	
0.002217	0.047681	0.950102	
0.001519	0.033321	0.965160	
0.011350	0.254028	0.734622	
0.071793	0.615206	0.313001	
0.006195	0.474257	0.519549	
0.008649	0.174680	0.816671	
0.018778	0.413476	0.567745	
0.014249	0.392918	0.592833	
0.004775	0.312749	0.682476	
0.728355	0.228827	0.042818	
0.005054	0.298246	0.696700	
0.004803	0.132710	0.862488	
0.006329	0.308066	0.685606	
0.002384	0.161574	0.836042	
0.031580	0.439815	0.528605	
0.008959	0.342375	0.648666	
0.194800	0.594185	0.211014	
0.000037	0.001852	0.998111	
0.468625	0.379297	0.152078	
0.678376	0.267141	0.054482	
0.005724	0.187985	0.806291	
0.222325	0.460850	0.316824	
0.009521	0.445545	0.544934	
0.003687	0.101385	0.894928	
0.142498	0.439362	0.418140	
0.005361	0.061449	0.933190	
0.011126	0.541319	0.447555	
0.156612	0.320734	0.522654	
0.000041	0.003408	0.996551	
0.006149	0.233112	0.760739	
0.003853	0.097497	0.898650	
0.005657	0.134944	0.859399	
0.008161	0.227268	0.764572	
0.002617	0.128003	0.869380	
0.795794	0.179002	0.025204	
0.003118	0.151742	0.845140	
0.386719	0.344929	0.268352	
0.546581	0.292344	0.161075	
0.032454	0.701234	0.266312	
0.009074	0.381069	0.609857	
0.493694	0.196376	0.309930	
0.008198	0.571846	0.419956	
0.018734	0.722041	0.259225	
0.210971	0.615413	0.173617	
0.826562	0.149873	0.023564	
0.014435	0.596117	0.389448	
0.238981	0.323286	0.437733	
0.443035	0.359561	0.197404	
0.007197	0.694162	0.298641	
0.006588	0.238255	0.755156	
0.005871	0.271888	0.722241	
0.245045	0.344334	0.410621	
0.000920	0.028126	0.970953	
0.854612	0.127112	0.018275	
0.002717	0.192938	0.804345	
0.006215	0.322404	0.671381	
0.019663	0.274666	0.705671	
0.623734	0.297732	0.078534	
0.006620	0.409675	0.583705	
0.381415	0.453467	0.165118	
0.007556	0.356846	0.635598	
0.008193	0.363352	0.628454	
0.845429	0.126920	0.027651	
0.524480	0.330480	0.145040	
0.009011	0.618210	0.372779	
0.274633	0.279633	0.445734	
0.003343	0.077071	0.919586	
0.002216	0.051771	0.946013	
0.011168	0.154813	0.834018	
0.033563	0.181867	0.784570	
0.000699	0.010813	0.988488	
0.004315	0.345615	0.650070	
0.030284	0.462797	0.506920	
0.001653	0.047171	0.951177	
0.004996	0.306402	0.688601	
0.226088	0.501315	0.272597	
0.581272	0.331757	0.086971	
0.018783	0.529355	0.451862	
0.010969	0.265259	0.723773	
0.703731	0.241334	0.054934	
0.056724	0.289488	0.653788	
0.064767	0.407878	0.527355	
0.010987	0.437710	0.551303	
0.000279	0.015905	0.983816	
0.002585	0.066143	0.931272	
0.009814	0.179874	0.810312	
0.010041	0.658296	0.331663	
0.000014	0.001359	0.998627	
0.018636	0.195880	0.785485	
0.467690	0.359005	0.173305	
0.153085	0.599132	0.247784	
0.008674	0.521377	0.469949	
0.602220	0.295849	0.101931	
0.000470	0.011499	0.988032	
0.037131	0.465785	0.497084	
0.000254	0.013109	0.986638	
0.225170	0.387021	0.387809	
0.005038	0.044835	0.950127	
0.017469	0.249839	0.732692	
0.017405	0.382336	0.600259	
0.002649	0.057716	0.939635	
0.001528	0.036396	0.962075	
0.328449	0.552799	0.118751	
0.295002	0.548534	0.156464	
0.011403	0.562780	0.425816	
0.110650	0.248676	0.640674	
0.011910	0.352123	0.635966	
0.364867	0.480837	0.154296	
0.016308	0.247131	0.736561	
0.000015	0.001624	0.998361	
0.007495	0.640865	0.351640	
0.075831	0.309808	0.614361	
0.000321	0.011713	0.987966	
0.027614	0.611950	0.360436	
0.001552	0.085149	0.913298	
0.009364	0.553474	0.437162	
0.006497	0.203732	0.789772	
0.001037	0.017498	0.981465	
0.004411	0.457325	0.538264	
0.755385	0.212078	0.032537	
0.008975	0.079100	0.911925	
0.030519	0.635502	0.333978	
0.006781	0.192912	0.800307	
0.576473	0.321681	0.101847	
0.000904	0.012017	0.987079	
0.018208	0.554714	0.427077	
0.001051	0.035855	0.963094	
0.003871	0.085228	0.910902	
0.207272	0.390685	0.402043	
0.330684	0.281294	0.388023	
0.002404	0.040674	0.956922	
0.001282	0.014563	0.984155	
0.187842	0.233142	0.579016	
0.336808	0.317418	0.345774	
0.000169	0.004820	0.995011	
0.013734	0.294614	0.691652	
0.003275	0.071875	0.924850	
0.021295	0.427265	0.551440	
0.004807	0.062245	0.932947	
0.807520	0.167030	0.025450	
0.004169	0.337079	0.658752	
0.010508	0.123689	0.865803	
0.002858	0.095297	0.901845	
0.008577	0.189531	0.801892	
0.022191	0.316696	0.661114	
0.007208	0.450185	0.542607	
0.083488	0.321829	0.594683	
0.013852	0.090938	0.895209	
