0.027027	0.105868	0.867104	
0.582727	0.286853	0.130420	
0.003155	0.429875	0.566970	
0.244530	0.467277	0.288193	
0.257856	0.506640	0.235504	
0.680736	0.240860	0.078404	
0.001041	0.067853	0.931106	
0.710830	0.230890	0.058280	
0.002645	0.056357	0.940998	
0.661602	0.271057	0.067341	
0.372488	0.468804	0.158708	
0.149772	0.613998	0.236230	
0.005539	0.553242	0.441219	
0.043188	0.501205	0.455607	
0.005985	0.491060	0.502956	
0.423891	0.402304	0.173805	
0.804032	0.171160	0.024808	
0.008384	0.606579	0.385037	
0.007961	0.358586	0.633453	
0.852094	0.133321	0.014586	
0.000497	0.013748	0.985755	
0.006045	0.164346	0.829610	
0.001388	0.048727	0.949885	
0.006684	0.208362	0.784954	
0.671767	0.222555	0.105678	
0.880491	0.101002	0.018507	
0.335943	0.451596	0.212461	
0.042762	0.176465	0.780772	
0.239425	0.337863	0.422712	
0.286781	0.566625	0.146594	
0.102031	0.643945	0.254024	
0.956446	0.041103	0.002451	
0.617221	0.270689	0.112090	
0.009714	0.214120	0.776166	
0.000335	0.012716	0.986948	
0.002585	0.387471	0.609944	
0.819697	0.153849	0.026454	
0.413021	0.440426	0.146553	
0.000339	0.018611	0.981050	
0.000575	0.013775	0.985649	
0.898006	0.093931	0.008063	
0.594702	0.304911	0.100387	
0.858515	0.123817	0.017668	
0.007582	0.429186	0.563232	
0.005332	0.060530	0.934138	
0.003672	0.520799	0.475529	
0.006465	0.526197	0.467338	
0.380194	0.470950	0.148856	
0.531648	0.348912	0.119440	
0.755763	0.193510	0.050727	
0.008600	0.553035	0.438365	
0.001230	0.050642	0.948128	
0.008642	0.370379	0.620979	
0.012803	0.192604	0.794592	
0.022550	0.224402	0.753048	
0.507594	0.343625	0.148781	
0.903429	0.083992	0.012579	
0.905572	0.082158	0.012270	
0.081345	0.601188	0.317466	
0.002427	0.050703	0.946870	
0.007039	0.258241	0.734720	
0.839251	0.137387	0.023362	
0.351132	0.423803	0.225065	
0.006246	0.419997	0.573756	
0.016519	0.628533	0.354948	
0.308835	0.242699	0.448465	
0.002474	0.055593	0.941933	
0.000037	0.004176	0.995787	
0.000197	0.007223	0.992579	
0.049485	0.633069	0.317446	
0.007726	0.366390	0.625884	
0.400804	0.418078	0.181117	
0.304687	0.420751	0.274562	
0.271455	0.555100	0.173445	
0.870675	0.117771	0.011554	
0.005051	0.177986	0.816962	
0.000009	0.000890	0.999101	
0.101860	0.597508	0.300632	
0.008865	0.204249	0.786886	
0.470294	0.371033	0.158674	
0.001581	0.036362	0.962058	
0.415745	0.472501	0.111755	
0.894164	0.094196	0.011640	
0.456058	0.310099	0.233843	
0.006116	0.675041	0.318843	
0.003912	0.333860	0.662228	
0.010251	0.631383	0.358366	
0.004801	0.093981	0.901218	
0.455381	0.327290	0.217329	
0.024532	0.572533	0.402935	
0.239245	0.529402	0.231354	
0.001222	0.028517	0.970261	
0.258909	0.314364	0.426726	
0.004048	0.501980	0.493972	
0.023224	0.145690	0.831086	
0.002764	0.363049	0.634187	
0.002728	0.038935	0.958336	
0.394816	0.405434	0.199750	
0.003670	0.268933	0.727396	
0.009078	0.057300	0.933622	
0.000349	0.006969	0.992682	
0.001069	0.034269	0.964661	
0.003651	0.485293	0.511057	
0.001923	0.032428	0.965649	
0.004850	0.087426	0.907724	
0.002605	0.054123	0.943273	
0.003874	0.356249	0.639878	
0.007475	0.559605	0.432920	
0.012395	0.223399	0.764206	
0.063229	0.190657	0.746114	
0.657636	0.250361	0.092003	
0.008197	0.505883	0.485921	
0.668151	0.227744	0.104104	
0.124301	0.357454	0.518244	
0.009805	0.648601	0.341594	
0.008005	0.479572	0.512423	
0.003091	0.119234	0.877675	
0.002831	0.173577	0.823591	
0.535379	0.238982	0.225638	
0.006654	0.410993	0.582353	
0.015375	0.314452	0.670173	
0.053951	0.389966	0.556084	
0.183076	0.303004	0.513921	
0.036446	0.325766	0.637788	
0.006482	0.386788	0.606730	
0.040188	0.568664	0.391148	
0.006041	0.029980	0.963979	
0.000509	0.015235	0.984257	
0.000590	0.019526	0.979884	
0.349847	0.519293	0.130861	
0.005986	0.635741	0.358273	
0.007634	0.296061	0.696305	
0.003339	0.127757	0.868904	
0.000105	0.008403	0.991493	
0.029011	0.308608	0.662381	
0.003104	0.188252	0.808644	
0.003753	0.404850	0.591396	
0.022225	0.144838	0.832937	
0.049119	0.270753	0.680128	
0.015807	0.585082	0.399111	
0.000089	0.004267	0.995644	
0.004691	0.530453	0.464856	
0.021117	0.297037	0.681846	
0.003464	0.373889	0.622647	
0.003294	0.052660	0.944046	
0.004110	0.290135	0.705755	
0.006998	0.337029	0.655972	
0.011998	0.218348	0.769654	
0.007570	0.275110	0.717320	
0.005870	0.346397	0.647733	
0.005787	0.524815	0.469398	
0.006929	0.699209	0.293862	
0.004727	0.242119	0.753154	
0.058117	0.614458	0.327425	
0.226310	0.592494	0.181196	
0.001952	0.121835	0.876213	
0.001846	0.110221	0.887933	
0.019448	0.242126	0.738426	
0.008206	0.477555	0.514239	
0.006614	0.119631	0.873755	
0.008513	0.549486	0.442001	
0.031921	0.152028	0.816052	
0.017736	0.341420	0.640844	
0.005081	0.633114	0.361805	
0.005180	0.453415	0.541404	
0.001510	0.033765	0.964725	
0.725350	0.102159	0.172490	
0.001005	0.029541	0.969454	
0.332464	0.443362	0.224174	
0.007842	0.324636	0.667523	
0.000414	0.010802	0.988784	
0.567491	0.314319	0.118191	
0.010371	0.406865	0.582764	
0.013721	0.478355	0.507923	
0.014829	0.579133	0.406038	
0.004805	0.200779	0.794416	
0.003655	0.527563	0.468783	
0.001224	0.021015	0.977761	
0.004108	0.187347	0.808544	
0.005448	0.287871	0.706680	
0.818094	0.156983	0.024923	
0.582784	0.279529	0.137687	
0.361356	0.399891	0.238753	
0.861056	0.117675	0.021270	
0.000774	0.044047	0.955178	
0.026368	0.074774	0.898858	
0.001605	0.068286	0.930108	
0.217533	0.550742	0.231725	
0.010939	0.593739	0.395322	
0.034404	0.412020	0.553576	
0.118833	0.670749	0.210418	
0.010224	0.130704	0.859072	
0.006077	0.351608	0.642315	
0.002095	0.073750	0.924155	
0.004593	0.604607	0.390800	
0.055502	0.255684	0.688814	
0.678459	0.283963	0.037578	
0.002218	0.077311	0.920472	
0.369155	0.436728	0.194118	
0.004553	0.285927	0.709519	
0.008143	0.384000	0.607857	
0.171212	0.298481	0.530307	
0.000163	0.010394	0.989443	
0.033863	0.437329	0.528808	
0.020887	0.339882	0.639231	
0.021421	0.381085	0.597494	
0.005656	0.354079	0.640264	
0.004714	0.318717	0.676570	
0.007630	0.438443	0.553927	
0.119680	0.488251	0.392069	
0.017900	0.430971	0.551129	
0.006879	0.603530	0.389591	
0.018103	0.355443	0.626455	
0.015888	0.659688	0.324425	
0.201798	0.460362	0.337841	
0.213639	0.459526	0.326836	
0.004154	0.402437	0.593408	
0.014493	0.602833	0.382674	
0.015879	0.087124	0.896997	
0.665157	0.255533	0.079310	
0.000662	0.012842	0.986496	
0.002990	0.319848	0.677162	
0.002033	0.135409	0.862557	
0.017905	0.662607	0.319488	
0.011694	0.585386	0.402920	
0.288763	0.466934	0.244303	
0.222101	0.381047	0.396852	
0.000174	0.031585	0.968242	
0.001939	0.047680	0.950381	
0.003220	0.142174	0.854606	
0.001062	0.039100	0.959838	
0.136956	0.367890	0.495155	
0.008420	0.317207	0.674373	
0.162394	0.669105	0.168501	
0.005596	0.289211	0.705192	
0.211043	0.315007	0.473949	
0.807009	0.164249	0.028742	
0.004923	0.522058	0.473020	
0.004827	0.151666	0.843507	
0.008654	0.316361	0.674985	
0.007519	0.471813	0.520668	
0.383457	0.456570	0.159973	
0.018043	0.279956	0.702001	
0.010326	0.554017	0.435657	
0.029693	0.328214	0.642093	
0.005617	0.250280	0.744103	
0.018772	0.423295	0.557934	
0.486568	0.394973	0.118459	
0.003363	0.107170	0.889467	
0.705830	0.217065	0.077105	
0.005517	0.128616	0.865867	
0.088730	0.231528	0.679742	
0.210675	0.609894	0.179431	
0.007732	0.257463	0.734805	
0.818581	0.152724	0.028695	
0.002837	0.131897	0.865266	
0.535672	0.346534	0.117793	
0.004716	0.115047	0.880237	
0.703855	0.236589	0.059556	
0.378889	0.298311	0.322800	
0.009013	0.171959	0.819028	
0.001324	0.034538	0.964138	
0.006688	0.481204	0.512108	
0.007047	0.644307	0.348646	
0.004139	0.359329	0.636532	
0.342992	0.403113	0.253895	
0.000004	0.000438	0.999558	
0.013498	0.569966	0.416535	
0.035910	0.149867	0.814224	
0.000006	0.000739	0.999255	
0.592063	0.320228	0.087710	
0.079543	0.243166	0.677291	
0.015875	0.166300	0.817825	
0.725314	0.234909	0.039778	
0.001490	0.027823	0.970687	
0.006698	0.397018	0.596284	
0.015092	0.163082	0.821825	
0.317657	0.520645	0.161698	
0.895735	0.092763	0.011502	
0.010448	0.383058	0.606493	
0.248055	0.333799	0.418147	
0.000465	0.014326	0.985209	
0.013086	0.391599	0.595315	
0.014541	0.278497	0.706961	
0.000971	0.024183	0.974846	
0.005673	0.065101	0.929226	
0.000164	0.005621	0.994215	
0.013966	0.095029	0.891005	
0.000470	0.017935	0.981595	
0.327463	0.477902	0.194634	
0.000698	0.044058	0.955245	
0.010676	0.388038	0.601286	
0.003286	0.144970	0.851743	
0.034356	0.594794	0.370850	
0.000577	0.009482	0.989942	
0.764687	0.202391	0.032922	
0.473352	0.360756	0.165891	
0.003300	0.087710	0.908990	
0.480554	0.376300	0.143146	
0.000500	0.014874	0.984626	
0.200472	0.353365	0.446163	
0.000598	0.024104	0.975298	
0.187675	0.219522	0.592803	
0.058094	0.175674	0.766232	
0.054452	0.621584	0.323965	
0.012219	0.546179	0.441602	
0.022879	0.475605	0.501517	
0.378940	0.362473	0.258588	
0.854345	0.122134	0.023520	
0.000654	0.013921	0.985425	
0.229610	0.304437	0.465953	
0.004612	0.473600	0.521788	
0.155410	0.480666	0.363924	
0.078477	0.636095	0.285429	
0.008293	0.129645	0.862063	
0.632669	0.292065	0.075266	
0.008014	0.067251	0.924735	
0.012170	0.407415	0.580415	
0.272223	0.448764	0.279013	
0.020191	0.512346	0.467463	
0.038009	0.560919	0.401072	
0.000003	0.000592	0.999405	
0.388985	0.397527	0.213488	
0.007861	0.254533	0.737606	
0.002753	0.095016	0.902231	
0.254906	0.297486	0.447607	
0.014564	0.602832	0.382604	
0.077555	0.434990	0.487455	
0.143833	0.565737	0.290431	
0.007489	0.234480	0.758031	
0.006747	0.488880	0.504373	
0.007510	0.458329	0.534161	
0.398400	0.361770	0.239829	
0.013484	0.631929	0.354587	
0.001770	0.066794	0.931436	
0.005815	0.404051	0.590135	
0.091943	0.474218	0.433839	
0.005287	0.267139	0.727574	
0.402023	0.405817	0.192160	
0.008912	0.353962	0.637126	
0.001214	0.020633	0.978153	
0.004532	0.081831	0.913637	
0.064396	0.401137	0.534467	
0.001066	0.028935	0.969999	
0.009243	0.539751	0.451006	
0.001944	0.097475	0.900582	
0.004989	0.405661	0.589350	
0.877657	0.106714	0.015629	
0.007529	0.533353	0.459118	
0.068198	0.645668	0.286134	
0.011322	0.649853	0.338825	
0.093717	0.297640	0.608642	
0.237410	0.337111	0.425479	
0.115784	0.644307	0.239909	
0.643402	0.287622	0.068976	
0.017788	0.180441	0.801771	
0.006578	0.327675	0.665747	
0.001975	0.056880	0.941145	
0.003773	0.150313	0.845913	
0.000604	0.020673	0.978723	
0.004553	0.285927	0.709519	
0.287402	0.369794	0.342804	
0.175591	0.337943	0.486465	
0.153430	0.588152	0.258418	
0.009213	0.528994	0.461793	
0.773412	0.182453	0.044135	
0.011197	0.334190	0.654614	
0.003310	0.039327	0.957363	
0.031076	0.349456	0.619468	
0.000558	0.019881	0.979561	
0.002717	0.074138	0.923145	
0.459939	0.452303	0.087758	
0.010409	0.320554	0.669037	
0.007364	0.483176	0.509460	
0.004668	0.067983	0.927349	
0.104675	0.142908	0.752417	
0.421485	0.401996	0.176519	
0.003345	0.174444	0.822211	
0.688519	0.227095	0.084387	
0.085101	0.647135	0.267764	
0.001445	0.161516	0.837039	
0.598076	0.328714	0.073211	
0.001642	0.038899	0.959459	
0.535977	0.350839	0.113184	
0.000118	0.005368	0.994513	
0.008243	0.427085	0.564672	
0.221758	0.642609	0.135633	
0.013505	0.397463	0.589031	
0.650484	0.287980	0.061535	
0.006594	0.365823	0.627583	
0.014967	0.224220	0.760813	
0.222613	0.422648	0.354738	
0.616322	0.306293	0.077385	
0.066720	0.641887	0.291393	
0.028758	0.618134	0.353109	
0.060498	0.471610	0.467893	
0.009523	0.444106	0.546371	
0.268347	0.517841	0.213812	
0.946375	0.049636	0.003989	
0.628743	0.301591	0.069665	
0.738739	0.222111	0.039151	
0.893562	0.097152	0.009285	
0.645361	0.285864	0.068775	
0.555870	0.337845	0.106285	
0.371196	0.417066	0.211738	
0.667411	0.270690	0.061899	
0.001259	0.041489	0.957252	
0.010450	0.406261	0.583289	
0.824786	0.155884	0.019330	
0.008992	0.520181	0.470826	
0.645370	0.273892	0.080738	
0.344320	0.502221	0.153458	
0.517621	0.367515	0.114864	
0.008405	0.565495	0.426100	
0.723608	0.228374	0.048018	
0.525562	0.369736	0.104701	
0.021881	0.568514	0.409605	
0.465036	0.331995	0.202969	
0.043875	0.631020	0.325105	
0.301338	0.374754	0.323908	
0.211004	0.574268	0.214729	
0.423411	0.332477	0.244112	
0.495373	0.353560	0.151067	
0.356937	0.405498	0.237565	
0.524896	0.387113	0.087991	
0.791524	0.180529	0.027948	
0.001474	0.023083	0.975443	
0.606968	0.224373	0.168659	
0.009784	0.161144	0.829072	
0.094295	0.590997	0.314708	
0.291653	0.517849	0.190498	
0.032308	0.643513	0.324179	
0.000296	0.008222	0.991482	
0.004678	0.640278	0.355044	
0.001188	0.074470	0.924342	
0.541601	0.328233	0.130166	
0.022936	0.656095	0.320969	
0.257151	0.585750	0.157099	
0.015817	0.407992	0.576190	
0.605014	0.315084	0.079902	
0.261840	0.564292	0.173868	
0.022139	0.573745	0.404116	
0.216456	0.361598	0.421946	
0.004844	0.435452	0.559704	
0.742881	0.162865	0.094254	
0.021121	0.595695	0.383185	
0.036665	0.687524	0.275811	
0.720974	0.214442	0.064584	
0.553124	0.343809	0.103067	
0.015713	0.419375	0.564912	
0.008589	0.620825	0.370586	
0.021072	0.532438	0.446490	
0.357376	0.375529	0.267095	
0.117019	0.364781	0.518201	
0.023660	0.566316	0.410024	
0.425685	0.395706	0.178609	
0.496617	0.403929	0.099454	
0.013402	0.536306	0.450292	
0.246191	0.565125	0.188684	
0.087424	0.690112	0.222464	
0.731250	0.225445	0.043305	
0.067589	0.753958	0.178452	
0.096634	0.635448	0.267918	
0.581398	0.312504	0.106098	
0.856941	0.129435	0.013624	
0.876256	0.112470	0.011274	
0.916841	0.076987	0.006172	
0.294734	0.592382	0.112884	
0.906619	0.085182	0.008199	
0.897280	0.093435	0.009285	
0.673266	0.287090	0.039644	
0.699178	0.250241	0.050582	
0.002068	0.019129	0.978803	
0.870628	0.115961	0.013411	
0.163971	0.474412	0.361616	
0.269711	0.555807	0.174482	
0.000640	0.013691	0.985669	
0.288788	0.559514	0.151698	
0.548652	0.325530	0.125818	
0.894480	0.094233	0.011287	
0.410933	0.470092	0.118976	
0.025778	0.647405	0.326817	
0.012798	0.703854	0.283347	
0.029358	0.784028	0.186614	
0.005388	0.708793	0.285819	
0.008774	0.512944	0.478282	
0.053102	0.366777	0.580121	
0.199708	0.647496	0.152796	
0.315451	0.468022	0.216527	
0.041375	0.731485	0.227140	
0.225372	0.352442	0.422186	
0.039798	0.219061	0.741142	
0.021212	0.724514	0.254273	
0.258722	0.545867	0.195411	
0.824680	0.149013	0.026307	
0.180776	0.670613	0.148611	
0.009157	0.438210	0.552633	
0.212261	0.617184	0.170555	
0.006239	0.661982	0.331778	
0.369258	0.483352	0.147390	
0.330921	0.503802	0.165277	
0.003846	0.102601	0.893553	
0.074816	0.114506	0.810678	
0.617398	0.307777	0.074825	
0.727223	0.203675	0.069103	
0.368175	0.531255	0.100571	
0.221623	0.593919	0.184457	
0.098902	0.652874	0.248224	
0.699839	0.258891	0.041270	
0.057454	0.598563	0.343984	
0.433856	0.473415	0.092728	
0.920717	0.074832	0.004452	
0.013034	0.637057	0.349909	
0.025925	0.760637	0.213438	
0.131221	0.672807	0.195972	
0.609497	0.307421	0.083082	
0.358430	0.395499	0.246071	
0.089489	0.716616	0.193895	
0.061066	0.669566	0.269368	
0.139350	0.656116	0.204535	
0.480062	0.383530	0.136407	
0.493354	0.386483	0.120163	
0.473273	0.444645	0.082082	
0.689453	0.243993	0.066554	
0.053400	0.685187	0.261413	
0.366701	0.385754	0.247545	
0.391605	0.505971	0.102425	
0.029263	0.409601	0.561136	
0.223145	0.598777	0.178078	
0.207728	0.606715	0.185557	
0.013886	0.556159	0.429955	
0.034113	0.407294	0.558593	
0.008950	0.633586	0.357464	
0.123311	0.304007	0.572682	
0.535355	0.394269	0.070376	
0.009727	0.608242	0.382031	
0.011668	0.641636	0.346696	
0.540579	0.388917	0.070505	
0.184094	0.690281	0.125624	
0.513272	0.354368	0.132359	
0.319469	0.488701	0.191830	
0.017249	0.103509	0.879242	
0.789340	0.183562	0.027098	
0.314291	0.500361	0.185348	
0.309900	0.293946	0.396154	
0.004720	0.607347	0.387933	
0.010088	0.576467	0.413445	
0.556280	0.329290	0.114430	
0.000095	0.007397	0.992509	
0.287566	0.524429	0.188005	
0.091174	0.667668	0.241158	
0.007424	0.677464	0.315112	
0.523791	0.363693	0.112516	
0.000028	0.002345	0.997628	
0.002152	0.080664	0.917184	
0.122318	0.472579	0.405103	
0.004153	0.176342	0.819506	
0.006687	0.447694	0.545618	
0.429326	0.416943	0.153730	
0.017502	0.397232	0.585266	
0.005782	0.586395	0.407824	
0.367652	0.346336	0.286012	
0.034903	0.726661	0.238437	
0.117694	0.325463	0.556842	
0.011938	0.337489	0.650574	
0.007916	0.483409	0.508675	
0.015504	0.649259	0.335237	
0.047131	0.464794	0.488075	
0.016496	0.415574	0.567930	
0.005368	0.225511	0.769121	
0.007563	0.565798	0.426639	
0.006142	0.478199	0.515659	
0.003898	0.495194	0.500908	
0.000222	0.008648	0.991130	
0.006896	0.562824	0.430280	
0.002308	0.090462	0.907231	
0.005806	0.041212	0.952982	
0.004188	0.087404	0.908408	
0.006787	0.189498	0.803716	
0.009785	0.332994	0.657221	
0.004998	0.280914	0.714087	
0.403258	0.428253	0.168489	
0.471749	0.362180	0.166070	
0.001953	0.058471	0.939576	
0.008750	0.501578	0.489672	
0.008530	0.609569	0.381901	
0.006123	0.517719	0.476158	
0.002287	0.432273	0.565440	
0.004202	0.643665	0.352133	
0.003485	0.089216	0.907299	
0.018086	0.360304	0.621610	
0.003484	0.548250	0.448266	
0.003921	0.189148	0.806932	
0.033501	0.662874	0.303624	
0.593099	0.293443	0.113458	
0.002734	0.128375	0.868890	
0.071770	0.238069	0.690161	
0.007698	0.190626	0.801676	
0.003557	0.351837	0.644606	
0.013567	0.579507	0.406927	
0.017673	0.698211	0.284117	
0.017953	0.515875	0.466172	
0.068669	0.621603	0.309728	
0.008511	0.496584	0.494905	
0.008492	0.629893	0.361615	
0.036136	0.635003	0.328861	
0.269865	0.537174	0.192961	
0.005333	0.085175	0.909492	
0.214034	0.457985	0.327981	
0.010183	0.373968	0.615849	
0.010144	0.251483	0.738374	
0.006886	0.110091	0.883024	
0.489279	0.303801	0.206920	
0.097105	0.270102	0.632793	
0.007357	0.508623	0.484020	
0.010097	0.551080	0.438823	
0.006411	0.140665	0.852923	
0.444558	0.371523	0.183919	
0.023031	0.324100	0.652869	
0.011985	0.556428	0.431587	
0.005984	0.419565	0.574452	
0.031396	0.537576	0.431028	
0.142468	0.529854	0.327677	
0.035022	0.531913	0.433065	
0.512827	0.360226	0.126947	
0.001149	0.021460	0.977391	
0.000006	0.002001	0.997993	
0.783553	0.176599	0.039848	
0.024170	0.468132	0.507699	
0.015784	0.629895	0.354321	
0.002660	0.058460	0.938880	
0.003081	0.468517	0.528402	
0.024197	0.314296	0.661508	
0.004684	0.080504	0.914812	
0.009278	0.211608	0.779114	
0.006336	0.226903	0.766761	
0.089111	0.553379	0.357509	
0.006876	0.384310	0.608814	
0.009836	0.332993	0.657172	
0.011257	0.432178	0.556565	
0.021163	0.286409	0.692428	
0.006405	0.360313	0.633282	
0.008633	0.117485	0.873882	
0.131868	0.576133	0.291999	
0.415979	0.444532	0.139489	
0.292243	0.511900	0.195857	
0.020860	0.325749	0.653392	
0.008889	0.383493	0.607619	
0.008372	0.332355	0.659273	
0.007884	0.576717	0.415398	
0.007512	0.073687	0.918800	
0.016197	0.630194	0.353609	
0.014010	0.237205	0.748785	
0.444633	0.429593	0.125774	
0.082297	0.428659	0.489044	
0.006941	0.225191	0.767868	
0.327382	0.451073	0.221545	
0.001394	0.032608	0.965998	
0.005624	0.336877	0.657499	
0.010271	0.260852	0.728877	
0.003480	0.087318	0.909202	
0.031320	0.577866	0.390815	
0.005429	0.618479	0.376091	
0.005708	0.260269	0.734023	
0.000593	0.041542	0.957864	
0.005579	0.240866	0.753555	
0.013748	0.232149	0.754103	
0.008078	0.498822	0.493100	
0.009975	0.498503	0.491522	
0.007924	0.522874	0.469203	
0.011066	0.594779	0.394155	
0.008358	0.403284	0.588359	
0.242047	0.563751	0.194202	
0.006336	0.235053	0.758610	
0.876414	0.109219	0.014367	
0.004483	0.454314	0.541203	
0.007822	0.534162	0.458015	
0.004486	0.335551	0.659963	
0.011683	0.345609	0.642708	
0.008584	0.300124	0.691292	
0.007697	0.546754	0.445550	
0.007719	0.604735	0.387545	
0.005383	0.420437	0.574179	
0.007423	0.674650	0.317927	
0.706006	0.241722	0.052272	
0.005941	0.188996	0.805063	
0.006727	0.243801	0.749472	
0.001288	0.041425	0.957287	
0.000229	0.009970	0.989801	
0.355281	0.478713	0.166006	
0.008734	0.396955	0.594311	
0.010537	0.539581	0.449882	
0.002265	0.078454	0.919281	
0.005837	0.367164	0.626999	
0.001985	0.032245	0.965770	
0.394949	0.354525	0.250527	
0.004542	0.075870	0.919589	
0.010014	0.371004	0.618981	
0.007648	0.495567	0.496785	
0.023784	0.593052	0.383164	
0.005827	0.293502	0.700671	
0.423266	0.355937	0.220796	
0.003279	0.061586	0.935136	
0.007796	0.571446	0.420758	
0.001545	0.205919	0.792536	
0.007804	0.654840	0.337357	
0.034437	0.474020	0.491543	
0.006452	0.522875	0.470673	
0.371814	0.433336	0.194850	
0.006097	0.357452	0.636451	
0.023311	0.586992	0.389698	
0.002833	0.298067	0.699101	
0.179794	0.456772	0.363434	
0.227887	0.642309	0.129805	
0.488202	0.384707	0.127091	
0.001607	0.094897	0.903496	
0.002935	0.251130	0.745935	
0.007303	0.206432	0.786266	
0.000993	0.021115	0.977892	
0.339100	0.403133	0.257767	
0.007879	0.436964	0.555157	
0.006694	0.528685	0.464621	
0.313171	0.488423	0.198407	
0.033516	0.241554	0.724931	
0.006610	0.386973	0.606417	
0.009029	0.291161	0.699811	
0.007677	0.437196	0.555126	
0.314401	0.481219	0.204380	
0.363173	0.526448	0.110378	
0.042088	0.614582	0.343330	
0.015470	0.390042	0.594487	
0.049152	0.628609	0.322239	
0.214097	0.407280	0.378623	
0.314046	0.427056	0.258898	
0.555444	0.332715	0.111841	
0.493037	0.340478	0.166485	
0.007029	0.335496	0.657475	
0.029229	0.676863	0.293907	
0.190453	0.325282	0.484265	
0.341262	0.377821	0.280916	
0.386680	0.465088	0.148232	
0.030524	0.640449	0.329027	
0.398476	0.445169	0.156355	
0.011660	0.466034	0.522306	
0.001570	0.019990	0.978441	
0.006492	0.372799	0.620708	
0.502762	0.350787	0.146451	
0.034647	0.244607	0.720746	
0.008034	0.221580	0.770386	
0.246479	0.589144	0.164376	
0.566671	0.336431	0.096898	
0.015839	0.708570	0.275591	
0.019125	0.232583	0.748292	
0.213542	0.414287	0.372171	
0.016921	0.066074	0.917005	
0.020459	0.193904	0.785637	
0.574866	0.325696	0.099438	
0.565853	0.297809	0.136338	
0.006557	0.210335	0.783108	
0.001628	0.031919	0.966453	
0.008491	0.514525	0.476984	
0.359332	0.397296	0.243372	
0.239722	0.558672	0.201606	
0.672270	0.264228	0.063502	
0.221472	0.591112	0.187416	
0.557874	0.318816	0.123310	
0.040609	0.286674	0.672716	
0.178252	0.398355	0.423393	
0.334918	0.390034	0.275047	
0.309445	0.454947	0.235608	
0.122736	0.432501	0.444763	
0.005352	0.686264	0.308384	
0.130084	0.589369	0.280547	
0.011836	0.534714	0.453450	
0.020541	0.548705	0.430754	
0.072605	0.690756	0.236639	
0.666362	0.267679	0.065960	
0.207548	0.162336	0.630116	
0.031598	0.142195	0.826207	
0.006953	0.574656	0.418391	
0.480750	0.370013	0.149237	
0.266824	0.589717	0.143458	
0.004975	0.611794	0.383231	
0.051784	0.645644	0.302573	
0.005215	0.695445	0.299340	
0.547391	0.342576	0.110034	
0.027762	0.682534	0.289704	
0.007299	0.384119	0.608582	
0.562190	0.310332	0.127478	
0.025368	0.696529	0.278103	
0.012609	0.325359	0.662032	
0.087483	0.600918	0.311599	
0.032058	0.678995	0.288947	
0.082085	0.085023	0.832891	
0.114347	0.502143	0.383511	
0.002766	0.517681	0.479553	
0.383084	0.455565	0.161351	
0.011524	0.713068	0.275408	
0.007186	0.426941	0.565873	
0.000676	0.045651	0.953673	
0.005285	0.575544	0.419171	
0.024072	0.643003	0.332925	
0.010219	0.108014	0.881767	
0.002382	0.591927	0.405691	
0.000523	0.012786	0.986691	
0.007314	0.602283	0.390404	
0.878964	0.110497	0.010539	
0.045328	0.657822	0.296850	
0.005804	0.389575	0.604621	
0.007252	0.576719	0.416029	
0.491458	0.402850	0.105691	
0.011498	0.607969	0.380533	
0.009493	0.369515	0.620992	
0.084408	0.564086	0.351505	
0.005645	0.368178	0.626177	
0.634843	0.266262	0.098895	
0.007404	0.592050	0.400545	
0.376105	0.392618	0.231277	
0.706182	0.241021	0.052797	
0.011338	0.480267	0.508395	
0.008323	0.477958	0.513718	
0.014982	0.643187	0.341831	
0.114740	0.560893	0.324367	
0.011072	0.406616	0.582312	
0.011230	0.603955	0.384815	
0.007957	0.142306	0.849737	
0.036117	0.142862	0.821021	
0.053945	0.460421	0.485634	
0.116749	0.559173	0.324078	
0.002334	0.099234	0.898431	
0.667360	0.266374	0.066266	
0.010407	0.450999	0.538594	
0.018759	0.157749	0.823491	
0.025716	0.681717	0.292567	
0.084463	0.368038	0.547500	
0.041626	0.258373	0.700002	
0.106440	0.655378	0.238182	
0.025506	0.088396	0.886098	
0.000085	0.005576	0.994339	
0.051703	0.272256	0.676041	
0.005983	0.228023	0.765994	
0.263931	0.479091	0.256979	
0.014528	0.673061	0.312412	
0.040697	0.476075	0.483228	
0.002111	0.036591	0.961298	
0.003692	0.062313	0.933996	
0.010853	0.500156	0.488991	
0.011476	0.263387	0.725137	
0.769356	0.187068	0.043576	
0.015261	0.052636	0.932102	
0.087376	0.191478	0.721146	
0.007454	0.444496	0.548050	
0.065328	0.615497	0.319174	
0.532674	0.349729	0.117597	
0.140639	0.590703	0.268658	
0.455380	0.375243	0.169377	
0.608199	0.313654	0.078147	
0.007677	0.181491	0.810832	
0.023304	0.677792	0.298904	
0.045541	0.125471	0.828988	
0.008420	0.572930	0.418650	
0.468572	0.340782	0.190646	
0.744096	0.225125	0.030779	
0.007887	0.354161	0.637952	
0.727875	0.228665	0.043460	
0.082330	0.612925	0.304745	
0.040741	0.698656	0.260603	
0.752805	0.215842	0.031354	
0.001093	0.027301	0.971606	
0.010346	0.405157	0.584497	
0.008099	0.183088	0.808813	
0.010222	0.366121	0.623657	
0.009381	0.668022	0.322596	
0.353939	0.402630	0.243431	
0.582096	0.338052	0.079853	
0.069357	0.304828	0.625815	
0.008583	0.620484	0.370933	
0.011491	0.696465	0.292045	
0.008056	0.524473	0.467471	
0.033500	0.142366	0.824135	
0.023703	0.529606	0.446691	
0.073541	0.664382	0.262077	
0.034260	0.228276	0.737464	
0.006140	0.321433	0.672427	
0.000751	0.019501	0.979748	
0.000456	0.008848	0.990695	
0.866158	0.117938	0.015903	
0.022909	0.250924	0.726167	
0.021631	0.396393	0.581976	
0.486952	0.316477	0.196571	
0.016526	0.404105	0.579369	
0.005027	0.175785	0.819188	
0.018459	0.525946	0.455596	
0.009843	0.430509	0.559648	
0.088999	0.436489	0.474512	
0.326125	0.414191	0.259684	
0.016948	0.285408	0.697643	
0.008441	0.342690	0.648869	
0.268188	0.472483	0.259329	
0.007035	0.076474	0.916491	
0.014015	0.095741	0.890244	
0.087961	0.635403	0.276636	
0.137060	0.599730	0.263210	
0.001968	0.068646	0.929385	
0.148758	0.289915	0.561327	
0.005867	0.166138	0.827994	
0.009239	0.375333	0.615428	
0.642239	0.231273	0.126488	
0.019065	0.517781	0.463155	
0.006304	0.228948	0.764748	
0.003386	0.031773	0.964840	
0.141241	0.276419	0.582340	
0.009044	0.272221	0.718736	
0.000751	0.023391	0.975858	
0.100556	0.584053	0.315391	
0.023945	0.336513	0.639542	
0.246545	0.475679	0.277776	
0.005803	0.693814	0.300383	
0.004566	0.188720	0.806715	
0.585222	0.319037	0.095741	
0.000409	0.012446	0.987145	
0.267586	0.341599	0.390814	
0.010838	0.393711	0.595452	
0.541393	0.330453	0.128154	
0.061914	0.568509	0.369576	
0.944035	0.052965	0.003000	
0.027245	0.436880	0.535874	
0.005385	0.479819	0.514796	
0.026663	0.472110	0.501227	
0.607106	0.301574	0.091320	
0.023209	0.351397	0.625394	
0.204858	0.363586	0.431555	
0.058043	0.335176	0.606780	
0.033401	0.662498	0.304100	
0.004556	0.161992	0.833453	
0.005677	0.036603	0.957719	
0.002545	0.547361	0.450094	
0.000073	0.003985	0.995942	
0.760955	0.209210	0.029835	
0.017137	0.584785	0.398078	
0.005712	0.195470	0.798819	
0.000359	0.014149	0.985492	
0.062099	0.205528	0.732374	
0.230921	0.455208	0.313871	
0.526530	0.333269	0.140200	
0.006323	0.233789	0.759888	
0.032537	0.310916	0.656547	
0.000106	0.004555	0.995339	
0.365780	0.326653	0.307567	
0.299376	0.419129	0.281494	
0.004451	0.127353	0.868196	
0.233212	0.338516	0.428272	
0.172450	0.280846	0.546704	
0.004715	0.029121	0.966164	
0.002706	0.038979	0.958315	
0.299800	0.493303	0.206897	
0.010948	0.628670	0.360381	
0.000004	0.000568	0.999429	
0.336658	0.393366	0.269976	
0.253289	0.460473	0.286238	
0.000017	0.001874	0.998109	
0.003242	0.161336	0.835422	
0.283466	0.169615	0.546919	
0.010053	0.595729	0.394218	
0.005675	0.169683	0.824641	
0.481309	0.258494	0.260196	
0.007248	0.103639	0.889113	
0.447036	0.401580	0.151384	
0.001432	0.035379	0.963190	
0.000138	0.005758	0.994103	
0.000496	0.018216	0.981288	
0.029583	0.495300	0.475118	
0.000046	0.003960	0.995993	
0.000153	0.006134	0.993714	
0.544551	0.357489	0.097959	
0.094072	0.632792	0.273137	
0.898646	0.085955	0.015400	
0.000932	0.032035	0.967033	
0.002128	0.101874	0.895998	
0.005982	0.296251	0.697767	
0.048711	0.630463	0.320826	
0.008375	0.242898	0.748727	
0.000049	0.009370	0.990581	
0.013871	0.099099	0.887030	
0.763439	0.204420	0.032141	
0.073937	0.519363	0.406699	
0.006699	0.415660	0.577641	
0.018916	0.386963	0.594121	
0.112709	0.500224	0.387067	
0.958241	0.038902	0.002856	
0.002048	0.051619	0.946333	
0.028577	0.675924	0.295499	
0.429079	0.338493	0.232428	
0.066929	0.335368	0.597703	
0.006557	0.098234	0.895209	
0.438819	0.401827	0.159355	
0.001645	0.060007	0.938348	
0.404297	0.333433	0.262270	
0.008038	0.273483	0.718478	
0.011293	0.326731	0.661977	
0.519554	0.356179	0.124267	
0.287711	0.571583	0.140706	
0.000049	0.003067	0.996883	
0.010561	0.254523	0.734916	
0.848344	0.133879	0.017778	
0.002114	0.018687	0.979199	
0.339498	0.556094	0.104407	
0.098096	0.351194	0.550710	
0.044331	0.716214	0.239456	
0.483785	0.403057	0.113158	
0.008848	0.693018	0.298133	
0.060877	0.635639	0.303484	
0.455377	0.402764	0.141859	
0.092500	0.727320	0.180180	
0.064178	0.452354	0.483468	
0.410163	0.489490	0.100346	
0.442746	0.401282	0.155972	
0.070069	0.738669	0.191262	
0.006447	0.161729	0.831824	
0.808416	0.170454	0.021130	
0.814233	0.162853	0.022914	
0.786563	0.187275	0.026163	
0.000889	0.032748	0.966363	
0.012452	0.438217	0.549331	
0.213366	0.438250	0.348384	
0.728030	0.237569	0.034400	
0.032035	0.740502	0.227463	
0.622855	0.278178	0.098968	
0.712560	0.244747	0.042693	
0.757832	0.216347	0.025821	
0.038160	0.303828	0.658012	
0.096264	0.686329	0.217407	
0.036499	0.223021	0.740481	
0.092795	0.629756	0.277449	
0.733549	0.232114	0.034338	
0.134091	0.376737	0.489172	
0.469667	0.419724	0.110609	
0.005098	0.112612	0.882290	
0.350660	0.536959	0.112381	
0.782351	0.198127	0.019522	
0.807576	0.172285	0.020139	
0.383697	0.332470	0.283833	
0.006677	0.373562	0.619761	
0.004700	0.649756	0.345544	
0.002337	0.261042	0.736621	
0.122780	0.647134	0.230085	
0.006876	0.662355	0.330768	
0.084160	0.260341	0.655499	
0.007770	0.308536	0.683693	
0.149444	0.609198	0.241358	
0.561584	0.286212	0.152204	
0.053581	0.584486	0.361934	
0.038302	0.136908	0.824790	
0.054226	0.664601	0.281173	
0.004045	0.134339	0.861616	
0.134432	0.682768	0.182800	
0.010347	0.661774	0.327879	
0.247977	0.548157	0.203866	
0.105281	0.531771	0.362948	
0.174734	0.655541	0.169725	
0.000029	0.002444	0.997527	
0.006085	0.376337	0.617578	
0.000385	0.011430	0.988185	
0.007761	0.687830	0.304409	
0.876539	0.100352	0.023109	
0.003376	0.320176	0.676448	
0.026754	0.638201	0.335045	
0.033338	0.732870	0.233793	
0.413819	0.355663	0.230518	
0.469793	0.405955	0.124252	
0.006630	0.324339	0.669031	
0.271167	0.553489	0.175343	
0.146185	0.625272	0.228543	
0.016885	0.657479	0.325636	
0.600431	0.325148	0.074421	
0.248543	0.171529	0.579928	
0.008421	0.596843	0.394735	
0.554376	0.340023	0.105601	
0.452888	0.427641	0.119471	
0.008588	0.112324	0.879088	
0.238976	0.172448	0.588576	
0.000171	0.012055	0.987774	
0.195673	0.654475	0.149851	
0.005148	0.737359	0.257493	
0.421652	0.442581	0.135766	
0.004720	0.071304	0.923976	
0.005845	0.687087	0.307068	
0.423155	0.477238	0.099607	
0.845449	0.133696	0.020854	
0.011068	0.481595	0.507337	
0.586255	0.329626	0.084119	
0.008271	0.498339	0.493391	
0.304396	0.510416	0.185188	
0.228697	0.629938	0.141364	
0.006901	0.660180	0.332920	
0.568278	0.348701	0.083020	
0.002564	0.116573	0.880862	
0.165784	0.437215	0.397000	
0.737220	0.218311	0.044469	
0.000188	0.009272	0.990539	
0.006701	0.439280	0.554019	
0.009309	0.375563	0.615127	
0.803030	0.168524	0.028446	
0.010161	0.322398	0.667442	
0.007958	0.503396	0.488646	
0.003638	0.124736	0.871626	
0.198626	0.347217	0.454157	
0.381102	0.355975	0.262923	
0.016758	0.131521	0.851721	
0.009446	0.607091	0.383462	
0.007198	0.370630	0.622172	
0.104209	0.407304	0.488487	
0.338136	0.458952	0.202912	
0.281152	0.421837	0.297011	
0.422641	0.364084	0.213274	
0.014329	0.253072	0.732600	
0.714298	0.239279	0.046423	
0.022329	0.345191	0.632480	
0.127056	0.475745	0.397199	
0.108748	0.576757	0.314495	
0.183243	0.658448	0.158309	
0.073164	0.478585	0.448251	
0.207616	0.243153	0.549231	
0.000809	0.022255	0.976936	
0.014797	0.613734	0.371468	
0.006795	0.527387	0.465818	
0.003109	0.056106	0.940785	
0.017745	0.470030	0.512225	
0.092133	0.449053	0.458814	
0.003425	0.110616	0.885959	
0.129832	0.564451	0.305718	
0.002925	0.113362	0.883712	
0.004965	0.382596	0.612439	
0.037476	0.197510	0.765014	
0.000080	0.002485	0.997435	
0.849334	0.137679	0.012987	
0.030096	0.176799	0.793105	
0.010846	0.263167	0.725988	
0.681279	0.244967	0.073754	
0.798317	0.174104	0.027580	
0.005303	0.331580	0.663117	
0.025160	0.157297	0.817543	
0.004412	0.341231	0.654356	
0.009127	0.172615	0.818258	
0.000362	0.018570	0.981067	
0.245032	0.569094	0.185874	
0.605947	0.306843	0.087210	
0.002225	0.553917	0.443858	
0.077719	0.595635	0.326646	
0.008477	0.194464	0.797058	
0.068408	0.719377	0.212215	
0.000020	0.001450	0.998530	
0.000212	0.007380	0.992408	
0.123570	0.556223	0.320207	
0.002407	0.067080	0.930514	
0.645488	0.292618	0.061893	
0.008189	0.326533	0.665279	
0.006439	0.409855	0.583706	
0.000093	0.003729	0.996178	
0.009185	0.479813	0.511002	
0.262388	0.413051	0.324560	
0.006543	0.243820	0.749638	
0.014935	0.432635	0.552430	
0.000469	0.008523	0.991008	
0.005461	0.639875	0.354664	
0.006935	0.604225	0.388839	
0.014966	0.720623	0.264411	
0.012311	0.418393	0.569296	
0.001991	0.050694	0.947315	
0.294514	0.454554	0.250932	
0.001722	0.128789	0.869489	
0.006081	0.641355	0.352564	
0.007135	0.682635	0.310229	
0.365117	0.463188	0.171695	
0.674421	0.270642	0.054937	
0.007754	0.355148	0.637098	
0.024540	0.442935	0.532525	
0.005598	0.087721	0.906681	
0.010972	0.318240	0.670788	
0.000899	0.045001	0.954100	
0.947913	0.045432	0.006655	
0.006651	0.228155	0.765194	
0.005339	0.276552	0.718108	
0.099414	0.346116	0.554470	
0.000002	0.000641	0.999357	
0.002094	0.203083	0.794823	
0.643749	0.142258	0.213993	
0.355231	0.209963	0.434807	
0.040389	0.729218	0.230393	
0.011260	0.337772	0.650967	
0.114284	0.362766	0.522950	
0.008880	0.259274	0.731847	
0.000368	0.019364	0.980268	
0.014448	0.312355	0.673197	
0.102478	0.644563	0.252959	
0.009275	0.236268	0.754456	
0.486420	0.335019	0.178562	
0.015085	0.595294	0.389622	
0.005301	0.490041	0.504658	
0.001116	0.024351	0.974532	
0.029491	0.716350	0.254160	
0.326387	0.543315	0.130298	
0.010103	0.763503	0.226394	
0.078794	0.689767	0.231438	
0.007346	0.216900	0.775754	
0.003355	0.132771	0.863874	
0.005312	0.096555	0.898132	
0.199116	0.523570	0.277314	
0.704874	0.240790	0.054336	
0.250235	0.448337	0.301428	
0.074988	0.272444	0.652568	
0.000021	0.001388	0.998591	
0.658642	0.277578	0.063780	
0.008606	0.388363	0.603031	
0.337053	0.300841	0.362107	
0.005970	0.663598	0.330432	
0.039266	0.727786	0.232947	
0.023327	0.429240	0.547433	
0.004891	0.466485	0.528624	
0.293640	0.396161	0.310199	
0.033593	0.761650	0.204757	
0.008345	0.175661	0.815994	
0.794280	0.178451	0.027269	
0.315333	0.512238	0.172429	
0.000881	0.020577	0.978543	
0.465497	0.411727	0.122777	
0.886829	0.105201	0.007970	
0.761527	0.211337	0.027136	
0.617169	0.295518	0.087314	
0.009494	0.434795	0.555711	
0.016230	0.672725	0.311045	
0.000006	0.000480	0.999514	
0.004524	0.264490	0.730986	
0.562579	0.336232	0.101189	
0.106863	0.564329	0.328808	
0.010623	0.097743	0.891634	
0.004774	0.134049	0.861176	
0.168259	0.299661	0.532081	
0.638360	0.293401	0.068239	
0.009477	0.290550	0.699973	
0.004646	0.129402	0.865952	
0.008987	0.702161	0.288851	
0.270414	0.479680	0.249906	
0.005596	0.670252	0.324152	
0.669718	0.289810	0.040472	
0.814414	0.154072	0.031514	
0.007999	0.339355	0.652646	
0.006374	0.220507	0.773119	
0.581913	0.314067	0.104020	
0.815046	0.160833	0.024121	
0.008313	0.690322	0.301365	
0.240002	0.632384	0.127614	
0.027440	0.736871	0.235689	
0.000761	0.011250	0.987989	
0.045061	0.408025	0.546913	
0.015129	0.116451	0.868420	
0.003429	0.038632	0.957939	
0.007845	0.688555	0.303601	
0.006821	0.661875	0.331304	
0.007755	0.678679	0.313566	
0.006293	0.487334	0.506373	
0.004223	0.621696	0.374080	
0.543086	0.343450	0.113465	
0.279757	0.385912	0.334331	
0.038310	0.257442	0.704248	
0.105666	0.590523	0.303811	
0.020222	0.450592	0.529186	
0.257461	0.405794	0.336745	
0.008472	0.665837	0.325691	
0.394599	0.429385	0.176016	
0.642551	0.271162	0.086287	
0.117095	0.330311	0.552594	
0.000022	0.002287	0.997692	
0.007352	0.639258	0.353390	
0.015135	0.743275	0.241590	
0.000735	0.010119	0.989145	
0.004257	0.039751	0.955992	
0.051647	0.158256	0.790097	
0.000006	0.000894	0.999099	
0.000253	0.007368	0.992379	
0.000134	0.003359	0.996507	
0.006641	0.195018	0.798341	
0.003146	0.038848	0.958006	
0.006628	0.165448	0.827923	
0.000003	0.000396	0.999601	
0.000079	0.002989	0.996932	
0.007415	0.295917	0.696669	
0.005883	0.175011	0.819106	
0.471278	0.268118	0.260604	
0.000006	0.000672	0.999323	
0.026228	0.250995	0.722777	
0.000020	0.001753	0.998227	
0.043195	0.423000	0.533805	
0.028807	0.245966	0.725227	
0.007455	0.126825	0.865720	
0.716948	0.191758	0.091294	
0.006390	0.176104	0.817506	
0.000002	0.000460	0.999538	
0.022511	0.382958	0.594530	
0.607271	0.288945	0.103784	
0.009214	0.286573	0.704212	
0.012856	0.245381	0.741763	
0.005005	0.103588	0.891407	
0.017342	0.415253	0.567405	
0.002178	0.087711	0.910111	
0.371395	0.413427	0.215178	
0.004150	0.149798	0.846052	
0.006572	0.052327	0.941100	
0.017157	0.123681	0.859162	
0.006107	0.463949	0.529944	
0.005080	0.060871	0.934049	
0.006526	0.220794	0.772680	
0.011211	0.372780	0.616009	
0.007438	0.246834	0.745728	
0.000456	0.018962	0.980582	
0.004104	0.172197	0.823699	
0.159617	0.500553	0.339830	
0.001142	0.025625	0.973233	
0.002785	0.462826	0.534389	
0.017529	0.140683	0.841788	
0.030962	0.245012	0.724026	
0.031740	0.163252	0.805009	
0.437656	0.385731	0.176614	
0.022716	0.349201	0.628083	
0.422827	0.398663	0.178510	
0.000001	0.000338	0.999660	
0.003294	0.091495	0.905210	
0.313961	0.501134	0.184905	
0.074452	0.335707	0.589841	
0.002369	0.044144	0.953486	
0.014061	0.155646	0.830293	
0.427382	0.402109	0.170509	
0.060929	0.575095	0.363976	
0.141907	0.304621	0.553472	
0.003085	0.090140	0.906776	
0.564342	0.344334	0.091324	
0.010080	0.162827	0.827092	
0.008461	0.204076	0.787463	
0.001806	0.039005	0.959189	
0.008948	0.471877	0.519175	
0.044304	0.360018	0.595678	
0.771632	0.195225	0.033143	
0.032650	0.274966	0.692383	
0.195742	0.541201	0.263057	
0.169700	0.447387	0.382913	
0.026158	0.186130	0.787711	
0.038382	0.130951	0.830667	
0.542523	0.364230	0.093247	
0.425118	0.318839	0.256042	
0.510163	0.321484	0.168353	
0.021025	0.523965	0.455010	
0.004512	0.234451	0.761037	
0.002460	0.284041	0.713499	
0.325710	0.365901	0.308389	
0.025999	0.248555	0.725446	
0.019280	0.470974	0.509745	
0.008910	0.162361	0.828729	
0.622673	0.256376	0.120951	
0.000796	0.061035	0.938169	
0.000071	0.005317	0.994613	
0.008564	0.196460	0.794976	
0.000130	0.005321	0.994548	
0.002065	0.128060	0.869875	
0.001253	0.026823	0.971924	
0.000153	0.005824	0.994023	
0.434280	0.333204	0.232516	
0.000293	0.014483	0.985224	
0.001665	0.038275	0.960060	
0.593919	0.313536	0.092545	
0.001313	0.043870	0.954816	
0.010395	0.113228	0.876377	
0.025873	0.204748	0.769379	
0.091283	0.183062	0.725654	
0.001302	0.026024	0.972675	
0.005401	0.126232	0.868368	
0.005295	0.229871	0.764834	
0.006729	0.064701	0.928570	
0.476814	0.353789	0.169397	
0.560466	0.292656	0.146877	
0.003110	0.335703	0.661187	
0.001301	0.044729	0.953970	
0.008761	0.418650	0.572590	
0.002502	0.285503	0.711995	
0.005354	0.052443	0.942203	
0.000234	0.013817	0.985949	
0.010096	0.355429	0.634475	
0.003254	0.254318	0.742427	
0.012134	0.285798	0.702068	
0.018239	0.200697	0.781064	
0.045976	0.244994	0.709030	
0.002035	0.065481	0.932484	
0.009456	0.570641	0.419903	
0.001359	0.052431	0.946209	
0.007436	0.540881	0.451683	
0.002388	0.036014	0.961598	
0.000063	0.004601	0.995335	
0.495513	0.346240	0.158247	
0.002044	0.127208	0.870748	
0.008744	0.048804	0.942451	
0.000760	0.027526	0.971713	
0.055531	0.164603	0.779866	
0.000746	0.013589	0.985666	
0.003663	0.028112	0.968224	
0.001760	0.143487	0.854753	
0.000011	0.001173	0.998816	
0.564714	0.334497	0.100789	
0.000087	0.005496	0.994417	
0.000392	0.034512	0.965096	
0.001308	0.030237	0.968455	
0.007771	0.466568	0.525661	
0.000105	0.004935	0.994960	
0.004769	0.212438	0.782793	
0.423940	0.382016	0.194044	
0.037682	0.599389	0.362929	
0.000472	0.017384	0.982144	
0.008157	0.302044	0.689799	
0.001220	0.037298	0.961482	
0.132582	0.273194	0.594225	
0.003471	0.098299	0.898231	
0.202741	0.352201	0.445057	
0.001835	0.076448	0.921717	
0.000075	0.007302	0.992623	
0.044190	0.328513	0.627297	
0.003314	0.198851	0.797835	
0.001012	0.021280	0.977708	
0.000282	0.008765	0.990953	
0.000069	0.002648	0.997282	
0.037534	0.222986	0.739480	
