0.172158	0.688025	0.139816	
0.275558	0.473915	0.250527	
0.104774	0.239535	0.655692	
0.010175	0.400826	0.588999	
0.012308	0.759343	0.228349	
0.180075	0.555382	0.264543	
0.101042	0.627899	0.271059	
0.327850	0.344728	0.327421	
0.096316	0.696014	0.207670	
0.733956	0.216161	0.049882	
0.090693	0.496180	0.413127	
0.013351	0.507780	0.478869	
0.024957	0.779377	0.195666	
0.009416	0.063515	0.927069	
0.055749	0.812044	0.132207	
0.222494	0.333385	0.444121	
0.005295	0.596343	0.398361	
0.010294	0.506328	0.483379	
0.198692	0.558494	0.242814	
0.233437	0.611029	0.155534	
0.080786	0.697213	0.222001	
0.836617	0.132746	0.030637	
0.421447	0.344341	0.234212	
0.012943	0.164475	0.822582	
0.008451	0.329736	0.661813	
0.003084	0.517612	0.479304	
0.009104	0.624558	0.366337	
0.048416	0.830406	0.121178	
0.263626	0.618661	0.117713	
0.506430	0.387708	0.105862	
0.027365	0.105125	0.867511	
0.868429	0.113472	0.018099	
0.644517	0.313842	0.041641	
0.002416	0.068838	0.928745	
0.012939	0.476142	0.510919	
0.730175	0.223211	0.046614	
0.071642	0.546946	0.381412	
0.003367	0.724857	0.271777	
0.252372	0.431515	0.316113	
0.183935	0.562038	0.254027	
0.031989	0.709343	0.258668	
0.218191	0.610106	0.171702	
0.019896	0.721656	0.258448	
0.006282	0.680636	0.313082	
0.833402	0.142054	0.024544	
0.838016	0.143203	0.018781	
0.460178	0.250937	0.288885	
0.527980	0.398549	0.073471	
0.659032	0.326927	0.014041	
0.523516	0.439927	0.036557	
0.773566	0.185324	0.041110	
0.004386	0.376066	0.619548	
0.346069	0.381044	0.272887	
0.035011	0.309009	0.655981	
0.157219	0.630579	0.212202	
0.092383	0.556592	0.351025	
0.047300	0.540155	0.412545	
0.321335	0.534751	0.143913	
0.427669	0.454723	0.117608	
0.604657	0.293050	0.102293	
0.047772	0.164943	0.787284	
0.093818	0.745538	0.160644	
0.001550	0.030670	0.967780	
0.011213	0.693606	0.295181	
0.008329	0.690764	0.300907	
0.007150	0.661081	0.331769	
0.448805	0.377050	0.174145	
0.044186	0.521173	0.434641	
0.134977	0.603471	0.261552	
0.885447	0.100908	0.013646	
0.008040	0.836924	0.155036	
0.018825	0.723517	0.257658	
0.055277	0.684407	0.260315	
0.780823	0.194177	0.025000	
0.728816	0.222577	0.048607	
0.005743	0.427142	0.567115	
0.019825	0.571399	0.408775	
0.089050	0.234334	0.676617	
0.006830	0.522230	0.470941	
0.005369	0.749281	0.245350	
0.044837	0.317865	0.637298	
0.163409	0.502678	0.333913	
0.307423	0.550531	0.142046	
0.003760	0.531149	0.465090	
0.284155	0.490420	0.225425	
0.015330	0.448720	0.535950	
0.410552	0.288121	0.301327	
0.372256	0.553992	0.073752	
0.131604	0.470262	0.398134	
0.014504	0.212999	0.772497	
0.029128	0.665473	0.305399	
0.000411	0.058854	0.940736	
0.409121	0.450361	0.140517	
0.487435	0.412151	0.100414	
0.042011	0.312728	0.645261	
0.009767	0.406437	0.583796	
0.376935	0.380719	0.242347	
0.004566	0.151437	0.843997	
0.037821	0.323369	0.638810	
0.657176	0.277006	0.065818	
0.429753	0.473586	0.096661	
0.010124	0.431525	0.558351	
0.006731	0.124770	0.868498	
0.004756	0.693446	0.301799	
0.593927	0.340316	0.065757	
0.004764	0.722541	0.272695	
0.564287	0.324575	0.111137	
0.003196	0.379654	0.617149	
0.087865	0.329180	0.582955	
0.020725	0.669350	0.309925	
0.368746	0.476337	0.154918	
0.969329	0.029034	0.001637	
0.013129	0.374768	0.612103	
0.003712	0.073015	0.923273	
0.036304	0.663405	0.300291	
0.018277	0.771981	0.209742	
0.016430	0.611229	0.372341	
0.006375	0.235106	0.758519	
0.095760	0.290301	0.613939	
0.094309	0.594915	0.310775	
0.059359	0.527434	0.413206	
0.050273	0.643466	0.306261	
0.352871	0.486450	0.160679	
0.017807	0.558655	0.423538	
0.005367	0.053952	0.940681	
0.024944	0.822251	0.152805	
0.945637	0.050877	0.003486	
0.407661	0.366500	0.225839	
0.004351	0.600393	0.395256	
0.000665	0.021307	0.978028	
0.004007	0.050792	0.945201	
0.012307	0.767164	0.220529	
0.031536	0.699144	0.269320	
0.016959	0.583597	0.399444	
0.016788	0.573695	0.409518	
0.047032	0.406930	0.546039	
0.006173	0.665354	0.328473	
0.003483	0.124644	0.871874	
0.003019	0.087922	0.909058	
0.620656	0.292285	0.087059	
0.013415	0.675238	0.311347	
0.003863	0.339294	0.656843	
0.342399	0.456168	0.201433	
0.001436	0.171380	0.827184	
0.026715	0.439231	0.534055	
0.014617	0.472642	0.512741	
0.014624	0.734720	0.250656	
0.641065	0.272289	0.086646	
0.444470	0.444582	0.110947	
0.828454	0.144038	0.027508	
0.007735	0.258207	0.734058	
0.118046	0.633460	0.248494	
0.006685	0.628683	0.364632	
0.006776	0.762107	0.231117	
0.010356	0.501790	0.487853	
0.557597	0.216236	0.226167	
0.007072	0.442211	0.550717	
0.014746	0.663327	0.321927	
0.009706	0.206452	0.783843	
0.002916	0.122552	0.874532	
0.292882	0.413092	0.294027	
0.009885	0.303208	0.686907	
0.011924	0.769505	0.218571	
0.322272	0.369657	0.308071	
0.003864	0.667859	0.328276	
0.406240	0.379691	0.214069	
0.015795	0.087909	0.896296	
0.001617	0.032058	0.966325	
0.569371	0.379164	0.051465	
0.005910	0.726546	0.267544	
0.097151	0.298512	0.604338	
0.006508	0.747543	0.245948	
0.018069	0.182229	0.799702	
0.096177	0.315919	0.587904	
0.004216	0.331568	0.664217	
0.365906	0.501976	0.132118	
0.005394	0.464789	0.529817	
0.061198	0.439581	0.499221	
0.020055	0.765161	0.214785	
0.005058	0.525658	0.469283	
0.000193	0.007216	0.992591	
0.004402	0.353031	0.642567	
0.181177	0.416712	0.402111	
0.198131	0.536596	0.265274	
0.434803	0.369670	0.195526	
0.041950	0.701159	0.256891	
0.022331	0.812343	0.165326	
0.011172	0.404584	0.584244	
0.003725	0.470806	0.525468	
0.004149	0.492138	0.503713	
0.430562	0.493222	0.076216	
0.026700	0.757579	0.215720	
0.894527	0.099815	0.005658	
0.392103	0.423442	0.184455	
0.137734	0.343472	0.518794	
0.017580	0.729281	0.253139	
0.064469	0.669076	0.266455	
0.017230	0.631014	0.351757	
0.552707	0.421023	0.026269	
0.031281	0.748647	0.220072	
0.036266	0.755755	0.207980	
0.010003	0.786238	0.203759	
0.018075	0.694326	0.287599	
0.028062	0.259841	0.712097	
0.006127	0.116357	0.877515	
0.018752	0.455143	0.526105	
0.003053	0.074124	0.922823	
0.050066	0.811420	0.138514	
0.581432	0.252450	0.166118	
0.778678	0.191153	0.030169	
0.011632	0.855196	0.133172	
0.061928	0.134386	0.803687	
0.101569	0.607525	0.290906	
0.001743	0.114771	0.883486	
0.005629	0.688036	0.306335	
0.110216	0.233058	0.656726	
0.112638	0.496030	0.391332	
0.277907	0.526841	0.195252	
0.190472	0.689357	0.120171	
0.034945	0.760657	0.204398	
0.700953	0.227137	0.071910	
0.001551	0.033673	0.964777	
0.007223	0.051048	0.941729	
0.462579	0.457668	0.079753	
0.009269	0.519655	0.471076	
0.002871	0.056258	0.940871	
0.308248	0.521094	0.170657	
0.067041	0.380768	0.552191	
0.635931	0.322518	0.041550	
0.567724	0.323928	0.108348	
0.083258	0.725383	0.191359	
0.004899	0.577618	0.417483	
0.051388	0.732302	0.216311	
0.260324	0.665459	0.074218	
0.362273	0.483530	0.154197	
0.881294	0.108465	0.010241	
0.018478	0.734476	0.247046	
0.141409	0.659200	0.199391	
0.009470	0.715554	0.274976	
0.132826	0.643152	0.224022	
0.005522	0.121744	0.872734	
0.031765	0.743691	0.224544	
0.017637	0.684912	0.297451	
0.002724	0.112793	0.884483	
0.013842	0.790072	0.196086	
0.005488	0.502430	0.492081	
0.164183	0.499293	0.336524	
0.125772	0.685164	0.189063	
0.378488	0.407673	0.213839	
0.980501	0.018836	0.000664	
0.071692	0.639915	0.288394	
0.005259	0.704565	0.290176	
0.441526	0.355893	0.202580	
0.508402	0.375536	0.116061	
0.006405	0.094214	0.899382	
0.111785	0.356846	0.531369	
0.448591	0.460366	0.091043	
0.030484	0.557112	0.412404	
0.359566	0.431968	0.208466	
0.010904	0.639284	0.349812	
0.236731	0.708982	0.054287	
0.002540	0.064145	0.933315	
0.375346	0.510950	0.113704	
0.008903	0.703415	0.287682	
0.007469	0.127030	0.865501	
0.118420	0.541884	0.339697	
0.145765	0.732326	0.121910	
0.005895	0.593106	0.400999	
0.007282	0.060546	0.932172	
0.093136	0.671834	0.235030	
0.049222	0.774383	0.176395	
0.019309	0.091901	0.888790	
0.178661	0.618531	0.202808	
0.247466	0.636283	0.116251	
0.287153	0.508518	0.204329	
0.005301	0.166366	0.828333	
0.007475	0.152047	0.840478	
0.125517	0.367374	0.507109	
0.942985	0.052192	0.004823	
0.350972	0.522192	0.126836	
0.310939	0.378054	0.311006	
0.067789	0.777156	0.155055	
0.959483	0.038339	0.002178	
0.035774	0.212269	0.751957	
0.385520	0.530482	0.083997	
0.702073	0.175385	0.122542	
0.061682	0.207106	0.731212	
0.016940	0.617274	0.365787	
0.807276	0.168103	0.024621	
0.004671	0.662908	0.332421	
0.335612	0.517001	0.147386	
0.700597	0.279590	0.019813	
0.389822	0.511365	0.098813	
0.001627	0.020682	0.977692	
0.507997	0.349671	0.142331	
0.017983	0.637042	0.344975	
0.091023	0.202186	0.706792	
0.612043	0.292300	0.095657	
0.318247	0.545709	0.136044	
0.003890	0.734620	0.261490	
0.131998	0.644427	0.223575	
0.932263	0.063192	0.004545	
0.049340	0.786626	0.164034	
0.153297	0.240542	0.606161	
0.030285	0.110878	0.858838	
0.016622	0.790536	0.192843	
0.684393	0.241998	0.073609	
0.727852	0.220604	0.051545	
0.014091	0.313604	0.672305	
0.868188	0.115030	0.016782	
0.966559	0.031663	0.001778	
0.619147	0.329792	0.051060	
0.906499	0.086233	0.007268	
0.969975	0.028774	0.001251	
0.204606	0.449861	0.345533	
0.607963	0.331695	0.060342	
0.003335	0.688002	0.308663	
0.792767	0.178256	0.028976	
0.141557	0.657039	0.201404	
0.443176	0.435745	0.121079	
0.040842	0.777747	0.181411	
0.073697	0.658777	0.267526	
0.038494	0.735870	0.225636	
0.023465	0.240053	0.736482	
0.948423	0.048616	0.002961	
0.516338	0.399566	0.084096	
0.791840	0.184057	0.024103	
0.817396	0.165238	0.017366	
0.245310	0.539314	0.215376	
0.934743	0.062655	0.002602	
0.890992	0.091750	0.017258	
0.007003	0.721606	0.271390	
0.690633	0.258091	0.051276	
0.558955	0.403376	0.037670	
0.016982	0.450153	0.532864	
0.897661	0.095364	0.006974	
0.131486	0.573935	0.294579	
0.035892	0.671674	0.292435	
0.867543	0.115733	0.016725	
0.157394	0.391495	0.451111	
0.051230	0.287635	0.661135	
0.021493	0.235523	0.742984	
0.488644	0.448453	0.062903	
0.134694	0.538289	0.327017	
0.471651	0.372296	0.156053	
0.003492	0.657329	0.339179	
0.024639	0.816024	0.159338	
0.780215	0.193200	0.026585	
0.437924	0.291984	0.270092	
0.221595	0.607412	0.170993	
0.137516	0.650202	0.212282	
0.532961	0.385208	0.081831	
0.211190	0.635220	0.153590	
0.487477	0.387039	0.125483	
0.000757	0.043709	0.955534	
0.035306	0.621443	0.343251	
0.163199	0.652834	0.183968	
0.407716	0.251263	0.341021	
0.146141	0.364901	0.488959	
0.116346	0.650334	0.233320	
0.033070	0.298789	0.668141	
0.097861	0.701799	0.200340	
0.032402	0.308128	0.659470	
0.046743	0.427147	0.526110	
0.006674	0.179671	0.813655	
0.538843	0.305633	0.155525	
0.023543	0.453958	0.522498	
0.243409	0.466354	0.290237	
0.015946	0.295153	0.688901	
0.505309	0.411675	0.083017	
0.169954	0.377090	0.452956	
0.002576	0.486997	0.510427	
0.004914	0.150483	0.844604	
0.536778	0.312379	0.150843	
0.004407	0.144059	0.851535	
0.046587	0.171649	0.781763	
0.008674	0.136880	0.854446	
0.095529	0.476725	0.427746	
0.058327	0.379850	0.561823	
0.110118	0.397451	0.492431	
0.459360	0.306212	0.234428	
0.055023	0.406684	0.538294	
0.005031	0.120840	0.874129	
0.000033	0.002319	0.997648	
0.038249	0.219944	0.741807	
0.024128	0.474752	0.501119	
0.129209	0.380016	0.490775	
0.175430	0.261853	0.562717	
0.129753	0.372364	0.497883	
0.005875	0.180890	0.813235	
0.035455	0.416010	0.548535	
0.953489	0.042172	0.004339	
0.660049	0.255156	0.084794	
0.018315	0.529818	0.451867	
0.110597	0.411616	0.477787	
0.950555	0.045993	0.003452	
0.852610	0.119823	0.027567	
0.627710	0.306337	0.065953	
0.019804	0.377083	0.603113	
0.003174	0.042463	0.954363	
0.169644	0.387611	0.442746	
0.007433	0.145025	0.847542	
0.014936	0.170032	0.815033	
0.017291	0.347670	0.635040	
0.705307	0.224140	0.070552	
0.008159	0.278086	0.713754	
0.004522	0.135210	0.860269	
0.000957	0.031068	0.967975	
0.765956	0.174752	0.059292	
0.042439	0.171977	0.785584	
0.039114	0.351440	0.609446	
0.037173	0.345719	0.617108	
0.051408	0.402874	0.545717	
0.011823	0.399415	0.588762	
0.012312	0.389978	0.597710	
0.874169	0.104471	0.021360	
0.064912	0.534409	0.400679	
0.099997	0.415064	0.484939	
0.450922	0.355351	0.193727	
0.206814	0.598524	0.194662	
0.444355	0.415099	0.140546	
0.117998	0.443254	0.438748	
0.005023	0.278602	0.716375	
0.199456	0.364021	0.436523	
0.410029	0.422105	0.167866	
0.004889	0.140690	0.854420	
0.035355	0.539625	0.425020	
0.004722	0.103055	0.892223	
0.004206	0.132649	0.863145	
0.073509	0.457739	0.468752	
0.037612	0.654081	0.308307	
0.123307	0.183339	0.693354	
0.004006	0.076285	0.919709	
0.019688	0.371682	0.608630	
0.013085	0.372557	0.614358	
0.062734	0.554830	0.382436	
0.002506	0.061062	0.936432	
0.243632	0.435295	0.321073	
0.089752	0.439526	0.470722	
0.795050	0.148108	0.056842	
0.662278	0.265125	0.072597	
0.200488	0.378611	0.420901	
0.000860	0.030052	0.969087	
0.026569	0.439846	0.533585	
0.397530	0.398074	0.204396	
0.004796	0.653125	0.342079	
0.007808	0.148273	0.843919	
0.006080	0.059784	0.934136	
0.001831	0.052780	0.945389	
0.003774	0.108404	0.887823	
0.009276	0.409832	0.580892	
0.022305	0.077303	0.900392	
0.008385	0.106271	0.885344	
0.852261	0.134993	0.012746	
0.007520	0.288306	0.704174	
0.002230	0.088992	0.908778	
0.001332	0.035935	0.962733	
0.006679	0.184800	0.808521	
0.005699	0.371318	0.622983	
0.031665	0.606900	0.361435	
0.001333	0.029055	0.969612	
0.924866	0.068327	0.006807	
0.083438	0.614396	0.302166	
0.003343	0.542158	0.454500	
0.005348	0.598412	0.396240	
0.132146	0.348431	0.519423	
0.019563	0.134497	0.845940	
0.006811	0.361243	0.631947	
0.036607	0.629990	0.333403	
0.410640	0.315084	0.274276	
0.004931	0.169332	0.825737	
0.001901	0.040862	0.957237	
0.107640	0.240480	0.651880	
0.018625	0.741686	0.239689	
0.084063	0.581692	0.334245	
0.003566	0.231185	0.765249	
0.048998	0.164251	0.786751	
0.000505	0.012852	0.986644	
0.347581	0.412151	0.240268	
0.001030	0.014724	0.984247	
0.447248	0.327052	0.225700	
0.013571	0.796301	0.190128	
0.179884	0.266267	0.553849	
0.005094	0.272797	0.722110	
0.142666	0.517141	0.340193	
0.008415	0.427753	0.563832	
0.067021	0.665352	0.267626	
0.014355	0.565592	0.420053	
0.013376	0.866272	0.120352	
0.563780	0.371775	0.064445	
0.003160	0.033328	0.963512	
0.055423	0.201897	0.742679	
0.001243	0.026596	0.972161	
0.057956	0.106179	0.835865	
0.012019	0.217354	0.770626	
0.718737	0.215853	0.065410	
0.839780	0.109763	0.050457	
0.008234	0.132477	0.859289	
0.014499	0.835076	0.150425	
0.025565	0.785326	0.189109	
0.005940	0.677933	0.316127	
0.005651	0.607243	0.387106	
0.062308	0.237519	0.700174	
0.019255	0.720634	0.260111	
0.005469	0.476973	0.517559	
0.011847	0.522382	0.465771	
0.009746	0.220860	0.769394	
0.006815	0.642637	0.350548	
0.019754	0.769631	0.210615	
0.020792	0.767228	0.211979	
0.698762	0.237056	0.064181	
0.355877	0.443906	0.200217	
0.004869	0.477970	0.517161	
0.030321	0.713958	0.255721	
0.001079	0.058280	0.940641	
0.295620	0.385329	0.319051	
0.578801	0.294611	0.126588	
0.867311	0.118697	0.013992	
0.003651	0.549730	0.446619	
0.017267	0.485291	0.497442	
0.012599	0.511321	0.476079	
0.024134	0.059018	0.916848	
0.004211	0.449854	0.545935	
0.905744	0.087921	0.006335	
0.842068	0.142926	0.015006	
0.574632	0.274344	0.151024	
0.005652	0.310715	0.683633	
0.297059	0.363840	0.339101	
0.695797	0.241880	0.062323	
0.775387	0.189752	0.034862	
0.964082	0.034178	0.001740	
0.021087	0.548651	0.430262	
0.431959	0.240294	0.327747	
0.003697	0.533936	0.462367	
0.618473	0.262561	0.118966	
0.742514	0.211412	0.046074	
0.886011	0.100708	0.013280	
0.646608	0.273385	0.080007	
0.098033	0.298589	0.603378	
0.237610	0.543548	0.218842	
0.661307	0.257662	0.081031	
0.997110	0.002862	0.000028	
0.262400	0.591903	0.145697	
0.001772	0.117984	0.880244	
0.921963	0.071160	0.006877	
0.005282	0.727206	0.267512	
0.862162	0.125206	0.012633	
0.005818	0.409678	0.584505	
0.953334	0.043565	0.003101	
0.644471	0.287183	0.068345	
0.912154	0.080295	0.007551	
0.454216	0.434935	0.110849	
0.895975	0.093594	0.010431	
0.895847	0.092943	0.011210	
0.570382	0.342240	0.087378	
0.001130	0.014537	0.984333	
0.497220	0.364198	0.138582	
0.005938	0.313926	0.680136	
0.755797	0.201781	0.042422	
0.766672	0.205331	0.027998	
0.719362	0.228315	0.052323	
0.708256	0.260463	0.031281	
0.227563	0.488470	0.283967	
0.959714	0.039567	0.000719	
0.004475	0.535237	0.460287	
0.759511	0.204386	0.036103	
0.014569	0.163318	0.822113	
0.004280	0.665118	0.330601	
0.029190	0.621145	0.349664	
0.008517	0.377356	0.614127	
0.302391	0.434152	0.263457	
0.871732	0.111560	0.016708	
0.243502	0.437606	0.318892	
0.812674	0.161998	0.025328	
0.010827	0.250136	0.739037	
0.000353	0.011507	0.988140	
0.390196	0.320336	0.289469	
0.194822	0.409697	0.395482	
0.046873	0.060622	0.892505	
0.005396	0.541955	0.452650	
0.003533	0.549194	0.447274	
0.043058	0.667269	0.289673	
0.793091	0.174322	0.032587	
0.003710	0.279431	0.716859	
0.142339	0.516571	0.341090	
0.683327	0.254438	0.062235	
0.687067	0.223166	0.089767	
0.665591	0.250295	0.084115	
0.147380	0.409089	0.443531	
0.020719	0.124224	0.855057	
0.940525	0.056416	0.003058	
0.963215	0.034884	0.001901	
0.240738	0.595577	0.163685	
0.899914	0.091938	0.008147	
0.041466	0.683655	0.274879	
0.308325	0.498589	0.193087	
0.003782	0.411383	0.584835	
0.729596	0.213038	0.057366	
0.625214	0.317772	0.057014	
0.095957	0.575293	0.328749	
0.887804	0.096224	0.015972	
0.006586	0.405818	0.587596	
0.166418	0.518949	0.314633	
0.006020	0.302500	0.691480	
0.241479	0.572272	0.186248	
0.811352	0.167525	0.021123	
0.070253	0.295881	0.633866	
0.417465	0.276152	0.306383	
0.002852	0.099799	0.897349	
0.009579	0.485251	0.505170	
0.000149	0.005113	0.994738	
0.000020	0.002015	0.997966	
0.000424	0.020192	0.979384	
0.002015	0.071184	0.926801	
0.010178	0.290789	0.699033	
0.270350	0.377421	0.352229	
0.001557	0.131224	0.867220	
0.017339	0.084561	0.898100	
0.000389	0.009472	0.990139	
0.011358	0.093268	0.895375	
0.017964	0.195746	0.786290	
0.001029	0.010471	0.988500	
0.322911	0.305977	0.371113	
0.005934	0.206690	0.787376	
0.002801	0.072960	0.924239	
0.836686	0.141556	0.021758	
0.003235	0.046689	0.950076	
0.029653	0.253316	0.717031	
0.001466	0.035353	0.963181	
0.004556	0.115760	0.879684	
0.000051	0.002703	0.997246	
0.002188	0.113389	0.884423	
0.000343	0.011241	0.988415	
0.000143	0.009116	0.990741	
0.125366	0.268184	0.606451	
0.149405	0.301721	0.548874	
0.005651	0.110990	0.883359	
0.001890	0.098328	0.899782	
0.000159	0.008414	0.991428	
0.000958	0.023244	0.975798	
0.957952	0.039419	0.002629	
0.000218	0.012461	0.987321	
0.583887	0.213391	0.202722	
0.014383	0.253464	0.732153	
0.018954	0.107833	0.873213	
0.734090	0.190234	0.075675	
0.536146	0.253233	0.210621	
0.031931	0.240016	0.728053	
0.001893	0.068363	0.929744	
0.000185	0.009027	0.990788	
0.000134	0.003716	0.996150	
0.001244	0.037362	0.961394	
0.302757	0.377923	0.319320	
0.958508	0.034497	0.006995	
0.004292	0.118153	0.877555	
0.001747	0.048924	0.949329	
0.007714	0.159591	0.832695	
0.127014	0.304758	0.568228	
0.000294	0.008780	0.990926	
0.031128	0.059445	0.909428	
0.000490	0.015558	0.983952	
0.002571	0.099467	0.897962	
0.003210	0.049337	0.947453	
0.002888	0.085655	0.911457	
0.003394	0.108195	0.888411	
0.080728	0.361791	0.557481	
0.000127	0.005663	0.994210	
0.044426	0.095733	0.859840	
0.000440	0.027403	0.972157	
0.002239	0.049422	0.948339	
0.000034	0.002306	0.997660	
0.000043	0.002917	0.997039	
0.003862	0.082374	0.913764	
0.007378	0.209756	0.782866	
0.000354	0.032606	0.967040	
0.350171	0.263282	0.386547	
0.017818	0.223053	0.759129	
0.187964	0.271993	0.540043	
0.006111	0.047906	0.945983	
0.000427	0.027741	0.971832	
0.000101	0.004172	0.995727	
0.198481	0.445380	0.356139	
0.011105	0.139605	0.849290	
0.000618	0.025719	0.973664	
0.000309	0.013051	0.986641	
0.006653	0.209322	0.784025	
0.008855	0.302736	0.688409	
0.009014	0.269324	0.721662	
0.014884	0.313695	0.671421	
0.000029	0.002353	0.997618	
0.082187	0.652637	0.265176	
0.717699	0.234944	0.047358	
0.003775	0.590456	0.405769	
0.770722	0.198054	0.031224	
0.670919	0.234204	0.094877	
0.782523	0.164518	0.052959	
0.001996	0.036749	0.961256	
0.041292	0.268863	0.689845	
0.004094	0.091928	0.903978	
0.006041	0.787962	0.205997	
0.002225	0.156319	0.841456	
0.415738	0.504738	0.079524	
0.064573	0.806960	0.128467	
0.174442	0.569351	0.256208	
0.560115	0.392754	0.047131	
0.005517	0.798886	0.195597	
0.012611	0.879498	0.107891	
0.265241	0.581543	0.153216	
0.003891	0.612099	0.384010	
0.064687	0.449859	0.485454	
0.024124	0.881975	0.093901	
0.036158	0.195711	0.768131	
0.005459	0.340899	0.653642	
0.043889	0.675121	0.280990	
0.011099	0.721255	0.267646	
0.029540	0.662467	0.307993	
0.010595	0.758850	0.230555	
0.004064	0.045130	0.950806	
0.007050	0.562123	0.430827	
0.013969	0.782521	0.203511	
0.046683	0.517354	0.435963	
0.462726	0.328554	0.208721	
0.024176	0.670577	0.305247	
0.165986	0.447006	0.387007	
0.027052	0.271201	0.701747	
0.628176	0.314490	0.057334	
0.019711	0.382539	0.597751	
0.014960	0.527842	0.457198	
0.550831	0.348938	0.100231	
0.257695	0.417497	0.324808	
0.005821	0.251123	0.743055	
0.006530	0.116820	0.876650	
0.149158	0.360401	0.490441	
0.912574	0.081709	0.005717	
0.136545	0.270197	0.593259	
0.803075	0.173165	0.023759	
0.880341	0.111170	0.008489	
0.815934	0.158339	0.025727	
0.673962	0.268654	0.057383	
0.173925	0.678662	0.147413	
0.266752	0.600026	0.133222	
0.970217	0.028569	0.001214	
0.890807	0.095873	0.013320	
0.018875	0.446107	0.535019	
0.004978	0.095667	0.899355	
0.196234	0.608572	0.195194	
0.010558	0.754254	0.235188	
0.007723	0.620911	0.371366	
0.059744	0.751660	0.188596	
0.004932	0.508297	0.486771	
0.014215	0.456024	0.529761	
0.650308	0.315346	0.034346	
0.004758	0.633205	0.362036	
0.719656	0.251809	0.028535	
0.590790	0.235145	0.174064	
0.118775	0.279590	0.601635	
0.007708	0.234817	0.757474	
0.503782	0.424158	0.072060	
0.138232	0.708461	0.153307	
0.007251	0.549762	0.442987	
0.027669	0.884024	0.088307	
0.657697	0.231869	0.110434	
0.697777	0.250857	0.051366	
0.799057	0.176757	0.024186	
0.040937	0.564632	0.394431	
0.782635	0.180182	0.037183	
0.018233	0.739467	0.242300	
0.353142	0.265125	0.381733	
0.435847	0.263538	0.300615	
0.718828	0.249865	0.031306	
0.005426	0.623434	0.371140	
0.008244	0.789237	0.202519	
0.840133	0.149857	0.010010	
0.554880	0.378148	0.066972	
0.024741	0.239293	0.735966	
0.031271	0.588850	0.379879	
0.009893	0.682985	0.307123	
0.015345	0.560251	0.424403	
0.189156	0.422155	0.388690	
0.534071	0.380644	0.085285	
0.690210	0.266775	0.043015	
0.697778	0.144335	0.157887	
0.021816	0.659967	0.318218	
0.003274	0.075994	0.920732	
0.723251	0.234412	0.042338	
0.004918	0.106204	0.888878	
0.026473	0.768052	0.205475	
0.825031	0.150403	0.024566	
0.631212	0.319891	0.048897	
0.412140	0.524842	0.063019	
0.167152	0.742031	0.090817	
0.003569	0.427666	0.568764	
0.339862	0.468259	0.191879	
0.341568	0.468508	0.189924	
0.476593	0.202894	0.320513	
0.003493	0.085021	0.911486	
0.603101	0.295082	0.101817	
0.144162	0.703957	0.151881	
0.123295	0.309126	0.567579	
0.219748	0.631072	0.149180	
0.862593	0.125942	0.011465	
0.018573	0.119026	0.862401	
0.062548	0.725749	0.211703	
0.007613	0.504567	0.487819	
0.133142	0.612635	0.254223	
0.764721	0.193283	0.041996	
0.433599	0.253458	0.312943	
0.384266	0.517049	0.098685	
0.560868	0.375283	0.063849	
0.016411	0.392303	0.591287	
0.447936	0.386697	0.165367	
0.022087	0.287062	0.690852	
0.007010	0.801879	0.191112	
0.529068	0.359668	0.111264	
0.118689	0.737272	0.144039	
0.068535	0.249960	0.681505	
0.005121	0.149222	0.845657	
0.150508	0.267336	0.582155	
0.372733	0.423074	0.204193	
0.843325	0.145169	0.011506	
0.038054	0.399172	0.562774	
0.730179	0.214621	0.055199	
0.018468	0.677857	0.303675	
0.018834	0.229733	0.751433	
0.000887	0.016588	0.982525	
0.400710	0.330683	0.268607	
0.026522	0.428774	0.544703	
0.754416	0.183471	0.062112	
0.630174	0.343574	0.026251	
0.002000	0.020600	0.977399	
0.316362	0.374753	0.308885	
0.022955	0.298955	0.678090	
0.307772	0.607224	0.085004	
0.293042	0.297752	0.409206	
0.731756	0.201706	0.066538	
0.312222	0.581768	0.106010	
0.037464	0.902991	0.059544	
0.074660	0.496485	0.428856	
0.436073	0.454840	0.109087	
0.358224	0.423520	0.218256	
0.912371	0.084992	0.002636	
0.033036	0.759594	0.207370	
0.604442	0.345445	0.050112	
0.199378	0.466816	0.333806	
0.884323	0.106413	0.009264	
0.076415	0.201002	0.722583	
0.090096	0.623000	0.286904	
0.762946	0.208711	0.028343	
0.702318	0.237603	0.060078	
0.517482	0.344706	0.137811	
0.229727	0.644791	0.125481	
0.061835	0.142481	0.795685	
0.661192	0.285624	0.053184	
0.580744	0.330417	0.088839	
0.166755	0.216700	0.616545	
0.021942	0.068369	0.909689	
0.004537	0.051295	0.944168	
0.000346	0.007181	0.992472	
0.007732	0.615665	0.376603	
0.045999	0.210778	0.743223	
0.239905	0.556629	0.203466	
0.267985	0.515711	0.216304	
0.850333	0.132793	0.016874	
0.267607	0.504788	0.227606	
0.003470	0.072744	0.923786	
0.006318	0.566598	0.427084	
0.018744	0.629943	0.351313	
0.003380	0.514154	0.482467	
0.075100	0.316400	0.608501	
0.416270	0.415929	0.167801	
0.577264	0.383722	0.039014	
0.004423	0.287792	0.707785	
0.022703	0.367034	0.610263	
0.019368	0.706344	0.274288	
0.014184	0.196521	0.789295	
0.936235	0.060015	0.003750	
0.002825	0.733959	0.263216	
0.010960	0.091688	0.897352	
0.172226	0.372361	0.455413	
0.013591	0.083761	0.902648	
0.042397	0.596555	0.361048	
0.003179	0.487376	0.509445	
0.389254	0.395713	0.215033	
0.009399	0.775256	0.215345	
0.636977	0.250267	0.112756	
0.112975	0.771305	0.115721	
0.643426	0.309563	0.047011	
0.524778	0.336878	0.138344	
0.620550	0.342504	0.036946	
0.423255	0.530341	0.046404	
0.966384	0.032335	0.001281	
0.746942	0.232654	0.020404	
0.787705	0.200446	0.011849	
0.843133	0.136725	0.020141	
0.720864	0.249234	0.029903	
0.947161	0.050224	0.002616	
0.141221	0.779602	0.079177	
0.402794	0.512306	0.084900	
0.906496	0.083825	0.009679	
0.560814	0.359666	0.079520	
0.543404	0.413051	0.043545	
0.047818	0.166398	0.785783	
0.576416	0.367198	0.056387	
0.883282	0.106548	0.010171	
0.424652	0.532231	0.043117	
0.568553	0.317253	0.114194	
0.830272	0.151678	0.018051	
0.223826	0.697231	0.078943	
0.799131	0.192495	0.008374	
0.884232	0.104251	0.011517	
0.825544	0.166507	0.007949	
0.115867	0.184174	0.699959	
0.674538	0.282439	0.043023	
0.199301	0.746357	0.054342	
0.632607	0.337240	0.030153	
0.495272	0.412367	0.092362	
0.805666	0.173583	0.020751	
0.010570	0.862643	0.126787	
0.570573	0.352580	0.076847	
0.708297	0.271666	0.020037	
0.371202	0.515441	0.113357	
0.753719	0.218991	0.027290	
0.795731	0.195494	0.008775	
0.789105	0.191033	0.019862	
0.969237	0.026447	0.004316	
0.743985	0.226096	0.029919	
0.911598	0.082240	0.006162	
0.898885	0.095940	0.005175	
0.389699	0.526824	0.083478	
0.915738	0.080910	0.003351	
0.911825	0.083040	0.005135	
0.754005	0.218593	0.027402	
0.744143	0.240847	0.015010	
0.490497	0.322740	0.186763	
0.754629	0.230673	0.014698	
0.959351	0.038930	0.001719	
0.804313	0.181959	0.013728	
0.795983	0.183127	0.020890	
0.447928	0.508544	0.043528	
0.232354	0.566862	0.200783	
0.835819	0.147590	0.016591	
0.667041	0.303185	0.029774	
0.162599	0.292746	0.544655	
0.697787	0.239791	0.062422	
0.829805	0.145400	0.024795	
0.603408	0.355814	0.040779	
0.642518	0.298463	0.059019	
0.783697	0.205712	0.010591	
0.017162	0.771150	0.211688	
0.521769	0.454955	0.023277	
0.628805	0.345642	0.025553	
0.191695	0.709905	0.098400	
0.498554	0.469610	0.031836	
0.013792	0.463843	0.522365	
0.498995	0.428338	0.072667	
0.905743	0.086761	0.007496	
0.939560	0.057767	0.002673	
0.970865	0.028045	0.001090	
0.449303	0.493559	0.057138	
0.604495	0.354220	0.041285	
0.489064	0.399381	0.111555	
0.894946	0.098761	0.006293	
0.787466	0.197788	0.014746	
0.782692	0.197957	0.019351	
0.013418	0.093271	0.893311	
0.888945	0.100961	0.010094	
0.711395	0.269063	0.019542	
0.712329	0.246822	0.040849	
0.334003	0.605732	0.060265	
0.129130	0.745864	0.125006	
0.934668	0.062369	0.002963	
0.698726	0.269686	0.031588	
0.711913	0.262989	0.025098	
0.226378	0.730462	0.043160	
0.593684	0.322472	0.083844	
0.784434	0.198587	0.016979	
0.714054	0.231266	0.054680	
0.387323	0.559317	0.053360	
0.618096	0.342338	0.039566	
0.180710	0.438124	0.381166	
0.684850	0.294663	0.020488	
0.042775	0.099435	0.857790	
0.936479	0.059031	0.004490	
0.831618	0.155469	0.012913	
0.531680	0.403054	0.065266	
0.029650	0.816803	0.153547	
0.631498	0.304947	0.063555	
0.634909	0.294199	0.070892	
0.542585	0.378598	0.078817	
0.872432	0.117031	0.010537	
0.560173	0.399607	0.040221	
0.324441	0.613812	0.061747	
0.021093	0.104412	0.874495	
0.094371	0.794284	0.111344	
0.187618	0.299230	0.513152	
0.008573	0.046179	0.945248	
0.507002	0.476911	0.016087	
0.281151	0.518821	0.200028	
0.532479	0.356707	0.110814	
0.004342	0.131525	0.864133	
0.558466	0.380174	0.061360	
0.046345	0.164173	0.789481	
0.106022	0.607254	0.286724	
0.074651	0.107576	0.817773	
0.616129	0.361666	0.022204	
0.686192	0.273617	0.040191	
0.932960	0.064237	0.002803	
0.493199	0.457936	0.048865	
0.533309	0.331401	0.135290	
0.009480	0.225568	0.764952	
0.776751	0.197346	0.025902	
0.017348	0.739335	0.243316	
0.937680	0.059885	0.002435	
0.117690	0.313395	0.568915	
0.039829	0.186593	0.773578	
0.190941	0.677851	0.131207	
0.381547	0.485382	0.133070	
0.000240	0.014774	0.984986	
0.795623	0.194373	0.010004	
0.195064	0.666288	0.138648	
0.118816	0.771346	0.109838	
0.980049	0.019397	0.000554	
0.785152	0.193412	0.021436	
0.133093	0.741579	0.125328	
0.021158	0.175255	0.803587	
0.010811	0.098629	0.890560	
0.365514	0.347045	0.287441	
0.404900	0.517645	0.077455	
0.966476	0.032622	0.000902	
0.751660	0.229161	0.019179	
0.266083	0.611866	0.122051	
0.010591	0.112816	0.876593	
0.517519	0.426904	0.055577	
0.815342	0.147731	0.036927	
0.672432	0.299782	0.027786	
0.885033	0.099446	0.015520	
0.839679	0.148364	0.011957	
0.238085	0.660926	0.100989	
0.575526	0.251632	0.172843	
0.029866	0.389270	0.580864	
0.789616	0.167210	0.043174	
0.022330	0.134674	0.842996	
0.580664	0.308938	0.110398	
0.177589	0.770693	0.051718	
0.211984	0.555137	0.232879	
0.860309	0.133219	0.006472	
0.715828	0.238933	0.045239	
0.133130	0.654939	0.211931	
0.117523	0.670884	0.211593	
0.822752	0.155079	0.022169	
0.087719	0.509768	0.402513	
0.874405	0.120611	0.004983	
0.087452	0.775234	0.137314	
0.221268	0.285981	0.492751	
0.812299	0.163683	0.024018	
0.510377	0.396026	0.093597	
0.180036	0.304443	0.515521	
0.180516	0.681139	0.138345	
0.825989	0.160517	0.013494	
0.650010	0.314225	0.035765	
0.936432	0.060054	0.003514	
0.710718	0.237967	0.051315	
0.090768	0.243210	0.666022	
0.330314	0.533325	0.136361	
0.363984	0.413955	0.222061	
0.751670	0.228116	0.020213	
0.410019	0.429009	0.160972	
0.669894	0.289943	0.040163	
0.121583	0.390676	0.487742	
0.216240	0.700787	0.082972	
0.114071	0.781286	0.104642	
0.020926	0.802580	0.176494	
0.773584	0.204267	0.022149	
0.082409	0.724523	0.193068	
0.389691	0.492736	0.117572	
0.832802	0.150363	0.016835	
0.360846	0.467190	0.171964	
0.394994	0.346402	0.258604	
0.752134	0.240788	0.007077	
0.792158	0.183258	0.024584	
0.320839	0.602628	0.076533	
0.850688	0.140769	0.008544	
0.743340	0.228661	0.027999	
0.492910	0.434165	0.072925	
0.362127	0.373574	0.264300	
0.551876	0.339508	0.108616	
0.130718	0.718338	0.150944	
0.172100	0.350925	0.476976	
0.090014	0.825639	0.084347	
0.180289	0.749536	0.070176	
0.082527	0.706995	0.210478	
0.638848	0.288056	0.073095	
0.390185	0.303229	0.306586	
0.325493	0.650094	0.024412	
0.061268	0.802357	0.136374	
0.423210	0.505844	0.070946	
0.248124	0.528318	0.223558	
0.035708	0.874120	0.090172	
0.019481	0.906557	0.073962	
0.133897	0.775539	0.090564	
0.049870	0.830087	0.120043	
0.799491	0.181778	0.018731	
0.994116	0.005804	0.000080	
0.288920	0.642339	0.068741	
0.898473	0.097498	0.004029	
0.211380	0.679415	0.109205	
0.106014	0.819682	0.074304	
0.692882	0.252458	0.054660	
0.742308	0.226349	0.031344	
0.427608	0.542090	0.030302	
0.355642	0.533275	0.111083	
0.510776	0.425797	0.063428	
0.256444	0.596179	0.147376	
0.932774	0.062641	0.004585	
0.857461	0.129330	0.013210	
0.086944	0.730541	0.182515	
0.544151	0.409892	0.045957	
0.826000	0.153102	0.020898	
0.655067	0.293748	0.051185	
0.753946	0.210431	0.035623	
0.124639	0.733964	0.141397	
0.092206	0.800928	0.106867	
0.111876	0.688383	0.199741	
0.235947	0.715148	0.048905	
0.157204	0.693525	0.149271	
0.341082	0.578513	0.080405	
0.284612	0.633657	0.081731	
0.625204	0.346410	0.028387	
0.226990	0.612197	0.160813	
0.241021	0.409340	0.349639	
0.023931	0.877616	0.098453	
0.274893	0.659598	0.065510	
0.194328	0.688456	0.117216	
0.069622	0.868136	0.062242	
0.015497	0.792403	0.192100	
0.361066	0.549057	0.089876	
0.014595	0.678321	0.307084	
0.539941	0.413851	0.046208	
0.070766	0.747546	0.181687	
0.618130	0.364500	0.017370	
0.525715	0.388709	0.085576	
0.529904	0.384314	0.085782	
0.467820	0.449052	0.083128	
0.039573	0.423998	0.536429	
0.566624	0.392585	0.040791	
0.777758	0.205344	0.016898	
0.277285	0.623111	0.099604	
0.105524	0.697487	0.196990	
0.395173	0.545224	0.059603	
0.831739	0.153679	0.014582	
0.503004	0.402307	0.094689	
0.580754	0.379884	0.039362	
0.078156	0.503445	0.418399	
0.363153	0.515179	0.121668	
0.410124	0.542347	0.047529	
0.318980	0.593673	0.087346	
0.138518	0.655857	0.205625	
0.104387	0.737468	0.158145	
0.105064	0.713321	0.181615	
0.378115	0.400908	0.220977	
0.223917	0.627240	0.148843	
0.295773	0.597804	0.106424	
0.379074	0.534204	0.086721	
0.325043	0.315480	0.359477	
0.594046	0.363342	0.042611	
0.199473	0.717882	0.082645	
0.013228	0.661937	0.324835	
0.647871	0.300098	0.052031	
0.739961	0.245768	0.014271	
0.528206	0.438835	0.032959	
0.542709	0.404469	0.052822	
0.502798	0.403494	0.093709	
0.382003	0.336493	0.281504	
0.163338	0.725578	0.111085	
0.013047	0.661730	0.325223	
0.644714	0.320171	0.035115	
0.051114	0.857775	0.091112	
0.576551	0.393948	0.029501	
0.703029	0.254353	0.042618	
0.857941	0.130178	0.011881	
0.255964	0.670802	0.073233	
0.476958	0.477557	0.045485	
0.669473	0.280528	0.049998	
0.552092	0.429385	0.018523	
0.206705	0.582850	0.210445	
0.879324	0.100068	0.020609	
0.639367	0.318067	0.042566	
0.825928	0.161496	0.012577	
0.372225	0.496843	0.130932	
0.073605	0.195663	0.730731	
0.003481	0.039696	0.956823	
0.201771	0.264504	0.533726	
0.502289	0.460068	0.037643	
0.827728	0.159197	0.013075	
0.036020	0.836869	0.127111	
0.945778	0.051605	0.002617	
0.154829	0.669659	0.175511	
0.645565	0.312456	0.041979	
0.791224	0.195222	0.013554	
0.668299	0.303269	0.028432	
0.054054	0.649368	0.296578	
0.112781	0.320841	0.566378	
0.264573	0.526640	0.208787	
0.322730	0.630683	0.046587	
0.433950	0.476426	0.089624	
0.941209	0.055975	0.002816	
0.423255	0.530341	0.046404	
0.970277	0.029166	0.000557	
0.127411	0.703861	0.168728	
0.259294	0.577604	0.163102	
0.786120	0.197992	0.015888	
0.569488	0.374117	0.056395	
0.546295	0.397782	0.055923	
0.774064	0.218762	0.007174	
0.568553	0.317253	0.114194	
0.190554	0.724818	0.084628	
0.366086	0.542909	0.091005	
0.116716	0.225805	0.657479	
0.411536	0.458173	0.130291	
0.788711	0.187677	0.023612	
0.337306	0.573678	0.089016	
0.767150	0.211531	0.021319	
0.012184	0.778067	0.209750	
0.852879	0.134596	0.012525	
0.840844	0.142314	0.016842	
0.605958	0.344799	0.049243	
0.675089	0.280620	0.044292	
0.358814	0.575840	0.065346	
0.834692	0.154816	0.010493	
0.560779	0.383295	0.055927	
0.461585	0.502491	0.035924	
0.776058	0.196257	0.027684	
0.149091	0.769814	0.081095	
0.939948	0.057880	0.002173	
0.657141	0.296706	0.046153	
0.322710	0.581227	0.096063	
0.506320	0.434665	0.059014	
0.189020	0.215216	0.595764	
0.746525	0.238220	0.015255	
0.933082	0.060990	0.005928	
0.134899	0.766813	0.098287	
0.049184	0.755232	0.195584	
0.825144	0.160602	0.014255	
0.179225	0.641098	0.179677	
0.556823	0.410445	0.032732	
0.496890	0.481424	0.021686	
0.474578	0.461636	0.063786	
0.138115	0.239611	0.622274	
0.278624	0.346883	0.374494	
0.145607	0.663159	0.191234	
0.002020	0.068682	0.929298	
0.410405	0.442882	0.146713	
0.000062	0.002295	0.997644	
0.013060	0.862913	0.124027	
0.012191	0.652947	0.334861	
0.005281	0.197712	0.797007	
0.669693	0.239808	0.090500	
0.002554	0.121818	0.875629	
0.776959	0.189316	0.033726	
0.303508	0.309959	0.386532	
0.088452	0.514103	0.397445	
0.009916	0.060715	0.929369	
0.001010	0.037537	0.961452	
0.005964	0.837834	0.156201	
0.007882	0.531403	0.460716	
0.739731	0.206861	0.053407	
0.003928	0.488142	0.507930	
0.779087	0.185897	0.035015	
0.043701	0.662609	0.293690	
0.011228	0.091913	0.896859	
0.032753	0.846684	0.120562	
0.072692	0.270347	0.656961	
0.005119	0.115886	0.878995	
0.006823	0.139683	0.853494	
0.010589	0.078032	0.911379	
0.039626	0.339341	0.621033	
0.859399	0.117800	0.022801	
0.764150	0.199060	0.036789	
0.204457	0.284350	0.511194	
0.010796	0.670970	0.318234	
0.020625	0.126803	0.852572	
0.001612	0.031402	0.966986	
0.013182	0.333071	0.653746	
0.311816	0.551111	0.137073	
0.009852	0.706880	0.283268	
0.024645	0.654806	0.320549	
0.047989	0.415176	0.536835	
0.248922	0.399150	0.351928	
0.004450	0.525165	0.470385	
0.762832	0.198098	0.039070	
0.244507	0.378114	0.377380	
0.012043	0.343832	0.644125	
0.003574	0.573261	0.423165	
0.003688	0.205489	0.790823	
0.448977	0.420193	0.130830	
0.006857	0.436952	0.556192	
0.184612	0.575997	0.239391	
0.002117	0.046984	0.950899	
0.304127	0.472481	0.223393	
0.635690	0.324914	0.039397	
0.004041	0.493001	0.502957	
0.695396	0.265862	0.038743	
0.105074	0.627291	0.267635	
0.005160	0.261383	0.733457	
0.363267	0.413196	0.223536	
0.024881	0.153318	0.821801	
0.011728	0.668958	0.319313	
0.452519	0.393474	0.154007	
0.000345	0.012271	0.987384	
0.040083	0.442113	0.517804	
0.031903	0.256127	0.711970	
0.012820	0.259655	0.727524	
0.004355	0.375920	0.619725	
0.003746	0.325199	0.671055	
0.955744	0.042299	0.001957	
0.010027	0.104694	0.885279	
0.569212	0.283479	0.147309	
0.357899	0.388293	0.253808	
0.109479	0.734691	0.155830	
0.076481	0.675947	0.247571	
0.906674	0.085775	0.007552	
0.027404	0.593856	0.378740	
0.030067	0.827736	0.142197	
0.475750	0.457332	0.066917	
0.891643	0.096813	0.011544	
0.024786	0.666595	0.308619	
0.647513	0.245852	0.106635	
0.170523	0.475330	0.354147	
0.077590	0.718384	0.204026	
0.005035	0.215746	0.779218	
0.066401	0.565241	0.368358	
0.511733	0.317435	0.170831	
0.009931	0.069749	0.920321	
0.881825	0.108467	0.009709	
0.012874	0.409838	0.577288	
0.085447	0.450216	0.464337	
0.155646	0.404390	0.439964	
0.710762	0.239058	0.050180	
0.012676	0.682673	0.304651	
0.719347	0.238421	0.042232	
0.016259	0.452734	0.531008	
0.021679	0.701934	0.276388	
0.951524	0.044548	0.003928	
0.480117	0.378175	0.141708	
0.006294	0.797360	0.196345	
0.744297	0.209899	0.045804	
0.018437	0.124162	0.857401	
0.013488	0.153655	0.832857	
0.068311	0.387450	0.544239	
0.052595	0.384428	0.562977	
0.005429	0.035594	0.958977	
0.003101	0.721806	0.275093	
0.046160	0.733784	0.220055	
0.004239	0.076833	0.918928	
0.068556	0.574234	0.357210	
0.685788	0.253838	0.060374	
0.778675	0.190962	0.030363	
0.332580	0.538595	0.128825	
0.006117	0.379412	0.614471	
0.897109	0.092569	0.010322	
0.377032	0.494868	0.128100	
0.041602	0.480416	0.477982	
0.101738	0.667710	0.230553	
0.000878	0.037407	0.961715	
0.009753	0.256683	0.733563	
0.008665	0.380707	0.610628	
0.027222	0.863296	0.109481	
0.000149	0.009289	0.990562	
0.256335	0.433877	0.309788	
0.699105	0.236502	0.064393	
0.192836	0.582472	0.224692	
0.015953	0.729469	0.254578	
0.877361	0.109900	0.012739	
0.001239	0.052694	0.946067	
0.068936	0.688270	0.242794	
0.000954	0.043509	0.955537	
0.430336	0.366818	0.202847	
0.020878	0.153834	0.825288	
0.019760	0.608522	0.371718	
0.024750	0.573950	0.401300	
0.007521	0.154750	0.837729	
0.008153	0.102207	0.889640	
0.191804	0.768625	0.039571	
0.521926	0.388953	0.089122	
0.020472	0.727030	0.252498	
0.234309	0.371666	0.394024	
0.004311	0.557204	0.438485	
0.469112	0.353146	0.177743	
0.012646	0.532687	0.454668	
0.000620	0.018990	0.980390	
0.008455	0.757969	0.233576	
0.150475	0.536106	0.313419	
0.002548	0.051624	0.945828	
0.040574	0.650718	0.308708	
0.013529	0.404669	0.581801	
0.012899	0.653995	0.333106	
0.031344	0.359841	0.608816	
0.009994	0.112605	0.877401	
0.003887	0.598636	0.397477	
0.898525	0.095981	0.005494	
0.017779	0.129557	0.852665	
0.103265	0.606685	0.290050	
0.064103	0.516485	0.419412	
0.740551	0.214469	0.044980	
0.020896	0.065738	0.913366	
0.105364	0.743026	0.151610	
0.001825	0.088594	0.909581	
0.015474	0.191124	0.793402	
0.192178	0.683944	0.123878	
0.853863	0.117632	0.028505	
0.124156	0.222876	0.652968	
0.372791	0.242688	0.384521	
0.304093	0.348808	0.347099	
0.730761	0.203446	0.065794	
0.018492	0.051363	0.930145	
0.393745	0.418046	0.188208	
0.004010	0.134575	0.861415	
0.186365	0.607545	0.206091	
0.040911	0.182400	0.776689	
0.944489	0.053090	0.002421	
0.009454	0.567273	0.423272	
0.234419	0.235977	0.529604	
0.009754	0.272571	0.717674	
0.028926	0.454904	0.516170	
0.379017	0.378459	0.242524	
0.014559	0.513193	0.472248	
0.180126	0.600618	0.219255	
0.159799	0.307862	0.532339	
