0.426888	0.212931	0.360181	
0.720312	0.224627	0.055061	
0.005593	0.726219	0.268188	
0.355588	0.482479	0.161933	
0.614701	0.312200	0.073099	
0.837800	0.138225	0.023975	
0.017721	0.202962	0.779317	
0.776053	0.195392	0.028555	
0.007623	0.326300	0.666077	
0.771877	0.196939	0.031184	
0.372454	0.532431	0.095115	
0.298635	0.559808	0.141556	
0.012949	0.802234	0.184818	
0.510969	0.363909	0.125122	
0.034967	0.672162	0.292871	
0.476392	0.410706	0.112902	
0.940546	0.056621	0.002833	
0.014969	0.762426	0.222604	
0.024306	0.431412	0.544282	
0.973213	0.025775	0.001012	
0.002145	0.028436	0.969419	
0.003786	0.337678	0.658536	
0.001345	0.067013	0.931642	
0.018272	0.594883	0.386845	
0.714667	0.229894	0.055439	
0.919699	0.073647	0.006654	
0.548079	0.342362	0.109559	
0.130128	0.276578	0.593295	
0.384051	0.476700	0.139249	
0.066724	0.778513	0.154763	
0.045163	0.756780	0.198057	
0.977587	0.021461	0.000952	
0.654290	0.285256	0.060455	
0.016332	0.283247	0.700422	
0.000407	0.010772	0.988821	
0.003458	0.621192	0.375350	
0.801057	0.176000	0.022943	
0.548181	0.364012	0.087808	
0.000816	0.021457	0.977727	
0.002861	0.080211	0.916928	
0.828971	0.149777	0.021252	
0.718578	0.224982	0.056440	
0.888629	0.101071	0.010299	
0.042840	0.588257	0.368903	
0.010839	0.112123	0.877038	
0.004399	0.724542	0.271059	
0.015285	0.574437	0.410278	
0.426939	0.433931	0.139130	
0.369648	0.489152	0.141199	
0.918395	0.074055	0.007550	
0.007163	0.631835	0.361002	
0.031805	0.204528	0.763667	
0.132251	0.516158	0.351591	
0.050395	0.282883	0.666722	
0.033241	0.348851	0.617909	
0.724489	0.236960	0.038551	
0.910694	0.079843	0.009463	
0.959175	0.038579	0.002247	
0.077031	0.452386	0.470583	
0.062376	0.238885	0.698739	
0.013488	0.287233	0.699279	
0.944387	0.052709	0.002904	
0.695081	0.257200	0.047719	
0.005555	0.598531	0.395914	
0.011571	0.629454	0.358975	
0.462386	0.285874	0.251740	
0.007276	0.074035	0.918689	
0.001091	0.028011	0.970899	
0.000419	0.011995	0.987585	
0.171013	0.650947	0.178040	
0.007999	0.554727	0.437274	
0.376916	0.435869	0.187215	
0.497920	0.376529	0.125550	
0.530937	0.361870	0.107193	
0.938570	0.057445	0.003985	
0.012457	0.297133	0.690410	
0.000510	0.023927	0.975563	
0.046209	0.522428	0.431363	
0.005783	0.355511	0.638707	
0.561039	0.317828	0.121133	
0.001893	0.071050	0.927057	
0.729012	0.231600	0.039388	
0.956416	0.041755	0.001829	
0.636342	0.294866	0.068792	
0.004554	0.709425	0.286020	
0.003562	0.366829	0.629608	
0.010866	0.690903	0.298231	
0.121273	0.496635	0.382092	
0.710430	0.229293	0.060277	
0.008314	0.580697	0.410990	
0.789255	0.179228	0.031517	
0.002611	0.071143	0.926246	
0.512103	0.399703	0.088194	
0.005427	0.678914	0.315659	
0.164928	0.360412	0.474659	
0.003759	0.477991	0.518250	
0.003577	0.106604	0.889819	
0.647151	0.285012	0.067837	
0.005924	0.431624	0.562452	
0.183732	0.143915	0.672353	
0.019636	0.078135	0.902229	
0.002210	0.070043	0.927747	
0.014381	0.782232	0.203387	
0.043068	0.133579	0.823353	
0.007378	0.373128	0.619494	
0.035573	0.250906	0.713521	
0.008055	0.588456	0.403489	
0.102974	0.614892	0.282134	
0.013137	0.266671	0.720192	
0.257220	0.273290	0.469490	
0.827899	0.149986	0.022115	
0.012065	0.506407	0.481529	
0.821084	0.152817	0.026100	
0.345392	0.426133	0.228476	
0.008498	0.781817	0.209685	
0.182537	0.695689	0.121774	
0.003184	0.286941	0.709875	
0.002810	0.395364	0.601827	
0.794671	0.168457	0.036873	
0.004895	0.806152	0.188953	
0.028478	0.582214	0.389309	
0.244650	0.509765	0.245585	
0.524421	0.349830	0.125749	
0.760656	0.198698	0.040646	
0.006305	0.659971	0.333724	
0.060486	0.827534	0.111980	
0.014069	0.054694	0.931237	
0.002110	0.063490	0.934400	
0.001715	0.049822	0.948464	
0.605269	0.358449	0.036281	
0.003888	0.796261	0.199851	
0.074241	0.643781	0.281978	
0.006074	0.261560	0.732366	
0.000356	0.020057	0.979588	
0.452375	0.410293	0.137331	
0.004205	0.261573	0.734222	
0.007879	0.510529	0.481591	
0.145435	0.393348	0.461217	
0.274294	0.602750	0.122956	
0.045845	0.818460	0.135696	
0.000646	0.016957	0.982397	
0.013495	0.795204	0.191301	
0.135301	0.601094	0.263605	
0.003351	0.598146	0.398503	
0.011337	0.083980	0.904684	
0.035344	0.657294	0.307361	
0.004271	0.342662	0.653067	
0.009167	0.386136	0.604696	
0.004153	0.528481	0.467367	
0.013209	0.518727	0.468064	
0.013059	0.621740	0.365200	
0.006913	0.852049	0.141038	
0.004131	0.650788	0.345082	
0.046330	0.632231	0.321439	
0.513078	0.411946	0.074975	
0.005204	0.471840	0.522956	
0.003725	0.412017	0.584258	
0.047135	0.475473	0.477393	
0.033436	0.606692	0.359871	
0.006697	0.178865	0.814438	
0.016518	0.822295	0.161187	
0.109759	0.261000	0.629241	
0.172916	0.656174	0.170910	
0.011017	0.826257	0.162726	
0.003440	0.550975	0.445585	
0.014857	0.150126	0.835017	
0.958773	0.029264	0.011963	
0.001700	0.054448	0.943852	
0.345468	0.539496	0.115035	
0.020255	0.533663	0.446082	
0.000565	0.020694	0.978741	
0.704707	0.244156	0.051137	
0.023567	0.710780	0.265654	
0.135765	0.518062	0.346173	
0.009572	0.655750	0.334678	
0.003533	0.538640	0.457827	
0.010098	0.872895	0.117007	
0.037822	0.127744	0.834434	
0.068690	0.321980	0.609330	
0.004647	0.439732	0.555621	
0.879570	0.106799	0.013631	
0.669343	0.252505	0.078152	
0.459945	0.407869	0.132186	
0.942932	0.052811	0.004257	
0.005743	0.110812	0.883445	
0.149594	0.194234	0.656172	
0.007374	0.225982	0.766645	
0.418410	0.494348	0.087243	
0.017594	0.772399	0.210007	
0.043155	0.751808	0.205037	
0.220615	0.659660	0.119725	
0.120158	0.352157	0.527685	
0.006699	0.314924	0.678377	
0.003320	0.147827	0.848853	
0.010267	0.806681	0.183052	
0.084867	0.544558	0.370575	
0.433189	0.525759	0.041052	
0.006984	0.212785	0.780231	
0.797287	0.166714	0.035998	
0.054552	0.639488	0.305960	
0.025616	0.655452	0.318932	
0.704610	0.237034	0.058355	
0.001457	0.040411	0.958133	
0.332205	0.440115	0.227680	
0.060424	0.556385	0.383191	
0.025561	0.634661	0.339779	
0.020088	0.695123	0.284790	
0.002868	0.316246	0.680886	
0.021937	0.743317	0.234746	
0.449607	0.392942	0.157451	
0.080053	0.470419	0.449528	
0.020861	0.618080	0.361059	
0.033204	0.699284	0.267511	
0.021926	0.666596	0.311478	
0.354161	0.562945	0.082894	
0.337041	0.429825	0.233135	
0.008273	0.653629	0.338098	
0.142654	0.659395	0.197951	
0.048922	0.141819	0.809259	
0.803906	0.168220	0.027875	
0.004988	0.053738	0.941274	
0.030635	0.720243	0.249122	
0.006143	0.322870	0.670987	
0.130418	0.685267	0.184315	
0.010700	0.742557	0.246743	
0.371865	0.502103	0.126033	
0.396464	0.435185	0.168350	
0.003176	0.319045	0.677779	
0.034782	0.155495	0.809723	
0.005849	0.185235	0.808915	
0.002734	0.176482	0.820784	
0.089758	0.550054	0.360187	
0.003397	0.364123	0.632481	
0.292189	0.601223	0.106588	
0.003307	0.300627	0.696066	
0.619483	0.287731	0.092785	
0.950715	0.046467	0.002818	
0.005588	0.565439	0.428973	
0.004648	0.282574	0.712778	
0.098804	0.477901	0.423295	
0.007456	0.574749	0.417795	
0.656211	0.281937	0.061852	
0.012824	0.317517	0.669660	
0.146587	0.642585	0.210828	
0.478257	0.360692	0.161051	
0.054542	0.346002	0.599456	
0.201648	0.496382	0.301970	
0.709511	0.265618	0.024871	
0.006894	0.184153	0.808953	
0.850012	0.125632	0.024356	
0.061668	0.629454	0.308878	
0.196649	0.325437	0.477914	
0.328835	0.578224	0.092941	
0.003574	0.332373	0.664053	
0.945854	0.051485	0.002661	
0.005120	0.481686	0.513194	
0.435906	0.504484	0.059611	
0.003714	0.137983	0.858302	
0.864291	0.123666	0.012042	
0.638588	0.258987	0.102425	
0.062566	0.321268	0.616166	
0.004755	0.037831	0.957414	
0.037646	0.695109	0.267244	
0.012107	0.780621	0.207272	
0.006744	0.504970	0.488285	
0.455689	0.409807	0.134504	
0.000095	0.002723	0.997182	
0.201404	0.583531	0.215065	
0.018894	0.123872	0.857234	
0.000103	0.005053	0.994845	
0.755011	0.219977	0.025011	
0.398744	0.385370	0.215886	
0.255110	0.463740	0.281150	
0.689824	0.258977	0.051198	
0.010674	0.068747	0.920579	
0.028630	0.631354	0.340017	
0.058471	0.540731	0.400797	
0.391602	0.492613	0.115785	
0.944618	0.051854	0.003528	
0.005889	0.552799	0.441312	
0.469842	0.374670	0.155488	
0.006069	0.062376	0.931555	
0.625184	0.286510	0.088306	
0.247298	0.528884	0.223818	
0.011291	0.075930	0.912778	
0.045304	0.130007	0.824689	
0.001008	0.018503	0.980489	
0.326745	0.306048	0.367207	
0.010629	0.102639	0.886732	
0.631149	0.287416	0.081435	
0.002255	0.096991	0.900754	
0.024203	0.661271	0.314527	
0.004262	0.329151	0.666587	
0.185597	0.632928	0.181476	
0.006996	0.033216	0.959788	
0.940537	0.056020	0.003443	
0.736875	0.241792	0.021333	
0.020769	0.155029	0.824202	
0.772744	0.199718	0.027538	
0.000647	0.008793	0.990559	
0.374840	0.551139	0.074021	
0.010404	0.061507	0.928089	
0.609002	0.255359	0.135639	
0.239740	0.314406	0.445854	
0.146753	0.640267	0.212980	
0.018731	0.662153	0.319116	
0.158841	0.613939	0.227220	
0.635313	0.267552	0.097135	
0.974956	0.023959	0.001085	
0.005732	0.048905	0.945362	
0.430043	0.387806	0.182151	
0.034532	0.537207	0.428260	
0.272348	0.562873	0.164779	
0.147058	0.656619	0.196323	
0.141220	0.313850	0.544930	
0.784500	0.185043	0.030457	
0.117824	0.230987	0.651189	
0.154456	0.718969	0.126575	
0.113296	0.682430	0.204274	
0.352745	0.558648	0.088607	
0.198250	0.507899	0.293851	
0.000141	0.004719	0.995140	
0.333341	0.568522	0.098136	
0.033246	0.430426	0.536328	
0.011574	0.450080	0.538346	
0.683469	0.240186	0.076345	
0.329245	0.546087	0.124668	
0.240682	0.560402	0.198916	
0.388719	0.395445	0.215836	
0.020226	0.404765	0.575009	
0.044542	0.607048	0.348409	
0.036629	0.651133	0.312238	
0.523451	0.307138	0.169412	
0.078782	0.777510	0.143708	
0.001873	0.078072	0.920054	
0.047354	0.367513	0.585133	
0.463179	0.392366	0.144455	
0.012465	0.577530	0.410005	
0.549305	0.388529	0.062166	
0.021003	0.398591	0.580405	
0.003376	0.064644	0.931980	
0.007165	0.169376	0.823459	
0.297000	0.431745	0.271255	
0.007560	0.103944	0.888495	
0.030692	0.737078	0.232229	
0.032041	0.169900	0.798059	
0.024008	0.669087	0.306905	
0.956974	0.040442	0.002584	
0.007636	0.621370	0.370994	
0.052181	0.772820	0.174999	
0.031140	0.712719	0.256141	
0.291590	0.490364	0.218046	
0.604103	0.279792	0.116105	
0.128920	0.708010	0.163070	
0.591603	0.367324	0.041073	
0.373562	0.413213	0.213226	
0.158523	0.581376	0.260102	
0.010073	0.208754	0.781173	
0.013613	0.235594	0.750793	
0.002103	0.036647	0.961251	
0.054552	0.639488	0.305960	
0.657428	0.251651	0.090921	
0.250906	0.404102	0.344992	
0.608073	0.299364	0.092562	
0.083524	0.618945	0.297530	
0.886333	0.098170	0.015497	
0.071282	0.367689	0.561029	
0.019272	0.100297	0.880430	
0.091762	0.330958	0.577280	
0.002022	0.026868	0.971110	
0.065801	0.238163	0.696036	
0.868279	0.120153	0.011568	
0.027607	0.468002	0.504391	
0.092336	0.663900	0.243764	
0.042793	0.380829	0.576378	
0.305210	0.231119	0.463671	
0.423404	0.505536	0.071060	
0.006377	0.247616	0.746007	
0.944360	0.050109	0.005531	
0.199864	0.624744	0.175392	
0.011459	0.207449	0.781092	
0.832459	0.147959	0.019582	
0.045487	0.170086	0.784428	
0.821986	0.163324	0.014690	
0.002604	0.021227	0.976169	
0.381276	0.447750	0.170975	
0.186701	0.701752	0.111547	
0.137876	0.436223	0.425901	
0.793848	0.188933	0.017220	
0.021303	0.668553	0.310144	
0.067260	0.328179	0.604561	
0.703714	0.241110	0.055175	
0.747879	0.214330	0.037791	
0.372893	0.513627	0.113480	
0.368148	0.531764	0.100088	
0.290164	0.419435	0.290401	
0.249447	0.565061	0.185493	
0.690715	0.273176	0.036109	
0.984940	0.014677	0.000383	
0.876984	0.113864	0.009152	
0.874525	0.114622	0.010853	
0.966930	0.031702	0.001369	
0.770800	0.203756	0.025444	
0.466153	0.422487	0.111360	
0.639251	0.307386	0.053364	
0.813770	0.170416	0.015814	
0.007279	0.083356	0.909365	
0.055568	0.387780	0.556651	
0.776880	0.205440	0.017680	
0.074558	0.745988	0.179454	
0.731555	0.230438	0.038006	
0.576180	0.355455	0.068365	
0.718194	0.251486	0.030320	
0.012638	0.767067	0.220296	
0.868385	0.119569	0.012047	
0.703949	0.266830	0.029221	
0.097564	0.656419	0.246018	
0.837648	0.145906	0.016447	
0.085927	0.769693	0.144380	
0.447955	0.322182	0.229862	
0.628151	0.308451	0.063398	
0.767297	0.195427	0.037276	
0.789979	0.175196	0.034824	
0.660845	0.256316	0.082839	
0.703622	0.254894	0.041485	
0.899840	0.091699	0.008461	
0.003186	0.029906	0.966907	
0.642834	0.241587	0.115579	
0.031650	0.153969	0.814381	
0.233739	0.633447	0.132813	
0.484457	0.394399	0.121144	
0.277334	0.602506	0.120160	
0.059748	0.118497	0.821754	
0.009769	0.804367	0.185864	
0.009761	0.080629	0.909610	
0.568904	0.301436	0.129660	
0.114014	0.761065	0.124921	
0.561503	0.387076	0.051421	
0.130099	0.577671	0.292230	
0.798160	0.172207	0.029633	
0.542009	0.392080	0.065911	
0.029619	0.707293	0.263088	
0.446548	0.325308	0.228144	
0.094067	0.763574	0.142359	
0.892954	0.092587	0.014458	
0.436137	0.468663	0.095200	
0.315677	0.552772	0.131551	
0.870917	0.116514	0.012570	
0.617449	0.335176	0.047375	
0.135048	0.667467	0.197484	
0.071069	0.761504	0.167427	
0.236156	0.546924	0.216920	
0.808887	0.161920	0.029193	
0.673174	0.241944	0.084882	
0.042436	0.751919	0.205645	
0.368476	0.473838	0.157686	
0.673488	0.289042	0.037470	
0.235402	0.559734	0.204865	
0.163684	0.741374	0.094942	
0.092836	0.754332	0.152831	
0.939866	0.058394	0.001740	
0.379572	0.556460	0.063967	
0.299443	0.548358	0.152199	
0.743782	0.221326	0.034892	
0.933908	0.064158	0.001934	
0.898311	0.099295	0.002394	
0.951427	0.046226	0.002346	
0.284577	0.639725	0.075699	
0.924635	0.072219	0.003146	
0.934902	0.062950	0.002148	
0.816381	0.173372	0.010246	
0.804686	0.187633	0.007681	
0.015761	0.060804	0.923434	
0.951802	0.046690	0.001508	
0.410107	0.453803	0.136090	
0.431969	0.472178	0.095853	
0.000259	0.008954	0.990787	
0.568548	0.402231	0.029221	
0.793381	0.181277	0.025342	
0.980015	0.019250	0.000735	
0.532381	0.416169	0.051450	
0.095319	0.763318	0.141363	
0.127721	0.725747	0.146532	
0.126329	0.805429	0.068243	
0.020890	0.877750	0.101360	
0.085192	0.720785	0.194023	
0.047682	0.721388	0.230930	
0.204025	0.729261	0.066715	
0.285581	0.640156	0.074263	
0.160498	0.738628	0.100874	
0.415800	0.388384	0.195816	
0.100992	0.620560	0.278449	
0.262468	0.628315	0.109217	
0.412028	0.520482	0.067489	
0.913492	0.079800	0.006708	
0.163475	0.803988	0.032538	
0.047784	0.719958	0.232258	
0.296816	0.619281	0.083903	
0.034533	0.803096	0.162371	
0.646101	0.317105	0.036795	
0.677384	0.283344	0.039272	
0.021467	0.334338	0.644195	
0.463932	0.220610	0.315458	
0.747241	0.228288	0.024472	
0.945494	0.052029	0.002477	
0.409249	0.563264	0.027488	
0.297446	0.601666	0.100889	
0.137651	0.749466	0.112884	
0.797250	0.193142	0.009607	
0.132517	0.723048	0.144434	
0.566505	0.412602	0.020893	
0.907860	0.088980	0.003160	
0.018812	0.837413	0.143776	
0.031279	0.896692	0.072029	
0.192349	0.713024	0.094627	
0.726812	0.239528	0.033660	
0.260571	0.605212	0.134217	
0.349353	0.616338	0.034308	
0.203170	0.718174	0.078657	
0.157581	0.769881	0.072537	
0.620140	0.331570	0.048290	
0.524677	0.427535	0.047788	
0.509752	0.466490	0.023758	
0.659148	0.298763	0.042089	
0.075549	0.738879	0.185573	
0.668915	0.280748	0.050338	
0.166273	0.703559	0.130168	
0.107853	0.740590	0.151557	
0.212215	0.676870	0.110915	
0.674941	0.281874	0.043185	
0.525054	0.380398	0.094548	
0.152864	0.523982	0.323154	
0.041993	0.819901	0.138106	
0.364143	0.335276	0.300582	
0.921838	0.076372	0.001791	
0.011170	0.765444	0.223386	
0.234600	0.679872	0.085528	
0.360175	0.550621	0.089204	
0.205106	0.755377	0.039517	
0.843691	0.132461	0.023849	
0.488497	0.442617	0.068885	
0.221926	0.326194	0.451880	
0.923942	0.071794	0.004264	
0.558914	0.371217	0.069869	
0.327066	0.367632	0.305301	
0.003937	0.830036	0.166027	
0.008347	0.637841	0.353812	
0.511921	0.378382	0.109697	
0.000230	0.013466	0.986304	
0.413192	0.480641	0.106166	
0.292808	0.499046	0.208146	
0.047519	0.877363	0.075118	
0.572784	0.348744	0.078472	
0.000869	0.020070	0.979061	
0.005209	0.148926	0.845865	
0.085439	0.650803	0.263758	
0.022600	0.489108	0.488291	
0.063323	0.736762	0.199916	
0.179932	0.702187	0.117881	
0.021290	0.615798	0.362913	
0.056026	0.568752	0.375222	
0.285957	0.530364	0.183679	
0.123178	0.694296	0.182526	
0.404099	0.451162	0.144740	
0.081950	0.542025	0.376025	
0.006312	0.704403	0.289285	
0.299235	0.574299	0.126467	
0.403876	0.428813	0.167312	
0.164918	0.673751	0.161331	
0.009578	0.193496	0.796925	
0.007137	0.675132	0.317731	
0.007959	0.662274	0.329767	
0.004283	0.481436	0.514281	
0.000467	0.021275	0.978257	
0.005239	0.637582	0.357179	
0.008092	0.273665	0.718243	
0.112387	0.169708	0.717906	
0.008072	0.323625	0.668303	
0.028710	0.369505	0.601786	
0.108058	0.583150	0.308792	
0.010669	0.325112	0.664219	
0.398174	0.466648	0.135178	
0.853080	0.126541	0.020378	
0.005317	0.126766	0.867917	
0.049977	0.722400	0.227623	
0.060747	0.722641	0.216612	
0.007356	0.616819	0.375825	
0.002423	0.350635	0.646942	
0.003939	0.752004	0.244057	
0.002816	0.096182	0.901002	
0.050864	0.602898	0.346238	
0.003923	0.561384	0.434693	
0.023073	0.465055	0.511872	
0.050535	0.704205	0.245261	
0.830783	0.140986	0.028231	
0.032524	0.340100	0.627376	
0.347156	0.369221	0.283623	
0.114250	0.340963	0.544788	
0.004609	0.412291	0.583100	
0.117127	0.645280	0.237593	
0.012140	0.837182	0.150678	
0.626807	0.278232	0.094961	
0.084105	0.727504	0.188390	
0.016337	0.438141	0.545522	
0.003864	0.701895	0.294242	
0.522429	0.374284	0.103287	
0.315445	0.544187	0.140368	
0.257726	0.258850	0.483423	
0.342176	0.408989	0.248835	
0.026333	0.394188	0.579478	
0.021150	0.433560	0.545290	
0.019291	0.234583	0.746126	
0.693716	0.252564	0.053720	
0.419256	0.373086	0.207658	
0.006837	0.657049	0.336114	
0.005311	0.631138	0.363550	
0.004874	0.337287	0.657839	
0.547759	0.333213	0.119028	
0.019515	0.704527	0.275958	
0.046339	0.640534	0.313127	
0.006094	0.637959	0.355947	
0.371924	0.410640	0.217436	
0.369277	0.513422	0.117301	
0.108460	0.666225	0.225314	
0.669300	0.262233	0.068466	
0.006667	0.089470	0.903863	
0.000908	0.025288	0.973804	
0.967422	0.031002	0.001576	
0.431719	0.393011	0.175270	
0.020318	0.631041	0.348641	
0.012111	0.236324	0.751564	
0.004159	0.637414	0.358427	
0.209717	0.575106	0.215177	
0.003116	0.108894	0.887990	
0.013400	0.303671	0.682930	
0.021273	0.428963	0.549763	
0.126150	0.567274	0.306576	
0.010673	0.547036	0.442292	
0.162711	0.407229	0.430060	
0.005274	0.475711	0.519015	
0.053716	0.497584	0.448699	
0.004272	0.579374	0.416355	
0.013566	0.290288	0.696146	
0.289103	0.527737	0.183160	
0.386026	0.468748	0.145227	
0.352680	0.543755	0.103565	
0.321851	0.450242	0.227907	
0.034330	0.674524	0.291146	
0.034596	0.720723	0.244682	
0.028714	0.772662	0.198624	
0.101936	0.249225	0.648839	
0.131736	0.571001	0.297263	
0.066460	0.477093	0.456446	
0.652867	0.288811	0.058322	
0.037923	0.690602	0.271475	
0.031118	0.461280	0.507602	
0.307565	0.525771	0.166664	
0.006488	0.138334	0.855177	
0.023086	0.677666	0.299249	
0.021755	0.709402	0.268843	
0.023821	0.195174	0.781006	
0.215115	0.475922	0.308963	
0.114950	0.721892	0.163158	
0.007593	0.533336	0.459071	
0.002780	0.145295	0.851925	
0.010710	0.273297	0.715994	
0.007151	0.409828	0.583020	
0.016469	0.626344	0.357187	
0.100609	0.534915	0.364476	
0.025216	0.771529	0.203255	
0.017597	0.637175	0.345227	
0.016383	0.510549	0.473068	
0.245588	0.637569	0.116843	
0.004871	0.363160	0.631969	
0.865323	0.118729	0.015948	
0.005073	0.680213	0.314714	
0.006829	0.733332	0.259839	
0.004843	0.514186	0.480972	
0.178909	0.361117	0.459974	
0.007634	0.579166	0.413200	
0.011141	0.346435	0.642425	
0.010944	0.663454	0.325602	
0.037859	0.517285	0.444856	
0.011751	0.811356	0.176893	
0.779022	0.197780	0.023198	
0.021858	0.314442	0.663699	
0.004823	0.438334	0.556842	
0.006050	0.126674	0.867276	
0.003339	0.030425	0.966236	
0.722800	0.224925	0.052275	
0.047263	0.548766	0.403971	
0.015844	0.626175	0.357981	
0.019016	0.213778	0.767206	
0.005012	0.632233	0.362755	
0.115725	0.162279	0.721996	
0.492500	0.375861	0.131638	
0.020791	0.240314	0.738894	
0.108981	0.654108	0.236912	
0.010305	0.567268	0.422427	
0.035600	0.625659	0.338742	
0.005825	0.481499	0.512676	
0.769697	0.185125	0.045177	
0.039980	0.370099	0.589921	
0.006557	0.784786	0.208657	
0.003020	0.255881	0.741099	
0.025056	0.752020	0.222925	
0.088212	0.537010	0.374778	
0.005426	0.716663	0.277911	
0.418035	0.510406	0.071559	
0.008879	0.461744	0.529376	
0.155818	0.645323	0.198859	
0.004911	0.624801	0.370288	
0.187680	0.675674	0.136645	
0.350838	0.592032	0.057130	
0.289994	0.618838	0.091169	
0.007550	0.136971	0.855478	
0.028265	0.406497	0.565238	
0.025313	0.456014	0.518673	
0.002367	0.072535	0.925097	
0.550918	0.315295	0.133787	
0.012847	0.628280	0.358873	
0.009255	0.692708	0.298036	
0.784856	0.181402	0.033742	
0.152405	0.380648	0.466947	
0.044900	0.355162	0.599939	
0.010762	0.339856	0.649382	
0.009191	0.620786	0.370022	
0.214034	0.607777	0.178189	
0.450805	0.458802	0.090393	
0.313746	0.533787	0.152467	
0.256666	0.507345	0.235989	
0.056493	0.721696	0.221812	
0.479304	0.440442	0.080254	
0.610319	0.296600	0.093082	
0.596584	0.329979	0.073437	
0.731261	0.223597	0.045142	
0.008569	0.719695	0.271736	
0.036987	0.879141	0.083872	
0.487779	0.452767	0.059454	
0.594282	0.338137	0.067581	
0.399865	0.507929	0.092206	
0.139891	0.697031	0.163078	
0.309338	0.560629	0.130034	
0.241949	0.532629	0.225422	
0.007167	0.078532	0.914301	
0.035428	0.369829	0.594743	
0.391366	0.473226	0.135408	
0.105832	0.383028	0.511140	
0.035096	0.648055	0.316849	
0.165446	0.727917	0.106637	
0.699276	0.257205	0.043520	
0.053290	0.740594	0.206116	
0.075700	0.406354	0.517946	
0.291372	0.570441	0.138187	
0.307906	0.236070	0.456024	
0.039783	0.411980	0.548237	
0.834788	0.143491	0.021721	
0.755284	0.205114	0.039602	
0.095808	0.346943	0.557249	
0.001741	0.051853	0.946407	
0.075250	0.820254	0.104496	
0.547341	0.361723	0.090936	
0.673959	0.294966	0.031075	
0.608836	0.326002	0.065162	
0.216914	0.621769	0.161317	
0.400240	0.515627	0.084133	
0.113137	0.496857	0.390006	
0.174142	0.430554	0.395304	
0.309957	0.471223	0.218820	
0.478205	0.413868	0.107927	
0.284435	0.495647	0.219919	
0.022049	0.858152	0.119799	
0.183592	0.630403	0.186006	
0.006018	0.676030	0.317951	
0.079421	0.715448	0.205130	
0.072361	0.789302	0.138337	
0.777741	0.202428	0.019831	
0.904987	0.081544	0.013469	
0.075226	0.204800	0.719973	
0.042616	0.734740	0.222644	
0.683203	0.255059	0.061738	
0.581818	0.381004	0.037178	
0.007259	0.769887	0.222854	
0.526398	0.412308	0.061294	
0.028767	0.764066	0.207167	
0.700503	0.250756	0.048741	
0.049250	0.751843	0.198907	
0.014926	0.677744	0.307331	
0.552500	0.357237	0.090263	
0.063326	0.777684	0.158991	
0.005720	0.668988	0.325292	
0.435832	0.485086	0.079082	
0.049565	0.754344	0.196090	
0.593904	0.166516	0.239580	
0.419971	0.389813	0.190216	
0.005331	0.738156	0.256514	
0.319707	0.601734	0.078559	
0.020393	0.894976	0.084631	
0.068174	0.767348	0.164479	
0.003561	0.160166	0.836274	
0.038058	0.877923	0.084019	
0.093372	0.747751	0.158877	
0.064767	0.504852	0.430381	
0.006329	0.730814	0.262856	
0.004392	0.060733	0.934875	
0.006332	0.868291	0.125377	
0.959439	0.038622	0.001938	
0.020250	0.812000	0.167750	
0.003643	0.532194	0.464163	
0.053639	0.698663	0.247698	
0.624968	0.323254	0.051777	
0.035586	0.795070	0.169345	
0.094540	0.407605	0.497855	
0.197322	0.712522	0.090155	
0.040950	0.645374	0.313676	
0.826787	0.151670	0.021543	
0.006544	0.786960	0.206496	
0.771744	0.205753	0.022503	
0.757618	0.205841	0.036542	
0.081969	0.706389	0.211642	
0.005962	0.523952	0.470086	
0.046827	0.820508	0.132665	
0.274375	0.581150	0.144475	
0.287762	0.519414	0.192824	
0.013224	0.687696	0.299079	
0.016028	0.287894	0.696079	
0.191746	0.270029	0.538225	
0.146012	0.712566	0.141422	
0.333925	0.480336	0.185739	
0.001749	0.168748	0.829504	
0.825678	0.150819	0.023503	
0.121896	0.808113	0.069991	
0.031000	0.304744	0.664256	
0.022328	0.829181	0.148491	
0.193687	0.556787	0.249526	
0.140751	0.562623	0.296626	
0.223851	0.666265	0.109885	
0.035874	0.144665	0.819461	
0.002462	0.045450	0.952088	
0.230692	0.472289	0.297019	
0.005453	0.424445	0.570102	
0.585153	0.350538	0.064309	
0.033065	0.825784	0.141150	
0.030347	0.729341	0.240313	
0.055233	0.223841	0.720926	
0.054520	0.120250	0.825230	
0.007949	0.736117	0.255933	
0.016123	0.402075	0.581802	
0.861406	0.124821	0.013773	
0.193151	0.208470	0.598379	
0.049793	0.452608	0.497598	
0.004112	0.500193	0.495694	
0.085774	0.698955	0.215271	
0.737471	0.231277	0.031252	
0.603726	0.334927	0.061347	
0.737025	0.233178	0.029797	
0.832992	0.147177	0.019831	
0.078371	0.587803	0.333826	
0.086170	0.668734	0.245096	
0.259571	0.264442	0.475987	
0.018492	0.671247	0.310261	
0.388659	0.414017	0.197324	
0.481015	0.480859	0.038126	
0.009817	0.686458	0.303725	
0.905634	0.085195	0.009171	
0.620543	0.305700	0.073757	
0.285703	0.607904	0.106393	
0.814871	0.163732	0.021397	
0.001347	0.047905	0.950748	
0.069187	0.770620	0.160193	
0.004342	0.218881	0.776776	
0.004976	0.618265	0.376759	
0.018648	0.704837	0.276516	
0.458815	0.454576	0.086609	
0.797965	0.182389	0.019646	
0.093556	0.733357	0.173087	
0.007107	0.769291	0.223602	
0.080421	0.686865	0.232713	
0.006847	0.731517	0.261636	
0.381882	0.326236	0.291882	
0.099990	0.664020	0.235990	
0.081825	0.699432	0.218744	
0.074845	0.254901	0.670254	
0.012495	0.489634	0.497871	
0.001325	0.045469	0.953206	
0.006273	0.052963	0.940764	
0.949129	0.048545	0.002325	
0.008774	0.269413	0.721814	
0.087075	0.656221	0.256704	
0.671108	0.268695	0.060197	
0.012191	0.569644	0.418166	
0.014408	0.384211	0.601380	
0.011930	0.775248	0.212822	
0.013480	0.716568	0.269952	
0.241845	0.455553	0.302602	
0.687788	0.253663	0.058549	
0.018693	0.692476	0.288830	
0.003157	0.415760	0.581083	
0.395272	0.519790	0.084938	
0.003572	0.059854	0.936575	
0.044110	0.433090	0.522800	
0.374263	0.488601	0.137136	
0.072701	0.679857	0.247442	
0.020736	0.210618	0.768646	
0.714330	0.207619	0.078052	
0.003585	0.337686	0.658729	
0.034712	0.600980	0.364309	
0.811729	0.157044	0.031228	
0.123293	0.680026	0.196681	
0.006398	0.649012	0.344590	
0.013054	0.164317	0.822628	
0.477423	0.365929	0.156648	
0.028339	0.525837	0.445824	
0.003270	0.060146	0.936584	
0.317142	0.591045	0.091813	
0.041225	0.558463	0.400311	
0.299577	0.539916	0.160507	
0.009289	0.839908	0.150803	
0.012941	0.342582	0.644477	
0.757133	0.201773	0.041094	
0.006543	0.081358	0.912099	
0.313456	0.398077	0.288467	
0.083404	0.534118	0.382478	
0.642815	0.290867	0.066318	
0.339998	0.553338	0.106664	
0.965092	0.033712	0.001196	
0.038201	0.623012	0.338787	
0.017600	0.715561	0.266839	
0.050432	0.641323	0.308245	
0.698015	0.266575	0.035409	
0.139871	0.440044	0.420085	
0.518641	0.343100	0.138259	
0.199953	0.586418	0.213629	
0.105932	0.735516	0.158552	
0.006630	0.416677	0.576693	
0.316240	0.251059	0.432702	
0.002768	0.849681	0.147551	
0.000143	0.008746	0.991111	
0.768365	0.209207	0.022427	
0.103828	0.586407	0.309764	
0.006454	0.338205	0.655340	
0.001926	0.064398	0.933676	
0.031011	0.266544	0.702446	
0.721551	0.243518	0.034931	
0.812124	0.160251	0.027624	
0.008615	0.492981	0.498404	
0.230398	0.339051	0.430551	
0.001053	0.031838	0.967109	
0.556694	0.373662	0.069644	
0.286481	0.563372	0.150147	
0.004066	0.217573	0.778362	
0.261634	0.381356	0.357010	
0.442454	0.396287	0.161258	
0.067322	0.131832	0.800846	
0.015759	0.102670	0.881570	
0.661182	0.282286	0.056532	
0.414745	0.432592	0.152663	
0.000311	0.007750	0.991939	
0.745983	0.213698	0.040319	
0.211030	0.466382	0.322588	
0.000138	0.009574	0.990288	
0.005533	0.221572	0.772895	
0.541139	0.205631	0.253229	
0.061009	0.577244	0.361747	
0.049356	0.495883	0.454761	
0.681055	0.223669	0.095276	
0.092676	0.282630	0.624694	
0.428932	0.500332	0.070736	
0.003503	0.080668	0.915830	
0.000213	0.016911	0.982875	
0.024263	0.137418	0.838318	
0.230213	0.645703	0.124085	
0.000558	0.031626	0.967817	
0.001611	0.053134	0.945255	
0.721479	0.225984	0.052538	
0.115030	0.709191	0.175780	
0.975447	0.023468	0.001086	
0.001978	0.077869	0.920153	
0.011238	0.217388	0.771373	
0.003839	0.540302	0.455859	
0.229443	0.567960	0.202597	
0.010878	0.559703	0.429419	
0.000742	0.037478	0.961780	
0.023950	0.211934	0.764116	
0.767238	0.201220	0.031542	
0.075295	0.651688	0.273017	
0.028903	0.450929	0.520168	
0.075347	0.686529	0.238124	
0.432397	0.416929	0.150674	
0.959552	0.038259	0.002189	
0.011197	0.156454	0.832349	
0.030475	0.795609	0.173916	
0.819543	0.148463	0.031994	
0.281920	0.442868	0.275212	
0.036650	0.244272	0.719079	
0.430098	0.432872	0.137030	
0.004205	0.161282	0.834512	
0.672125	0.244149	0.083726	
0.013362	0.300563	0.686076	
0.128297	0.686151	0.185552	
0.564159	0.373599	0.062242	
0.133884	0.725217	0.140900	
0.000193	0.007216	0.992591	
0.044363	0.664112	0.291525	
0.893763	0.098601	0.007636	
0.007523	0.076704	0.915773	
0.493359	0.450041	0.056600	
0.554456	0.299456	0.146088	
0.062189	0.833872	0.103938	
0.472884	0.465140	0.061976	
0.004315	0.817355	0.178330	
0.128760	0.654794	0.216446	
0.634818	0.316402	0.048780	
0.335560	0.605250	0.059190	
0.143107	0.695001	0.161892	
0.646082	0.323140	0.030778	
0.633053	0.323750	0.043196	
0.088685	0.805054	0.106261	
0.007388	0.309247	0.683365	
0.835480	0.153361	0.011159	
0.905970	0.089846	0.004185	
0.726243	0.244035	0.029722	
0.004675	0.103742	0.891583	
0.090189	0.565133	0.344678	
0.707301	0.234650	0.058049	
0.758160	0.218476	0.023365	
0.030984	0.850127	0.118889	
0.678492	0.251897	0.069611	
0.527745	0.457543	0.014712	
0.643475	0.324738	0.031787	
0.076010	0.500173	0.423817	
0.029366	0.855256	0.115379	
0.193286	0.529512	0.277203	
0.361115	0.547131	0.091754	
0.846662	0.137582	0.015757	
0.144649	0.513910	0.341441	
0.268142	0.621004	0.110854	
0.007582	0.200003	0.792414	
0.413182	0.536730	0.050088	
0.899204	0.098533	0.002263	
0.847096	0.139568	0.013336	
0.743463	0.199195	0.057342	
0.014295	0.459630	0.526075	
0.005238	0.812107	0.182655	
0.004171	0.667009	0.328819	
0.424336	0.466434	0.109230	
0.029958	0.765247	0.204796	
0.505346	0.432060	0.062594	
0.009980	0.690157	0.299863	
0.165883	0.689245	0.144872	
0.567723	0.318721	0.113556	
0.030229	0.746802	0.222970	
0.271406	0.298935	0.429659	
0.112289	0.709444	0.178267	
0.010575	0.219989	0.769436	
0.078841	0.883347	0.037812	
0.021949	0.848114	0.129937	
0.413648	0.416911	0.169442	
0.185338	0.523817	0.290845	
0.031626	0.809982	0.158392	
0.000390	0.009847	0.989763	
0.032848	0.780223	0.186930	
0.019602	0.116739	0.863660	
0.003844	0.793959	0.202197	
0.918577	0.075796	0.005627	
0.008170	0.382512	0.609318	
0.043891	0.815044	0.141065	
0.030025	0.819015	0.150961	
0.476646	0.462195	0.061159	
0.637853	0.303665	0.058482	
0.045090	0.390783	0.564126	
0.355548	0.512023	0.132429	
0.083710	0.776766	0.139524	
0.041717	0.806765	0.151518	
0.688851	0.290205	0.020944	
0.649104	0.187734	0.163162	
0.015304	0.749637	0.235059	
0.679711	0.274326	0.045963	
0.648676	0.325035	0.026289	
0.005090	0.134671	0.860239	
0.525578	0.239298	0.235124	
0.000845	0.026240	0.972915	
0.279001	0.628083	0.092916	
0.066102	0.830714	0.103184	
0.349454	0.536838	0.113708	
0.054473	0.204909	0.740618	
0.054216	0.858523	0.087261	
0.694742	0.283579	0.021679	
0.895720	0.096550	0.007730	
0.034396	0.557090	0.408514	
0.735862	0.238427	0.025711	
0.005286	0.423861	0.570853	
0.407455	0.480376	0.112168	
0.233072	0.697735	0.069193	
0.022092	0.804895	0.173013	
0.722881	0.233212	0.043907	
0.003782	0.215482	0.780736	
0.393051	0.417827	0.189122	
0.762299	0.199295	0.038406	
0.001121	0.027616	0.971264	
0.008210	0.732590	0.259200	
0.021773	0.490745	0.487482	
0.922251	0.070730	0.007019	
0.065492	0.583548	0.350960	
0.188853	0.597756	0.213392	
0.098182	0.343951	0.557867	
0.417817	0.376414	0.205769	
0.534030	0.339515	0.126455	
0.548590	0.206103	0.245307	
0.024327	0.787426	0.188248	
0.031803	0.737827	0.230370	
0.259308	0.538845	0.201848	
0.595928	0.347379	0.056694	
0.067420	0.633642	0.298938	
0.577165	0.302811	0.120024	
0.018674	0.616794	0.364533	
0.734903	0.222730	0.042366	
0.060626	0.692431	0.246942	
0.192455	0.548890	0.258655	
0.524387	0.401084	0.074530	
0.354834	0.550533	0.094633	
0.571863	0.334370	0.093767	
0.603665	0.239265	0.157071	
0.001968	0.050897	0.947135	
0.044245	0.656083	0.299672	
0.003524	0.518701	0.477775	
0.019169	0.143782	0.837049	
0.047056	0.610162	0.342782	
0.207016	0.471936	0.321049	
0.002672	0.270532	0.726796	
0.151588	0.595670	0.252742	
0.002755	0.346814	0.650432	
0.012060	0.664788	0.323152	
0.423833	0.344037	0.232130	
0.000547	0.010692	0.988761	
0.928097	0.068653	0.003249	
0.099019	0.513185	0.387797	
0.013674	0.489459	0.496867	
0.764204	0.201650	0.034145	
0.874720	0.112735	0.012545	
0.004517	0.555882	0.439600	
0.014373	0.159624	0.826002	
0.003911	0.671282	0.324808	
0.017988	0.384483	0.597530	
0.005451	0.101074	0.893475	
0.529410	0.384225	0.086364	
0.754552	0.213227	0.032220	
0.002379	0.723666	0.273954	
0.348451	0.506449	0.145100	
0.022078	0.360085	0.617837	
0.111994	0.751291	0.136715	
0.000456	0.022101	0.977443	
0.000480	0.015872	0.983648	
0.464307	0.439764	0.095929	
0.004023	0.180784	0.815193	
0.525316	0.397026	0.077658	
0.004735	0.372927	0.622338	
0.007399	0.728427	0.264174	
0.000750	0.024280	0.974970	
0.029316	0.506002	0.464681	
0.506744	0.382201	0.111055	
0.008590	0.483905	0.507505	
0.163036	0.426069	0.410895	
0.000386	0.015280	0.984335	
0.003922	0.798752	0.197326	
0.065319	0.739965	0.194716	
0.103258	0.773757	0.122986	
0.072507	0.679674	0.247820	
0.006517	0.148764	0.844719	
0.598450	0.340307	0.061243	
0.003712	0.411905	0.584383	
0.007975	0.780264	0.211760	
0.012266	0.814170	0.173563	
0.749780	0.226794	0.023426	
0.672840	0.293357	0.033802	
0.009756	0.625019	0.365225	
0.006797	0.620079	0.373124	
0.006369	0.247262	0.746369	
0.310144	0.545682	0.144174	
0.005232	0.136174	0.858594	
0.963230	0.032653	0.004117	
0.006171	0.524090	0.469739	
0.007357	0.661615	0.331027	
0.085416	0.361207	0.553377	
0.000334	0.025479	0.974186	
0.004236	0.388317	0.607446	
0.759417	0.119970	0.120613	
0.575992	0.230650	0.193357	
0.036422	0.896225	0.067353	
0.081485	0.595873	0.322642	
0.340502	0.457971	0.201527	
0.072622	0.377218	0.550160	
0.004827	0.100526	0.894648	
0.220933	0.400487	0.378580	
0.296603	0.614050	0.089347	
0.066339	0.588828	0.344833	
0.655943	0.283583	0.060474	
0.098093	0.677226	0.224681	
0.015067	0.808995	0.175938	
0.006315	0.070523	0.923161	
0.064209	0.796450	0.139341	
0.618497	0.350561	0.030942	
0.015461	0.889468	0.095070	
0.315464	0.620211	0.064324	
0.022230	0.726350	0.251420	
0.003353	0.405416	0.591231	
0.010811	0.215332	0.773856	
0.240729	0.618225	0.141046	
0.767681	0.199640	0.032679	
0.133701	0.644646	0.221653	
0.224534	0.443447	0.332019	
0.001828	0.037498	0.960673	
0.830415	0.153866	0.015718	
0.042696	0.456725	0.500579	
0.405275	0.430321	0.164405	
0.003478	0.852984	0.143538	
0.138241	0.733189	0.128570	
0.172819	0.593781	0.233400	
0.028476	0.771268	0.200256	
0.521874	0.434522	0.043605	
0.190195	0.771471	0.038334	
0.010002	0.572225	0.417773	
0.815431	0.166605	0.017963	
0.315254	0.556932	0.127814	
0.017557	0.079824	0.902619	
0.442969	0.462537	0.094493	
0.706283	0.269617	0.024101	
0.875926	0.117876	0.006197	
0.640995	0.264695	0.094310	
0.019075	0.740248	0.240676	
0.085859	0.746791	0.167350	
0.000120	0.004035	0.995844	
0.011254	0.712792	0.275955	
0.464838	0.464441	0.070721	
0.125812	0.716899	0.157289	
0.016718	0.196780	0.786502	
0.007266	0.174398	0.818336	
0.080208	0.748461	0.171331	
0.835691	0.146066	0.018243	
0.017640	0.630308	0.352052	
0.018317	0.390637	0.591046	
0.084216	0.784330	0.131453	
0.304368	0.579975	0.115657	
0.055208	0.814002	0.130790	
0.791052	0.184785	0.024163	
0.921490	0.071440	0.007070	
0.009605	0.673850	0.316544	
0.005197	0.352123	0.642681	
0.692546	0.251218	0.056236	
0.857481	0.124694	0.017825	
0.006809	0.832088	0.161103	
0.177178	0.722920	0.099902	
0.129416	0.735409	0.135175	
0.001662	0.020551	0.977787	
0.029978	0.507943	0.462080	
0.293293	0.376153	0.330555	
0.073195	0.187868	0.738937	
0.006625	0.758774	0.234600	
0.006164	0.765176	0.228660	
0.047575	0.803714	0.148711	
0.006578	0.796771	0.196650	
0.006753	0.797370	0.195876	
0.706841	0.261580	0.031579	
0.516687	0.388173	0.095140	
0.142447	0.406285	0.451268	
0.240611	0.673753	0.085635	
0.150764	0.598840	0.250396	
0.701081	0.228509	0.070410	
0.005698	0.615981	0.378321	
0.852781	0.130827	0.016392	
0.755555	0.207483	0.036962	
0.171857	0.476244	0.351899	
0.000038	0.004482	0.995480	
0.008300	0.822516	0.169185	
0.528657	0.428429	0.042915	
0.156972	0.099022	0.744007	
0.013131	0.127197	0.859673	
0.404327	0.251005	0.344668	
0.000466	0.013471	0.986062	
0.000529	0.019996	0.979475	
0.001889	0.029637	0.968475	
0.061350	0.394486	0.544164	
0.112218	0.212865	0.674917	
0.007008	0.490329	0.502663	
0.000219	0.010951	0.988830	
0.000120	0.008841	0.991039	
0.006126	0.447250	0.546625	
0.006652	0.498674	0.494674	
0.738045	0.211400	0.050555	
0.000119	0.005347	0.994535	
0.107977	0.307519	0.584504	
0.000513	0.017750	0.981737	
0.114936	0.421431	0.463633	
0.021766	0.285592	0.692641	
0.044539	0.239233	0.716228	
0.826214	0.144440	0.029346	
0.010478	0.316364	0.673158	
0.000059	0.005173	0.994768	
0.328572	0.484286	0.187142	
0.871802	0.116249	0.011949	
0.015350	0.579853	0.404797	
0.052765	0.474467	0.472768	
0.034115	0.244685	0.721200	
0.006279	0.487992	0.505729	
0.207533	0.301537	0.490930	
0.569011	0.313157	0.117833	
0.003591	0.148571	0.847838	
0.112402	0.205056	0.682543	
0.331900	0.302248	0.365852	
0.010556	0.660085	0.329359	
0.063364	0.220180	0.716456	
0.043858	0.294386	0.661756	
0.061393	0.582733	0.355874	
0.023898	0.648247	0.327854	
0.005789	0.089632	0.904579	
0.024892	0.607785	0.367323	
0.303165	0.449937	0.246898	
0.003820	0.089957	0.906223	
0.008004	0.542319	0.449678	
0.096582	0.340171	0.563247	
0.026981	0.531504	0.441515	
0.138084	0.307296	0.554620	
0.795436	0.168344	0.036220	
0.459626	0.370092	0.170282	
0.554958	0.336429	0.108613	
0.000462	0.016058	0.983480	
0.008079	0.189857	0.802063	
0.273376	0.597432	0.129192	
0.690624	0.228797	0.080579	
0.034127	0.154466	0.811407	
0.039672	0.279699	0.680629	
0.767888	0.199313	0.032798	
0.391668	0.439968	0.168363	
0.380397	0.328537	0.291066	
0.007139	0.250298	0.742562	
0.670015	0.290255	0.039730	
0.030094	0.445824	0.524082	
0.008025	0.299531	0.692445	
0.006173	0.121288	0.872539	
0.011104	0.667067	0.321829	
0.126715	0.476159	0.397126	
0.862812	0.121561	0.015627	
0.162928	0.463085	0.373987	
0.395681	0.466339	0.137979	
0.715770	0.218665	0.065565	
0.266043	0.365482	0.368476	
0.206087	0.250550	0.543363	
0.757810	0.217042	0.025148	
0.716697	0.226696	0.056606	
0.671826	0.258769	0.069406	
0.047872	0.667002	0.285126	
0.017731	0.370327	0.611941	
0.004656	0.660146	0.335198	
0.668218	0.272205	0.059576	
0.118003	0.503804	0.378194	
0.087321	0.573756	0.338923	
0.076820	0.426966	0.496213	
0.836973	0.136719	0.026307	
0.001654	0.176129	0.822217	
0.001107	0.042574	0.956319	
0.017269	0.461994	0.520736	
0.000359	0.020300	0.979341	
0.009034	0.383975	0.606991	
0.003182	0.095376	0.901442	
0.002889	0.072500	0.924611	
0.642130	0.274912	0.082958	
0.001761	0.104701	0.893538	
0.009993	0.219196	0.770810	
0.831945	0.150738	0.017317	
0.006465	0.120393	0.873142	
0.024716	0.258840	0.716444	
0.010802	0.508217	0.480981	
0.365056	0.330687	0.304257	
0.032295	0.189767	0.777939	
0.028332	0.361875	0.609793	
0.020929	0.658518	0.320553	
0.087583	0.350525	0.561893	
0.767246	0.204239	0.028515	
0.956678	0.040159	0.003162	
0.004086	0.588710	0.407204	
0.004991	0.128672	0.866337	
0.003965	0.544038	0.451997	
0.004356	0.589245	0.406399	
0.090340	0.232705	0.676955	
0.001493	0.071766	0.926740	
0.022939	0.679235	0.297825	
0.004333	0.559980	0.435687	
0.052004	0.515984	0.432012	
0.178347	0.401910	0.419742	
0.701266	0.223136	0.075598	
0.010877	0.274677	0.714446	
0.077800	0.769180	0.153019	
0.004338	0.146201	0.849461	
0.012074	0.719407	0.268519	
0.006437	0.138454	0.855109	
0.004837	0.185865	0.809297	
0.743222	0.206156	0.050622	
0.003602	0.306373	0.690024	
0.521602	0.235776	0.242622	
0.003789	0.085728	0.910483	
0.215564	0.396359	0.388077	
0.036196	0.130932	0.832872	
0.004188	0.059151	0.936662	
0.006899	0.306528	0.686572	
0.000388	0.008479	0.991133	
0.724250	0.234934	0.040815	
0.002575	0.066548	0.930877	
0.002920	0.137203	0.859878	
0.018418	0.173736	0.807847	
0.005812	0.582333	0.411855	
0.002088	0.031879	0.966033	
0.003662	0.498125	0.498214	
0.798564	0.177941	0.023495	
0.053146	0.457984	0.488870	
0.002129	0.092829	0.905042	
0.015389	0.294313	0.690298	
0.096594	0.236002	0.667404	
0.240440	0.313162	0.446397	
0.003673	0.103807	0.892520	
0.509497	0.370828	0.119675	
0.005189	0.287734	0.707077	
0.002004	0.054089	0.943907	
0.164324	0.389383	0.446293	
0.002205	0.323750	0.674045	
0.047183	0.215642	0.737175	
0.000503	0.021821	0.977676	
0.009318	0.044465	0.946216	
0.282666	0.439037	0.278297	
