0.107401	0.241976	0.650623	
0.464834	0.372151	0.163014	
0.010394	0.601310	0.388296	
0.366389	0.389457	0.244154	
0.317905	0.499795	0.182300	
0.565671	0.307682	0.126647	
0.029621	0.301726	0.668652	
0.693664	0.240026	0.066310	
0.004139	0.170908	0.824953	
0.531381	0.326358	0.142261	
0.225737	0.565190	0.209073	
0.227579	0.529067	0.243354	
0.007097	0.706560	0.286344	
0.231101	0.528980	0.239919	
0.014215	0.526124	0.459660	
0.366394	0.454996	0.178610	
0.677456	0.256416	0.066128	
0.013303	0.592336	0.394361	
0.010723	0.400211	0.589066	
0.835775	0.142364	0.021861	
0.003441	0.049638	0.946921	
0.009304	0.328649	0.662047	
0.007048	0.096975	0.895977	
0.023923	0.407443	0.568634	
0.418128	0.316120	0.265752	
0.657551	0.244564	0.097886	
0.099957	0.617129	0.282914	
0.096343	0.208095	0.695561	
0.115619	0.421010	0.463371	
0.238867	0.563391	0.197742	
0.041868	0.611581	0.346551	
0.883466	0.102648	0.013886	
0.504973	0.347327	0.147699	
0.012351	0.246158	0.741491	
0.001396	0.013373	0.985231	
0.004752	0.423268	0.571980	
0.487191	0.361942	0.150868	
0.323911	0.434769	0.241319	
0.001214	0.033875	0.964911	
0.006052	0.068387	0.925561	
0.676708	0.269770	0.053522	
0.470260	0.357855	0.171885	
0.614179	0.290110	0.095711	
0.019396	0.424293	0.556311	
0.009627	0.108609	0.881764	
0.009208	0.545344	0.445448	
0.007293	0.454751	0.537956	
0.395721	0.464707	0.139571	
0.232108	0.479303	0.288589	
0.501571	0.300871	0.197558	
0.041853	0.568075	0.390071	
0.007847	0.115462	0.876691	
0.038715	0.550316	0.410969	
0.040937	0.278204	0.680859	
0.016585	0.312791	0.670623	
0.600854	0.308812	0.090334	
0.788580	0.166164	0.045256	
0.609243	0.298837	0.091921	
0.080721	0.501830	0.417449	
0.021814	0.227916	0.750270	
0.012535	0.171914	0.815551	
0.678944	0.241241	0.079814	
0.345318	0.387580	0.267102	
0.008390	0.459085	0.532525	
0.244883	0.470093	0.285024	
0.303060	0.309764	0.387176	
0.005323	0.079149	0.915528	
0.000110	0.009734	0.990156	
0.000198	0.007000	0.992802	
0.242800	0.462870	0.294330	
0.014884	0.413386	0.571730	
0.218212	0.528268	0.253520	
0.252468	0.433901	0.313631	
0.438324	0.428419	0.133257	
0.785551	0.184135	0.030314	
0.019813	0.298050	0.682137	
0.000310	0.012480	0.987210	
0.023001	0.639873	0.337125	
0.016891	0.273721	0.709387	
0.412779	0.388019	0.199202	
0.007837	0.098712	0.893452	
0.421313	0.450435	0.128252	
0.792769	0.169186	0.038044	
0.355728	0.376742	0.267530	
0.009279	0.613217	0.377504	
0.009018	0.222241	0.768741	
0.023891	0.667882	0.308227	
0.017300	0.352585	0.630115	
0.442793	0.355129	0.202078	
0.010208	0.495008	0.494784	
0.575854	0.313576	0.110570	
0.011296	0.085706	0.902998	
0.312256	0.478157	0.209587	
0.008215	0.546882	0.444903	
0.023228	0.272214	0.704558	
0.007122	0.399939	0.592939	
0.006218	0.089844	0.903939	
0.324146	0.499907	0.175947	
0.008114	0.370897	0.620989	
0.030118	0.093799	0.876083	
0.014454	0.060493	0.925053	
0.006122	0.087600	0.906278	
0.010182	0.656037	0.333781	
0.012724	0.144594	0.842682	
0.016474	0.314492	0.669034	
0.016283	0.209373	0.774343	
0.019929	0.341537	0.638534	
0.021585	0.560488	0.417926	
0.017255	0.299517	0.683228	
0.207165	0.292071	0.500764	
0.712860	0.229676	0.057464	
0.013173	0.488582	0.498245	
0.486070	0.340770	0.173160	
0.363479	0.365494	0.271028	
0.019693	0.675490	0.304818	
0.043132	0.717877	0.238992	
0.005058	0.266533	0.728409	
0.006880	0.271035	0.722085	
0.327578	0.314141	0.358281	
0.005914	0.509511	0.484575	
0.021190	0.542698	0.436112	
0.114353	0.528803	0.356844	
0.393675	0.390028	0.216296	
0.542113	0.345327	0.112559	
0.011113	0.513888	0.474998	
0.065498	0.566735	0.367767	
0.006136	0.062405	0.931459	
0.002784	0.033884	0.963332	
0.008677	0.102170	0.889153	
0.237096	0.651264	0.111641	
0.020858	0.733612	0.245530	
0.043087	0.483914	0.473000	
0.007789	0.198934	0.793277	
0.002437	0.044911	0.952652	
0.083528	0.585371	0.331102	
0.008001	0.312339	0.679660	
0.011750	0.402645	0.585604	
0.048437	0.235832	0.715731	
0.053345	0.367513	0.579143	
0.047782	0.655917	0.296301	
0.005713	0.032947	0.961340	
0.074465	0.655896	0.269639	
0.065901	0.561501	0.372599	
0.007105	0.419810	0.573085	
0.005335	0.109932	0.884733	
0.010674	0.547116	0.442210	
0.007802	0.319552	0.672647	
0.010030	0.373009	0.616960	
0.011500	0.422613	0.565887	
0.023980	0.587818	0.388202	
0.011266	0.558372	0.430362	
0.042887	0.723202	0.233912	
0.007656	0.453816	0.538528	
0.055189	0.505917	0.438894	
0.218982	0.549883	0.231135	
0.007954	0.313229	0.678817	
0.009682	0.328279	0.662039	
0.059166	0.411809	0.529025	
0.031324	0.525145	0.443531	
0.027004	0.181528	0.791468	
0.020972	0.674530	0.304498	
0.074035	0.297376	0.628589	
0.084177	0.572358	0.343465	
0.008045	0.605652	0.386303	
0.012710	0.407552	0.579738	
0.006652	0.131086	0.862262	
0.644081	0.155557	0.200362	
0.002888	0.065179	0.931932	
0.270982	0.523600	0.205418	
0.034006	0.430265	0.535729	
0.001539	0.033010	0.965452	
0.515873	0.363029	0.121099	
0.016423	0.506418	0.477159	
0.043987	0.602974	0.353039	
0.022951	0.569779	0.407270	
0.008814	0.314824	0.676362	
0.013015	0.638366	0.348619	
0.018644	0.134671	0.846685	
0.064418	0.398282	0.537299	
0.018743	0.319218	0.662039	
0.782042	0.177922	0.040036	
0.542160	0.310660	0.147180	
0.520040	0.331260	0.148700	
0.740246	0.201573	0.058181	
0.007267	0.129240	0.863493	
0.116848	0.211834	0.671318	
0.024781	0.263533	0.711686	
0.104027	0.659531	0.236442	
0.013346	0.611112	0.375542	
0.029359	0.609747	0.360894	
0.260467	0.522434	0.217099	
0.012196	0.229513	0.758291	
0.015849	0.352893	0.631258	
0.004678	0.120814	0.874508	
0.010776	0.613326	0.375898	
0.089339	0.432817	0.477843	
0.196314	0.678455	0.125231	
0.006185	0.173392	0.820422	
0.455004	0.366743	0.178253	
0.012384	0.475023	0.512592	
0.022486	0.611205	0.366309	
0.223238	0.330503	0.446260	
0.001832	0.040299	0.957869	
0.026220	0.596948	0.376832	
0.017252	0.420660	0.562089	
0.016920	0.479013	0.504067	
0.020299	0.526989	0.452712	
0.006373	0.276042	0.717584	
0.011658	0.535102	0.453240	
0.247548	0.416792	0.335659	
0.018608	0.358003	0.623389	
0.062139	0.619827	0.318034	
0.035828	0.579495	0.384676	
0.029241	0.592634	0.378125	
0.232453	0.587540	0.180007	
0.183659	0.438360	0.377981	
0.009571	0.379966	0.610463	
0.049228	0.612262	0.338510	
0.080253	0.195912	0.723835	
0.572426	0.286793	0.140780	
0.004989	0.062570	0.932441	
0.011484	0.603072	0.385444	
0.004269	0.194842	0.800890	
0.060826	0.665790	0.273383	
0.019605	0.596051	0.384344	
0.410167	0.386733	0.203100	
0.074461	0.490362	0.435177	
0.004261	0.259825	0.735914	
0.012133	0.103015	0.884852	
0.010093	0.228831	0.761076	
0.010223	0.139923	0.849854	
0.227239	0.360769	0.411993	
0.008117	0.368855	0.623028	
0.207370	0.573182	0.219447	
0.007543	0.293967	0.698491	
0.014956	0.394204	0.590840	
0.685859	0.237563	0.076578	
0.010502	0.536575	0.452923	
0.012159	0.218523	0.769318	
0.013572	0.368868	0.617559	
0.017105	0.459216	0.523679	
0.464199	0.392243	0.143558	
0.010044	0.250313	0.739644	
0.094200	0.637967	0.267833	
0.115480	0.411660	0.472860	
0.010704	0.305059	0.684238	
0.059242	0.553569	0.387188	
0.358950	0.430584	0.210466	
0.008189	0.220013	0.771798	
0.561498	0.293995	0.144507	
0.021508	0.467927	0.510566	
0.031686	0.250665	0.717649	
0.357673	0.477213	0.165115	
0.010035	0.303202	0.686763	
0.808106	0.156911	0.034983	
0.007519	0.357947	0.634534	
0.459985	0.381648	0.158368	
0.008358	0.156554	0.835089	
0.459159	0.402395	0.138446	
0.513613	0.271456	0.214931	
0.149916	0.348300	0.501785	
0.006600	0.066302	0.927098	
0.008690	0.463607	0.527703	
0.009804	0.640101	0.350095	
0.008886	0.434332	0.556782	
0.355918	0.401392	0.242690	
0.000060	0.004083	0.995856	
0.012602	0.575709	0.411689	
0.009935	0.106375	0.883690	
0.000831	0.017613	0.981556	
0.447848	0.413058	0.139094	
0.193308	0.362306	0.444386	
0.010396	0.284947	0.704657	
0.442064	0.398425	0.159511	
0.004982	0.067575	0.927443	
0.011210	0.514701	0.474088	
0.016115	0.426129	0.557756	
0.057300	0.683757	0.258943	
0.824793	0.140850	0.034357	
0.011396	0.408640	0.579964	
0.272944	0.405334	0.321722	
0.004815	0.072449	0.922736	
0.169581	0.423234	0.407184	
0.126360	0.598565	0.275075	
0.009897	0.070307	0.919796	
0.026225	0.102613	0.871163	
0.001210	0.033580	0.965210	
0.189395	0.287052	0.523553	
0.025790	0.149067	0.825142	
0.463631	0.373695	0.162674	
0.004005	0.167373	0.828622	
0.027123	0.387463	0.585414	
0.004886	0.160739	0.834374	
0.028698	0.544495	0.426807	
0.004782	0.035982	0.959236	
0.640890	0.283321	0.075789	
0.552674	0.320000	0.127326	
0.009202	0.121275	0.869523	
0.330534	0.449453	0.220013	
0.000848	0.025498	0.973654	
0.172804	0.506682	0.320514	
0.005557	0.078968	0.915475	
0.273738	0.297870	0.428392	
0.181424	0.297077	0.521499	
0.056266	0.647033	0.296701	
0.019940	0.638014	0.342047	
0.087351	0.349021	0.563628	
0.262676	0.342539	0.394785	
0.817599	0.141124	0.041278	
0.004551	0.062989	0.932460	
0.160661	0.453128	0.386211	
0.017233	0.438900	0.543867	
0.236373	0.460797	0.302830	
0.092449	0.624601	0.282950	
0.019573	0.236414	0.744013	
0.629120	0.282613	0.088267	
0.016328	0.128258	0.855414	
0.083188	0.533519	0.383293	
0.071941	0.510809	0.417249	
0.084586	0.497263	0.418152	
0.043600	0.572027	0.384373	
0.000217	0.007759	0.992024	
0.139351	0.592804	0.267845	
0.021190	0.476211	0.502599	
0.011011	0.330057	0.658932	
0.388461	0.383374	0.228165	
0.127818	0.606734	0.265448	
0.111339	0.482933	0.405727	
0.066064	0.506533	0.427402	
0.023103	0.376618	0.600279	
0.030363	0.441271	0.528365	
0.016653	0.565163	0.418184	
0.234934	0.327496	0.437570	
0.014839	0.563447	0.421714	
0.002555	0.091228	0.906216	
0.015957	0.379237	0.604805	
0.097442	0.578885	0.323673	
0.012429	0.466476	0.521096	
0.212251	0.577727	0.210022	
0.012849	0.456758	0.530393	
0.016282	0.119297	0.864421	
0.011399	0.286256	0.702345	
0.122302	0.493158	0.384539	
0.009613	0.138798	0.851588	
0.014576	0.608723	0.376701	
0.009225	0.131652	0.859123	
0.014545	0.501944	0.483511	
0.706611	0.232988	0.060401	
0.010881	0.525559	0.463560	
0.031824	0.659748	0.308428	
0.021196	0.551287	0.427517	
0.177061	0.393121	0.429818	
0.262197	0.310105	0.427698	
0.158179	0.588459	0.253362	
0.538257	0.343325	0.118418	
0.054507	0.306127	0.639365	
0.019610	0.453827	0.526563	
0.005094	0.181470	0.813436	
0.012962	0.264072	0.722966	
0.006928	0.091852	0.901220	
0.012384	0.475023	0.512592	
0.326299	0.417289	0.256412	
0.023412	0.424196	0.552391	
0.317945	0.440344	0.241711	
0.051663	0.634167	0.314170	
0.667966	0.233625	0.098409	
0.013634	0.450553	0.535812	
0.004030	0.041098	0.954872	
0.044795	0.403763	0.551442	
0.005590	0.051042	0.943368	
0.007858	0.141743	0.850399	
0.308406	0.527116	0.164477	
0.010033	0.355306	0.634661	
0.056547	0.614941	0.328512	
0.010868	0.160936	0.828197	
0.086725	0.160596	0.752679	
0.181807	0.591488	0.226705	
0.006665	0.239888	0.753447	
0.502142	0.303621	0.194237	
0.151035	0.583971	0.264995	
0.005163	0.179009	0.815829	
0.610152	0.290593	0.099255	
0.008644	0.095348	0.896008	
0.525763	0.361713	0.112524	
0.001070	0.023158	0.975772	
0.147253	0.541882	0.310865	
0.096138	0.714590	0.189273	
0.070615	0.381919	0.547466	
0.437307	0.417965	0.144728	
0.021047	0.612745	0.366208	
0.071141	0.387198	0.541662	
0.366077	0.433174	0.200749	
0.267271	0.530914	0.201815	
0.229049	0.561782	0.209170	
0.142322	0.643672	0.214006	
0.031564	0.462985	0.505451	
0.026809	0.626339	0.346852	
0.346884	0.485169	0.167947	
0.826476	0.147487	0.026038	
0.491103	0.364919	0.143978	
0.686684	0.258152	0.055164	
0.812539	0.159399	0.028062	
0.597174	0.308170	0.094656	
0.097177	0.597715	0.305108	
0.132524	0.453877	0.413599	
0.563495	0.343557	0.092949	
0.002475	0.072557	0.924968	
0.012627	0.526459	0.460914	
0.505665	0.366742	0.127592	
0.075447	0.636451	0.288102	
0.459184	0.355194	0.185622	
0.299692	0.531904	0.168404	
0.485992	0.392994	0.121014	
0.025057	0.640776	0.334166	
0.645833	0.288077	0.066090	
0.410534	0.444233	0.145233	
0.036154	0.664808	0.299038	
0.391590	0.362337	0.246073	
0.015858	0.476822	0.507320	
0.117113	0.397892	0.484995	
0.383102	0.458306	0.158592	
0.382225	0.395978	0.221797	
0.535776	0.340387	0.123837	
0.233985	0.470225	0.295790	
0.446439	0.407340	0.146221	
0.576997	0.326897	0.096105	
0.003860	0.047243	0.948897	
0.354573	0.299685	0.345742	
0.020721	0.201615	0.777665	
0.187352	0.546038	0.266610	
0.283237	0.457600	0.259163	
0.074702	0.662286	0.263012	
0.004419	0.053819	0.941762	
0.011875	0.662980	0.325145	
0.008343	0.133237	0.858420	
0.165619	0.312650	0.521731	
0.014025	0.541476	0.444498	
0.423659	0.395865	0.180476	
0.022262	0.404038	0.573701	
0.561822	0.332238	0.105940	
0.234732	0.575872	0.189396	
0.018165	0.550577	0.431259	
0.523783	0.337881	0.138336	
0.029370	0.657633	0.312997	
0.595234	0.227724	0.177042	
0.070136	0.678954	0.250910	
0.354889	0.466041	0.179070	
0.573737	0.296148	0.130115	
0.429167	0.446509	0.124324	
0.031944	0.687037	0.281019	
0.015334	0.540903	0.443763	
0.152019	0.575641	0.272339	
0.468463	0.327594	0.203943	
0.162212	0.406996	0.430792	
0.051956	0.634196	0.313848	
0.343110	0.392910	0.263979	
0.229033	0.547032	0.223934	
0.023286	0.471176	0.505538	
0.105478	0.673891	0.220631	
0.188754	0.590343	0.220903	
0.716914	0.236576	0.046509	
0.200389	0.668036	0.131575	
0.150898	0.616480	0.232623	
0.446064	0.369925	0.184011	
0.678907	0.268096	0.052997	
0.763098	0.203697	0.033205	
0.872125	0.115378	0.012497	
0.430822	0.479655	0.089523	
0.733927	0.235390	0.030682	
0.805201	0.173573	0.021226	
0.725370	0.240226	0.034404	
0.753522	0.209108	0.037370	
0.029047	0.074051	0.896901	
0.817408	0.166087	0.016505	
0.315352	0.441505	0.243143	
0.360628	0.486629	0.152742	
0.001340	0.022940	0.975720	
0.264868	0.555732	0.179400	
0.472341	0.394864	0.132794	
0.854826	0.123322	0.021852	
0.449154	0.442052	0.108795	
0.300328	0.469533	0.230139	
0.040267	0.683115	0.276618	
0.058169	0.789610	0.152221	
0.019393	0.731876	0.248731	
0.031764	0.625909	0.342327	
0.043668	0.542346	0.413987	
0.278424	0.598997	0.122579	
0.419287	0.403388	0.177325	
0.110740	0.643487	0.245773	
0.205920	0.396189	0.397892	
0.045569	0.416935	0.537496	
0.082825	0.687776	0.229399	
0.180340	0.647612	0.172048	
0.589038	0.304101	0.106860	
0.055837	0.757949	0.186215	
0.036903	0.617788	0.345309	
0.208092	0.622502	0.169406	
0.024703	0.661723	0.313575	
0.285723	0.573851	0.140425	
0.385552	0.450424	0.164024	
0.013812	0.332440	0.653748	
0.019402	0.081208	0.899390	
0.540997	0.351318	0.107686	
0.693108	0.235792	0.071100	
0.371698	0.529975	0.098328	
0.173309	0.618947	0.207744	
0.297133	0.571873	0.130994	
0.675573	0.280468	0.043959	
0.282164	0.499321	0.218514	
0.415429	0.487746	0.096825	
0.784732	0.193336	0.021932	
0.019386	0.673315	0.307299	
0.087881	0.785033	0.127086	
0.185385	0.668395	0.146221	
0.482592	0.368647	0.148762	
0.351624	0.450849	0.197527	
0.433714	0.497694	0.068592	
0.215923	0.622073	0.162005	
0.201888	0.684853	0.113259	
0.378647	0.493043	0.128310	
0.411093	0.437393	0.151514	
0.459916	0.433000	0.107083	
0.534043	0.346255	0.119702	
0.156636	0.631467	0.211897	
0.330053	0.447374	0.222572	
0.170633	0.654765	0.174602	
0.159867	0.639111	0.201021	
0.155704	0.638534	0.205762	
0.188890	0.553163	0.257947	
0.020780	0.551008	0.428212	
0.048905	0.553564	0.397531	
0.087724	0.694982	0.217294	
0.075772	0.356069	0.568159	
0.624497	0.325313	0.050190	
0.031423	0.599504	0.369073	
0.102270	0.714671	0.183059	
0.422844	0.457588	0.119568	
0.292144	0.600065	0.107790	
0.510579	0.298735	0.190686	
0.346547	0.440716	0.212737	
0.210355	0.311152	0.478493	
0.757145	0.206507	0.036348	
0.293285	0.497442	0.209273	
0.241712	0.302374	0.455914	
0.006513	0.623701	0.369786	
0.011648	0.581300	0.407052	
0.203267	0.582157	0.214575	
0.001631	0.024254	0.974116	
0.399366	0.457603	0.143031	
0.082815	0.472277	0.444908	
0.047441	0.682092	0.270467	
0.203725	0.541149	0.255126	
0.004425	0.039827	0.955747	
0.008127	0.183836	0.808038	
0.039029	0.441293	0.519678	
0.019132	0.509307	0.471561	
0.012749	0.616090	0.371161	
0.235705	0.545580	0.218715	
0.014673	0.469794	0.515532	
0.009486	0.590018	0.400496	
0.400256	0.401508	0.198236	
0.056355	0.665123	0.278523	
0.047936	0.572703	0.379361	
0.014912	0.510135	0.474953	
0.012793	0.524982	0.462225	
0.094107	0.626635	0.279258	
0.078170	0.584013	0.337817	
0.028630	0.692925	0.278444	
0.013360	0.298004	0.688636	
0.007910	0.624902	0.367188	
0.009033	0.622381	0.368587	
0.004889	0.328058	0.667053	
0.001152	0.029590	0.969258	
0.008535	0.602369	0.389096	
0.003947	0.178081	0.817972	
0.047727	0.125244	0.827029	
0.008631	0.290911	0.700458	
0.053529	0.410388	0.536083	
0.017803	0.372905	0.609292	
0.008861	0.330822	0.660317	
0.294210	0.481511	0.224278	
0.415737	0.383929	0.200334	
0.003612	0.083618	0.912771	
0.061976	0.670438	0.267586	
0.100486	0.656743	0.242771	
0.011643	0.519771	0.468586	
0.004561	0.352812	0.642627	
0.008904	0.686993	0.304103	
0.004209	0.110552	0.885239	
0.020190	0.491270	0.488540	
0.005607	0.494100	0.500293	
0.015823	0.464032	0.520144	
0.091167	0.669231	0.239602	
0.521092	0.342735	0.136173	
0.010979	0.275182	0.713838	
0.229903	0.349731	0.420366	
0.050914	0.358607	0.590479	
0.007742	0.423951	0.568307	
0.129314	0.520851	0.349835	
0.017051	0.673420	0.309529	
0.261555	0.560439	0.178005	
0.071966	0.599381	0.328653	
0.023128	0.570824	0.406048	
0.012854	0.631838	0.355309	
0.516547	0.370604	0.112849	
0.290961	0.509231	0.199808	
0.069490	0.274351	0.656159	
0.454310	0.349814	0.195876	
0.024483	0.342436	0.633081	
0.032928	0.504302	0.462771	
0.017418	0.197642	0.784940	
0.509822	0.333336	0.156842	
0.263503	0.326163	0.410333	
0.014007	0.582020	0.403973	
0.014356	0.572951	0.412693	
0.005600	0.295467	0.698932	
0.354154	0.437525	0.208321	
0.070197	0.649421	0.280382	
0.013471	0.669346	0.317183	
0.010564	0.420769	0.568667	
0.257587	0.435424	0.306989	
0.334158	0.455755	0.210087	
0.108150	0.638611	0.253239	
0.460946	0.385762	0.153292	
0.018465	0.085605	0.895929	
0.000047	0.005777	0.994177	
0.831244	0.141375	0.027381	
0.314663	0.394435	0.290902	
0.034639	0.548815	0.416546	
0.003287	0.112912	0.883801	
0.007833	0.503140	0.489027	
0.131313	0.394869	0.473818	
0.004342	0.148064	0.847594	
0.014281	0.444395	0.541325	
0.007697	0.398383	0.593920	
0.042424	0.607738	0.349839	
0.012375	0.556154	0.431472	
0.050026	0.526024	0.423950	
0.014801	0.518782	0.466417	
0.039275	0.412730	0.547995	
0.006905	0.307815	0.685280	
0.005316	0.153426	0.841258	
0.080739	0.567741	0.351520	
0.311837	0.466678	0.221485	
0.134011	0.611842	0.254147	
0.032054	0.449053	0.518893	
0.009004	0.228531	0.762465	
0.029936	0.505143	0.464922	
0.011432	0.574536	0.414032	
0.021083	0.126821	0.852096	
0.116131	0.627707	0.256162	
0.015507	0.456474	0.528019	
0.505711	0.364227	0.130061	
0.057422	0.434219	0.508360	
0.013400	0.418514	0.568086	
0.212361	0.600105	0.187534	
0.003008	0.081247	0.915745	
0.005453	0.296763	0.697783	
0.009314	0.375768	0.614918	
0.003700	0.141261	0.855040	
0.235800	0.515383	0.248817	
0.273257	0.511428	0.215315	
0.007746	0.358370	0.633884	
0.011825	0.181452	0.806723	
0.029849	0.253023	0.717129	
0.008595	0.382876	0.608529	
0.017306	0.607562	0.375132	
0.045830	0.494222	0.459948	
0.032726	0.526865	0.440410	
0.013909	0.532444	0.453647	
0.014010	0.544570	0.441420	
0.235445	0.456830	0.307725	
0.009876	0.365957	0.624167	
0.693810	0.234898	0.071292	
0.008795	0.482132	0.509073	
0.014949	0.594743	0.390307	
0.008265	0.418413	0.573322	
0.037138	0.508693	0.454168	
0.011580	0.403874	0.584546	
0.017964	0.422070	0.559966	
0.034044	0.700846	0.265111	
0.005993	0.475675	0.518331	
0.016780	0.698049	0.285171	
0.516500	0.353378	0.130123	
0.018439	0.279292	0.702269	
0.008605	0.406531	0.584864	
0.010228	0.213278	0.776494	
0.006802	0.098332	0.894866	
0.296827	0.461193	0.241979	
0.033663	0.566316	0.400021	
0.024070	0.651786	0.324144	
0.014861	0.301008	0.684131	
0.008801	0.461876	0.529323	
0.003936	0.052550	0.943513	
0.093595	0.560936	0.345469	
0.019790	0.246507	0.733703	
0.014287	0.540816	0.444897	
0.009292	0.494107	0.496602	
0.029414	0.524084	0.446502	
0.010352	0.472374	0.517275	
0.413984	0.313982	0.272034	
0.005652	0.115708	0.878640	
0.009417	0.614100	0.376482	
0.007847	0.350972	0.641180	
0.010655	0.649985	0.339360	
0.057533	0.515315	0.427152	
0.016661	0.657964	0.325375	
0.382665	0.432898	0.184436	
0.008508	0.324388	0.667104	
0.064062	0.576066	0.359871	
0.004872	0.479401	0.515727	
0.259898	0.529486	0.210616	
0.181597	0.623381	0.195022	
0.405658	0.380455	0.213887	
0.004201	0.082230	0.913569	
0.005454	0.186140	0.808406	
0.010203	0.376181	0.613616	
0.005498	0.072121	0.922381	
0.194614	0.413980	0.391406	
0.016460	0.551923	0.431617	
0.010876	0.612621	0.376503	
0.377067	0.452751	0.170182	
0.104604	0.394001	0.501395	
0.025678	0.277477	0.696845	
0.020382	0.358979	0.620638	
0.008792	0.468020	0.523187	
0.286383	0.510369	0.203248	
0.375321	0.445434	0.179246	
0.196452	0.560433	0.243115	
0.343701	0.431007	0.225292	
0.023438	0.587278	0.389283	
0.277240	0.435236	0.287523	
0.301923	0.394906	0.303170	
0.454521	0.364701	0.180777	
0.541376	0.353417	0.105207	
0.010140	0.587283	0.402576	
0.062521	0.714696	0.222783	
0.253532	0.478375	0.268093	
0.071106	0.648604	0.280291	
0.383704	0.438554	0.177742	
0.068990	0.680849	0.250161	
0.343016	0.476520	0.180464	
0.018376	0.466684	0.514940	
0.045572	0.182649	0.771780	
0.010730	0.480478	0.508792	
0.390554	0.394508	0.214938	
0.014550	0.343494	0.641956	
0.011384	0.505777	0.482839	
0.327222	0.481384	0.191395	
0.395467	0.396503	0.208030	
0.024818	0.640400	0.334782	
0.056798	0.359610	0.583592	
0.038737	0.590474	0.370789	
0.150397	0.191504	0.658100	
0.016132	0.433449	0.550419	
0.415851	0.388846	0.195303	
0.436342	0.348788	0.214870	
0.026381	0.261771	0.711848	
0.006084	0.103700	0.890217	
0.062486	0.706031	0.231484	
0.209637	0.467558	0.322805	
0.062623	0.727500	0.209876	
0.467162	0.403742	0.129096	
0.112111	0.576723	0.311166	
0.328155	0.432168	0.239677	
0.176841	0.440186	0.382973	
0.085504	0.489237	0.425259	
0.320098	0.396927	0.282975	
0.211312	0.553658	0.235029	
0.037695	0.356312	0.605993	
0.008587	0.712364	0.279050	
0.029930	0.533692	0.436379	
0.014304	0.573950	0.411746	
0.011254	0.590546	0.398200	
0.087260	0.680941	0.231799	
0.579667	0.328861	0.091472	
0.264579	0.259723	0.475698	
0.024560	0.161340	0.814100	
0.033284	0.658554	0.308162	
0.450297	0.355001	0.194703	
0.127734	0.668849	0.203418	
0.011515	0.634377	0.354108	
0.295877	0.442436	0.261686	
0.010778	0.580471	0.408751	
0.391179	0.449562	0.159259	
0.014687	0.627696	0.357617	
0.013810	0.545760	0.440430	
0.384921	0.392264	0.222816	
0.085290	0.664056	0.250654	
0.017621	0.591839	0.390541	
0.103041	0.673693	0.223266	
0.060242	0.678890	0.260868	
0.266835	0.202091	0.531074	
0.283531	0.448876	0.267593	
0.022648	0.602687	0.374665	
0.070836	0.638487	0.290676	
0.008709	0.760305	0.230986	
0.020393	0.580579	0.399028	
0.008976	0.226630	0.764394	
0.014122	0.579293	0.406586	
0.017321	0.709586	0.273093	
0.016763	0.216684	0.766553	
0.007023	0.639136	0.353841	
0.003555	0.034467	0.961977	
0.011216	0.633384	0.355399	
0.736291	0.218902	0.044807	
0.017489	0.589632	0.392879	
0.008343	0.435686	0.555971	
0.024553	0.527873	0.447574	
0.183011	0.634985	0.182005	
0.018794	0.707466	0.273740	
0.046792	0.336866	0.616342	
0.153669	0.527544	0.318787	
0.010190	0.448234	0.541576	
0.582557	0.317634	0.099809	
0.020908	0.689089	0.290003	
0.461742	0.382396	0.155861	
0.601379	0.283842	0.114779	
0.081547	0.569143	0.349310	
0.011311	0.470286	0.518403	
0.068999	0.676978	0.254023	
0.121210	0.653397	0.225394	
0.087571	0.496574	0.415855	
0.013861	0.449162	0.536978	
0.008590	0.155379	0.836032	
0.066288	0.266048	0.667664	
0.034899	0.583056	0.382046	
0.288565	0.400561	0.310874	
0.006889	0.247509	0.745602	
0.684980	0.233741	0.081279	
0.030895	0.659223	0.309882	
0.017168	0.355639	0.627193	
0.037205	0.708579	0.254216	
0.066242	0.458291	0.475466	
0.015548	0.499669	0.484783	
0.177340	0.611263	0.211397	
0.054783	0.182585	0.762632	
0.001025	0.027894	0.971081	
0.153002	0.462712	0.384286	
0.012232	0.371847	0.615921	
0.440308	0.408851	0.150842	
0.038434	0.709450	0.252115	
0.017608	0.538063	0.444329	
0.001888	0.055325	0.942787	
0.086326	0.174593	0.739081	
0.018494	0.580726	0.400779	
0.020248	0.444457	0.535295	
0.731445	0.213892	0.054663	
0.036707	0.099180	0.864113	
0.035200	0.209059	0.755741	
0.018422	0.560218	0.421360	
0.077799	0.512576	0.409625	
0.413620	0.437623	0.148757	
0.300000	0.383563	0.316437	
0.438122	0.352377	0.209501	
0.545227	0.337191	0.117582	
0.081833	0.517213	0.400954	
0.022884	0.582778	0.394338	
0.015370	0.108492	0.876137	
0.021179	0.548931	0.429890	
0.295772	0.377979	0.326250	
0.507966	0.398803	0.093232	
0.013591	0.496430	0.489979	
0.544667	0.348460	0.106873	
0.446772	0.365940	0.187288	
0.051308	0.656491	0.292201	
0.662933	0.281370	0.055696	
0.004130	0.076812	0.919059	
0.025915	0.605312	0.368773	
0.018211	0.238085	0.743704	
0.011544	0.530194	0.458262	
0.027692	0.658041	0.314267	
0.445091	0.387227	0.167682	
0.509615	0.379279	0.111105	
0.024056	0.558659	0.417285	
0.013619	0.625716	0.360665	
0.041614	0.724568	0.233818	
0.038092	0.621600	0.340308	
0.103450	0.277250	0.619300	
0.065274	0.426389	0.508337	
0.055883	0.701554	0.242563	
0.148409	0.279271	0.572320	
0.008196	0.319831	0.671974	
0.003894	0.056794	0.939312	
0.012901	0.061842	0.925256	
0.711415	0.223162	0.065423	
0.011293	0.243130	0.745577	
0.038915	0.605054	0.356031	
0.550252	0.335702	0.114046	
0.012094	0.500412	0.487494	
0.014118	0.372983	0.612899	
0.012507	0.514951	0.472542	
0.023251	0.590830	0.385918	
0.072438	0.285864	0.641698	
0.358442	0.404351	0.237206	
0.026821	0.511826	0.461354	
0.010674	0.460170	0.529155	
0.286068	0.445497	0.268435	
0.006709	0.079906	0.913385	
0.017012	0.425982	0.557006	
0.278403	0.443882	0.277715	
0.066444	0.613671	0.319885	
0.013960	0.144152	0.841888	
0.466947	0.256236	0.276817	
0.012065	0.349599	0.638335	
0.012558	0.532016	0.455426	
0.576342	0.292807	0.130851	
0.040532	0.638012	0.321456	
0.010712	0.491127	0.498161	
0.059991	0.160549	0.779460	
0.309885	0.428036	0.262079	
0.011285	0.399584	0.589132	
0.005524	0.096942	0.897534	
0.275217	0.521041	0.203743	
0.034733	0.360521	0.604747	
0.262319	0.463007	0.274673	
0.011161	0.692472	0.296367	
0.023577	0.239081	0.737342	
0.537712	0.312572	0.149716	
0.002004	0.048534	0.949462	
0.209989	0.390996	0.399015	
0.013664	0.486170	0.500167	
0.532461	0.346638	0.120901	
0.056658	0.498122	0.445220	
0.825830	0.151003	0.023167	
0.053853	0.459597	0.486550	
0.011565	0.485297	0.503137	
0.021129	0.520119	0.458752	
0.360451	0.422173	0.217376	
0.015384	0.434430	0.550186	
0.438810	0.365583	0.195607	
0.032575	0.461221	0.506204	
0.044311	0.599514	0.356174	
0.006745	0.320766	0.672489	
0.260653	0.219403	0.519944	
0.009051	0.644678	0.346270	
0.000638	0.019636	0.979726	
0.734213	0.219263	0.046524	
0.018220	0.571091	0.410689	
0.007151	0.259900	0.732948	
0.005662	0.056459	0.937878	
0.037834	0.277879	0.684287	
0.444948	0.407130	0.147923	
0.335536	0.363557	0.300908	
0.007097	0.433691	0.559212	
0.023341	0.216900	0.759759	
0.008966	0.054378	0.936656	
0.396061	0.402838	0.201102	
0.350270	0.449079	0.200651	
0.008481	0.231962	0.759557	
0.236736	0.401865	0.361399	
0.166692	0.346849	0.486460	
0.027275	0.109041	0.863684	
0.010571	0.088596	0.900833	
0.404663	0.406703	0.188634	
0.134058	0.552945	0.312997	
0.000323	0.014443	0.985233	
0.471310	0.342110	0.186580	
0.127537	0.506204	0.366259	
0.000178	0.012644	0.987178	
0.007723	0.172379	0.819897	
0.260840	0.286344	0.452816	
0.071914	0.525343	0.402743	
0.011924	0.357197	0.630879	
0.366463	0.324019	0.309519	
0.027750	0.240515	0.731734	
0.359565	0.486246	0.154189	
0.013150	0.154873	0.831977	
0.002075	0.035353	0.962572	
0.005520	0.096030	0.898451	
0.171752	0.592314	0.235934	
0.000278	0.022880	0.976842	
0.001712	0.044705	0.953583	
0.565104	0.323053	0.111843	
0.079837	0.663748	0.256415	
0.857411	0.114085	0.028504	
0.001332	0.056569	0.942100	
0.004611	0.175207	0.820181	
0.010054	0.468769	0.521177	
0.234035	0.444547	0.321417	
0.008056	0.351399	0.640545	
0.001191	0.047613	0.951196	
0.033472	0.293041	0.673487	
0.739221	0.211511	0.049268	
0.037819	0.532025	0.430156	
0.016120	0.435864	0.548016	
0.034872	0.542819	0.422308	
0.234617	0.530510	0.234873	
0.855556	0.126019	0.018425	
0.011506	0.146219	0.842275	
0.062380	0.530112	0.407508	
0.371996	0.382268	0.245736	
0.029006	0.427123	0.543871	
0.049143	0.304075	0.646782	
0.430882	0.413225	0.155893	
0.013204	0.173198	0.813598	
0.496172	0.311391	0.192437	
0.008263	0.432634	0.559103	
0.056669	0.565574	0.377757	
0.516526	0.356427	0.127047	
0.282987	0.523819	0.193194	
0.003448	0.030609	0.965943	
0.027273	0.520571	0.452156	
0.499477	0.360786	0.139737	
0.009326	0.050696	0.939978	
0.378942	0.495568	0.125490	
0.175951	0.323946	0.500103	
0.011053	0.713046	0.275901	
0.157336	0.636235	0.206429	
0.018953	0.710219	0.270827	
0.178226	0.544058	0.277716	
0.386777	0.457028	0.156195	
0.370720	0.469778	0.159502	
0.141356	0.604764	0.253880	
0.395181	0.471399	0.133421	
0.411641	0.404611	0.183748	
0.173952	0.619529	0.206519	
0.014993	0.358337	0.626670	
0.652729	0.295566	0.051705	
0.543369	0.363006	0.093626	
0.653745	0.283143	0.063112	
0.004285	0.129214	0.866502	
0.055410	0.622052	0.322538	
0.281494	0.444425	0.274081	
0.554118	0.355150	0.090733	
0.038265	0.694009	0.267726	
0.447797	0.339779	0.212425	
0.606040	0.305391	0.088569	
0.579596	0.368857	0.051547	
0.124599	0.448997	0.426404	
0.053767	0.781336	0.164898	
0.017253	0.404966	0.577781	
0.184277	0.460640	0.355083	
0.601238	0.313463	0.085299	
0.228254	0.328114	0.443632	
0.469121	0.421607	0.109272	
0.003910	0.175503	0.820588	
0.436535	0.420078	0.143387	
0.742301	0.209727	0.047971	
0.570071	0.362547	0.067382	
0.287792	0.372360	0.339848	
0.013282	0.520480	0.466238	
0.009887	0.670033	0.320080	
0.007304	0.474267	0.518429	
0.218109	0.592213	0.189678	
0.032369	0.721426	0.246205	
0.109614	0.407884	0.482502	
0.008615	0.474756	0.516629	
0.126433	0.609547	0.264020	
0.365195	0.340692	0.294113	
0.033452	0.526628	0.439920	
0.235726	0.335979	0.428295	
0.140067	0.652089	0.207844	
0.008588	0.218005	0.773407	
0.057265	0.778345	0.164390	
0.013033	0.636637	0.350330	
0.103478	0.620503	0.276020	
0.290412	0.425606	0.283982	
0.044864	0.785593	0.169543	
0.000502	0.021837	0.977662	
0.017427	0.586378	0.396195	
0.002810	0.065074	0.932116	
0.023955	0.750835	0.225210	
0.736567	0.205912	0.057521	
0.013630	0.210871	0.775499	
0.025256	0.582829	0.391914	
0.108006	0.614666	0.277328	
0.218678	0.463000	0.318322	
0.399525	0.446215	0.154261	
0.030403	0.460150	0.509447	
0.272036	0.547743	0.180220	
0.041856	0.627922	0.330222	
0.033840	0.665583	0.300577	
0.495180	0.415837	0.088983	
0.234052	0.254285	0.511662	
0.020857	0.630269	0.348874	
0.529862	0.369236	0.100902	
0.332726	0.523572	0.143703	
0.022352	0.163237	0.814411	
0.174893	0.268416	0.556691	
0.001823	0.040754	0.957422	
0.350361	0.532535	0.117104	
0.020999	0.740598	0.238404	
0.383419	0.456832	0.159749	
0.011389	0.127185	0.861426	
0.015936	0.772086	0.211978	
0.474937	0.418401	0.106662	
0.687388	0.250881	0.061731	
0.021855	0.452876	0.525269	
0.374460	0.471991	0.153549	
0.008148	0.461526	0.530326	
0.337724	0.423643	0.238633	
0.257220	0.544778	0.198002	
0.015110	0.737543	0.247347	
0.337644	0.407606	0.254750	
0.007568	0.230326	0.762106	
0.366555	0.435938	0.197507	
0.592563	0.295738	0.111699	
0.001430	0.032019	0.966551	
0.010789	0.513128	0.476083	
0.015353	0.551556	0.433091	
0.602492	0.308584	0.088925	
0.012076	0.471482	0.516442	
0.038554	0.645429	0.316017	
0.018069	0.295780	0.686151	
0.079504	0.474519	0.445976	
0.465696	0.347696	0.186608	
0.037724	0.192588	0.769688	
0.020879	0.626488	0.352633	
0.021092	0.401533	0.577375	
0.042296	0.527565	0.430138	
0.187482	0.556946	0.255572	
0.300049	0.476020	0.223931	
0.358737	0.373350	0.267914	
0.010093	0.364340	0.625567	
0.394174	0.402819	0.203008	
0.020412	0.472053	0.507535	
0.071218	0.619807	0.308975	
0.269788	0.432767	0.297445	
0.346937	0.484878	0.168186	
0.360461	0.407021	0.232519	
0.417926	0.294589	0.287486	
0.004540	0.062918	0.932542	
0.024726	0.420999	0.554275	
0.008099	0.420196	0.571706	
0.009476	0.098692	0.891832	
0.022025	0.554668	0.423307	
0.244383	0.402001	0.353615	
0.006142	0.290192	0.703666	
0.159165	0.530466	0.310369	
0.006492	0.247752	0.745757	
0.015490	0.411834	0.572676	
0.130612	0.329038	0.540350	
0.004432	0.020473	0.975095	
0.693742	0.264693	0.041565	
0.081842	0.300395	0.617762	
0.013697	0.492355	0.493948	
0.628670	0.277866	0.093464	
0.631213	0.284515	0.084272	
0.008143	0.408236	0.583621	
0.031629	0.268771	0.699600	
0.008104	0.448446	0.543450	
0.016398	0.337535	0.646067	
0.005436	0.094792	0.899772	
0.195661	0.585965	0.218375	
0.259793	0.387178	0.353029	
0.005372	0.479482	0.515146	
0.085184	0.584685	0.330131	
0.008294	0.327555	0.664151	
0.093810	0.664716	0.241474	
0.000496	0.009865	0.989640	
0.001045	0.024378	0.974577	
0.308902	0.502167	0.188931	
0.004755	0.086966	0.908279	
0.573889	0.319633	0.106478	
0.010102	0.420877	0.569021	
0.010124	0.537652	0.452224	
0.000828	0.017608	0.981564	
0.011274	0.337837	0.650889	
0.382914	0.354755	0.262331	
0.013461	0.328836	0.657704	
0.016998	0.481580	0.501422	
0.001804	0.027896	0.970299	
0.015481	0.634277	0.350243	
0.009511	0.589693	0.400796	
0.056726	0.657990	0.285284	
0.022271	0.507598	0.470131	
0.009018	0.257701	0.733281	
0.588089	0.311372	0.100539	
0.006198	0.307111	0.686691	
0.011860	0.638700	0.349441	
0.015104	0.719003	0.265893	
0.412745	0.423110	0.164145	
0.578117	0.338485	0.083398	
0.014315	0.529237	0.456448	
0.013600	0.559277	0.427123	
0.011381	0.151321	0.837299	
0.152885	0.583953	0.263161	
0.005542	0.146249	0.848209	
0.830732	0.119689	0.049579	
0.010354	0.367396	0.622250	
0.005987	0.492318	0.501696	
0.125182	0.418213	0.456605	
0.000277	0.017869	0.981854	
0.007869	0.413815	0.578316	
0.318434	0.214703	0.466862	
0.222748	0.265267	0.511985	
0.070416	0.761863	0.167720	
0.016153	0.492092	0.491755	
0.233534	0.440781	0.325686	
0.019347	0.260870	0.719783	
0.002444	0.086275	0.911280	
0.111797	0.422918	0.465285	
0.081714	0.639558	0.278727	
0.022200	0.384962	0.592838	
0.420772	0.372194	0.207034	
0.034082	0.541489	0.424429	
0.009153	0.637673	0.353174	
0.003496	0.062987	0.933517	
0.027041	0.645033	0.327926	
0.590657	0.344992	0.064351	
0.036104	0.781114	0.182782	
0.168100	0.664881	0.167019	
0.012033	0.437486	0.550481	
0.007742	0.267052	0.725206	
0.010602	0.220106	0.769292	
0.033906	0.653258	0.312836	
0.606339	0.314054	0.079607	
0.389025	0.419659	0.191316	
0.117218	0.399897	0.482885	
0.000440	0.019402	0.980158	
0.621455	0.300723	0.077822	
0.010730	0.346510	0.642760	
0.367874	0.349067	0.283059	
0.006967	0.684782	0.308250	
0.087900	0.545337	0.366763	
0.092070	0.516077	0.391853	
0.011264	0.558881	0.429855	
0.437364	0.436535	0.126101	
0.204998	0.696595	0.098408	
0.010450	0.322448	0.667102	
0.706390	0.239479	0.054131	
0.262402	0.531250	0.206348	
0.014399	0.131118	0.854483	
0.276966	0.515627	0.207407	
0.658102	0.289720	0.052178	
0.836561	0.149584	0.013855	
0.442469	0.341896	0.215635	
0.013131	0.617506	0.369363	
0.040078	0.694968	0.264954	
0.000557	0.011176	0.988267	
0.009462	0.405082	0.585456	
0.418854	0.377814	0.203333	
0.153293	0.582870	0.263837	
0.019205	0.151302	0.829494	
0.009392	0.292041	0.698568	
0.075491	0.481082	0.443427	
0.516376	0.374649	0.108975	
0.009599	0.363283	0.627119	
0.027503	0.282555	0.689942	
0.013430	0.639391	0.347179	
0.306946	0.475114	0.217940	
0.031928	0.687367	0.280704	
0.510653	0.372546	0.116801	
0.681212	0.255414	0.063374	
0.016890	0.467477	0.515633	
0.006469	0.307263	0.686268	
0.573208	0.323418	0.103375	
0.614989	0.292196	0.092814	
0.011634	0.681590	0.306777	
0.462190	0.443861	0.093949	
0.093195	0.672042	0.234763	
0.007112	0.033291	0.959597	
0.020372	0.384881	0.594747	
0.034575	0.298995	0.666430	
0.028102	0.207255	0.764643	
0.034724	0.654102	0.311174	
0.008999	0.597103	0.393897	
0.012838	0.659856	0.327306	
0.010660	0.461406	0.527934	
0.008514	0.685776	0.305710	
0.422612	0.409077	0.168310	
0.120799	0.442627	0.436573	
0.010267	0.332439	0.657294	
0.218853	0.593267	0.187879	
0.019289	0.376595	0.604115	
0.373668	0.340781	0.285552	
0.010377	0.549024	0.440599	
0.432717	0.388423	0.178861	
0.565145	0.316283	0.118572	
0.385892	0.431837	0.182270	
0.000556	0.010331	0.989113	
0.010864	0.603614	0.385522	
0.256439	0.592056	0.151505	
0.034343	0.057166	0.908491	
0.015098	0.147188	0.837715	
0.296517	0.306381	0.397102	
0.000086	0.006992	0.992922	
0.001413	0.028397	0.970190	
0.001210	0.023339	0.975451	
0.038381	0.335122	0.626498	
0.013000	0.092911	0.894089	
0.011345	0.369441	0.619214	
0.000344	0.011899	0.987757	
0.002540	0.020953	0.976507	
0.011850	0.453870	0.534279	
0.007291	0.393237	0.599472	
0.608476	0.288975	0.102550	
0.000299	0.012400	0.987302	
0.023258	0.312609	0.664134	
0.000433	0.015385	0.984182	
0.041282	0.389740	0.568978	
0.021293	0.390884	0.587823	
0.016746	0.201240	0.782014	
0.446995	0.362059	0.190946	
0.024281	0.286269	0.689449	
0.000106	0.005900	0.993994	
0.105641	0.438859	0.455500	
0.667173	0.251036	0.081791	
0.011927	0.455953	0.532121	
0.126423	0.343000	0.530577	
0.019037	0.175482	0.805480	
0.011676	0.412518	0.575806	
0.021481	0.253267	0.725252	
0.472789	0.356727	0.170485	
0.008447	0.207931	0.783622	
0.043040	0.166317	0.790643	
0.117682	0.291030	0.591288	
0.023369	0.528047	0.448585	
0.023268	0.183898	0.792834	
0.010896	0.375237	0.613867	
0.022087	0.433667	0.544246	
0.011785	0.366868	0.621347	
0.010306	0.099622	0.890071	
0.011521	0.460799	0.527680	
0.038275	0.534253	0.427472	
0.002741	0.064617	0.932641	
0.007930	0.361060	0.631009	
0.028395	0.278819	0.692786	
0.034917	0.424495	0.540588	
0.018414	0.225974	0.755611	
0.362107	0.386356	0.251537	
0.023322	0.533701	0.442977	
0.437728	0.365289	0.196983	
0.000136	0.009734	0.990130	
0.007667	0.173568	0.818765	
0.279853	0.539994	0.180152	
0.429383	0.338200	0.232417	
0.021841	0.125039	0.853120	
0.012625	0.277070	0.710305	
0.330810	0.461002	0.208188	
0.267753	0.523465	0.208782	
0.345492	0.325727	0.328781	
0.006401	0.159188	0.834410	
0.540582	0.345449	0.113969	
0.010786	0.352273	0.636940	
0.045471	0.246272	0.708257	
0.011421	0.141617	0.846961	
0.010812	0.480391	0.508796	
0.029302	0.410744	0.559954	
0.697704	0.247193	0.055103	
0.127023	0.389565	0.483412	
0.160354	0.575937	0.263709	
0.367966	0.430945	0.201088	
0.090912	0.329952	0.579135	
0.183951	0.290219	0.525830	
0.402753	0.455781	0.141466	
0.554394	0.340625	0.104982	
0.363977	0.342542	0.293481	
0.019650	0.394521	0.585829	
0.009634	0.249839	0.740527	
0.007906	0.525242	0.466852	
0.387239	0.397887	0.214874	
0.021005	0.410314	0.568682	
0.037171	0.480362	0.482467	
0.015667	0.526603	0.457730	
0.626023	0.268359	0.105618	
0.002446	0.126449	0.871105	
0.000543	0.017658	0.981799	
0.037750	0.443100	0.519150	
0.001366	0.029595	0.969040	
0.008850	0.402317	0.588833	
0.001891	0.061802	0.936308	
0.003371	0.079371	0.917258	
0.465538	0.337054	0.197409	
0.006024	0.141065	0.852911	
0.022364	0.183181	0.794455	
0.533649	0.341683	0.124668	
0.005591	0.097861	0.896548	
0.013611	0.272255	0.714134	
0.019356	0.249303	0.731341	
0.251091	0.319966	0.428943	
0.014479	0.162876	0.822645	
0.009323	0.312071	0.678605	
0.007607	0.383243	0.609150	
0.029814	0.250070	0.720116	
0.432268	0.388529	0.179203	
0.569159	0.328856	0.101985	
0.010937	0.498411	0.490652	
0.007204	0.132524	0.860273	
0.008811	0.483658	0.507531	
0.005195	0.334995	0.659809	
0.087393	0.316411	0.596196	
0.001411	0.060523	0.938066	
0.022654	0.606732	0.370614	
0.008286	0.420037	0.571677	
0.041689	0.393438	0.564873	
0.054055	0.312204	0.633740	
0.422829	0.328352	0.248819	
0.024458	0.188279	0.787262	
0.026683	0.597728	0.375588	
0.002548	0.101436	0.896016	
0.010522	0.456388	0.533090	
0.013938	0.148032	0.838030	
0.001152	0.055800	0.943048	
0.437919	0.350227	0.211854	
0.006372	0.292833	0.700794	
0.108319	0.198628	0.693053	
0.004436	0.111197	0.884367	
0.056650	0.284653	0.658696	
0.008660	0.067932	0.923407	
0.011882	0.066939	0.921179	
0.007402	0.287424	0.705174	
0.000160	0.006830	0.993010	
0.383040	0.414383	0.202578	
0.002146	0.074257	0.923597	
0.004008	0.095570	0.900422	
0.012690	0.150916	0.836394	
0.011051	0.482102	0.506847	
0.004789	0.033024	0.962188	
0.007796	0.335016	0.657188	
0.422930	0.372615	0.204456	
0.120046	0.421841	0.458114	
0.002786	0.087967	0.909247	
0.013658	0.337688	0.648654	
0.016170	0.299727	0.684104	
0.281682	0.328906	0.389412	
0.006946	0.191213	0.801842	
0.436207	0.353900	0.209893	
0.006216	0.319584	0.674200	
0.004230	0.088547	0.907224	
0.208864	0.370180	0.420956	
0.006974	0.295932	0.697094	
0.054523	0.220684	0.724793	
0.001755	0.030328	0.967917	
0.003773	0.021168	0.975059	
0.162755	0.437927	0.399318	
