0.162944	0.511295	0.325761	
0.098644	0.413860	0.487495	
0.075050	0.258533	0.666417	
0.009427	0.437641	0.552933	
0.008980	0.700963	0.290057	
0.023157	0.557682	0.419161	
0.089071	0.521497	0.389432	
0.296600	0.376221	0.327179	
0.016177	0.619429	0.364394	
0.550651	0.313284	0.136066	
0.035952	0.434328	0.529720	
0.014893	0.341974	0.643133	
0.026397	0.567652	0.405950	
0.024937	0.079997	0.895067	
0.022091	0.685030	0.292880	
0.205790	0.336640	0.457569	
0.007921	0.470505	0.521574	
0.016798	0.443191	0.540011	
0.034171	0.474237	0.491592	
0.172437	0.500399	0.327164	
0.014216	0.544697	0.441086	
0.377358	0.308684	0.313958	
0.306903	0.400078	0.293019	
0.003212	0.081295	0.915493	
0.021058	0.308264	0.670678	
0.005388	0.406125	0.588487	
0.011015	0.467922	0.521063	
0.026307	0.657241	0.316452	
0.304263	0.460660	0.235077	
0.414478	0.417142	0.168380	
0.004059	0.078514	0.917427	
0.545635	0.319882	0.134483	
0.433113	0.421749	0.145138	
0.001706	0.056509	0.941785	
0.011975	0.529603	0.458421	
0.494212	0.350886	0.154901	
0.137018	0.638101	0.224881	
0.006260	0.484772	0.508968	
0.161553	0.326961	0.511486	
0.129460	0.534551	0.335989	
0.010903	0.480567	0.508530	
0.387945	0.365509	0.246545	
0.010236	0.592999	0.396765	
0.010619	0.605421	0.383960	
0.605476	0.287874	0.106650	
0.504015	0.346993	0.148992	
0.223564	0.254445	0.521991	
0.146522	0.625301	0.228177	
0.344979	0.507095	0.147926	
0.555526	0.371215	0.073259	
0.510072	0.331977	0.157951	
0.010389	0.395062	0.594549	
0.141777	0.444199	0.414024	
0.006868	0.154489	0.838642	
0.155271	0.610611	0.234118	
0.017145	0.587249	0.395606	
0.028595	0.481781	0.489624	
0.149224	0.597921	0.252855	
0.207441	0.399512	0.393046	
0.309831	0.363030	0.327140	
0.004209	0.046037	0.949753	
0.066034	0.648248	0.285718	
0.005367	0.052949	0.941684	
0.013805	0.591749	0.394446	
0.009670	0.442157	0.548173	
0.007268	0.475663	0.517069	
0.129366	0.478483	0.392151	
0.016712	0.344389	0.638899	
0.021535	0.529466	0.448999	
0.401658	0.379817	0.218525	
0.011292	0.718097	0.270611	
0.019630	0.583975	0.396395	
0.013434	0.568653	0.417913	
0.474260	0.378563	0.147177	
0.431374	0.403239	0.165387	
0.006521	0.337399	0.656079	
0.016519	0.458310	0.525170	
0.152553	0.285440	0.562006	
0.009210	0.454108	0.536682	
0.011524	0.563048	0.425428	
0.029480	0.306926	0.663594	
0.035730	0.558356	0.405914	
0.543750	0.338121	0.118129	
0.008940	0.477323	0.513736	
0.094276	0.601080	0.304645	
0.013446	0.504515	0.482040	
0.082476	0.298071	0.619453	
0.451370	0.443011	0.105619	
0.064591	0.546435	0.388974	
0.015287	0.217839	0.766874	
0.010582	0.604460	0.384958	
0.002171	0.088686	0.909143	
0.064688	0.541757	0.393555	
0.116318	0.465768	0.417914	
0.014779	0.263936	0.721285	
0.007279	0.423678	0.569043	
0.136899	0.382776	0.480324	
0.011287	0.111221	0.877492	
0.012423	0.303416	0.684162	
0.299320	0.429142	0.271538	
0.505122	0.340644	0.154234	
0.007167	0.278974	0.713859	
0.009998	0.179972	0.810030	
0.010482	0.533590	0.455928	
0.079685	0.419267	0.501048	
0.009040	0.467984	0.522976	
0.195253	0.407652	0.397095	
0.002194	0.214254	0.783552	
0.027999	0.211571	0.760430	
0.046234	0.579008	0.374758	
0.259653	0.491825	0.248522	
0.825359	0.140875	0.033767	
0.043905	0.361441	0.594654	
0.003399	0.080013	0.916588	
0.017756	0.516507	0.465737	
0.068023	0.660779	0.271198	
0.008554	0.448906	0.542540	
0.008597	0.256812	0.734591	
0.014866	0.348470	0.636664	
0.011648	0.342176	0.646176	
0.006114	0.278759	0.715127	
0.018912	0.346411	0.634676	
0.098297	0.524930	0.376772	
0.012125	0.340490	0.647386	
0.004425	0.029511	0.966065	
0.015266	0.441500	0.543234	
0.611897	0.291159	0.096944	
0.250435	0.358062	0.391503	
0.007774	0.454878	0.537348	
0.001855	0.038102	0.960043	
0.006611	0.082263	0.911126	
0.006175	0.476142	0.517683	
0.009192	0.314804	0.676004	
0.006444	0.288323	0.705234	
0.010356	0.420064	0.569579	
0.034859	0.249201	0.715940	
0.011760	0.425106	0.563134	
0.006249	0.076538	0.917213	
0.002177	0.094575	0.903248	
0.371575	0.379837	0.248588	
0.010170	0.487532	0.502298	
0.004849	0.176083	0.819068	
0.123110	0.461063	0.415827	
0.008149	0.173349	0.818502	
0.007760	0.291625	0.700615	
0.011681	0.337807	0.650512	
0.028183	0.321514	0.650304	
0.374753	0.378583	0.246665	
0.078012	0.365496	0.556492	
0.540441	0.240003	0.219557	
0.020183	0.338752	0.641065	
0.010520	0.619405	0.370075	
0.007165	0.419156	0.573679	
0.006420	0.348139	0.645441	
0.008065	0.410186	0.581749	
0.152726	0.232684	0.614589	
0.008672	0.442435	0.548893	
0.011375	0.515833	0.472792	
0.011662	0.251122	0.737216	
0.004236	0.117053	0.878712	
0.110276	0.367148	0.522577	
0.006074	0.260789	0.733137	
0.008792	0.476671	0.514537	
0.058986	0.384792	0.556223	
0.006927	0.446489	0.546584	
0.201477	0.438660	0.359862	
0.002922	0.072901	0.924177	
0.006347	0.048672	0.944980	
0.453285	0.357755	0.188960	
0.008449	0.406293	0.585258	
0.087990	0.274926	0.637084	
0.008131	0.491100	0.500769	
0.007527	0.141074	0.851399	
0.034510	0.236005	0.729485	
0.005311	0.294143	0.700546	
0.040806	0.533931	0.425263	
0.007054	0.283777	0.709169	
0.007587	0.233786	0.758627	
0.018868	0.586750	0.394382	
0.007088	0.477796	0.515116	
0.003448	0.030609	0.965943	
0.005958	0.308945	0.685097	
0.073049	0.348542	0.578410	
0.072495	0.569279	0.358225	
0.411504	0.365276	0.223220	
0.171867	0.582468	0.245665	
0.021846	0.694544	0.283610	
0.033649	0.470414	0.495937	
0.011157	0.348103	0.640739	
0.018500	0.524347	0.457153	
0.378320	0.495956	0.125724	
0.025344	0.618131	0.356526	
0.705580	0.248702	0.045718	
0.374349	0.379766	0.245885	
0.069953	0.306806	0.623241	
0.132922	0.604000	0.263078	
0.030266	0.582545	0.387189	
0.028399	0.488086	0.483514	
0.237758	0.636993	0.125249	
0.058342	0.608222	0.333437	
0.027285	0.579483	0.393232	
0.012144	0.579926	0.407930	
0.015920	0.463943	0.520137	
0.021592	0.231004	0.747405	
0.006071	0.087549	0.906380	
0.014541	0.366964	0.618495	
0.004927	0.086660	0.908413	
0.031883	0.563357	0.404761	
0.407208	0.274250	0.318542	
0.451856	0.304258	0.243885	
0.042270	0.639978	0.317752	
0.087784	0.243157	0.669059	
0.053332	0.564768	0.381900	
0.011760	0.167593	0.820647	
0.009833	0.540020	0.450147	
0.037515	0.183152	0.779332	
0.014684	0.459888	0.525429	
0.038327	0.583638	0.378035	
0.166064	0.644291	0.189646	
0.053205	0.612542	0.334253	
0.395095	0.410851	0.194053	
0.002567	0.042862	0.954571	
0.002878	0.043847	0.953275	
0.340629	0.503568	0.155803	
0.014124	0.345065	0.640812	
0.001796	0.050072	0.948131	
0.040899	0.642579	0.316522	
0.021761	0.445157	0.533082	
0.507677	0.396672	0.095652	
0.081653	0.586027	0.332320	
0.023290	0.590777	0.385933	
0.013527	0.534137	0.452336	
0.012565	0.650554	0.336881	
0.289489	0.596545	0.113966	
0.095118	0.519257	0.385624	
0.533442	0.326577	0.139981	
0.014110	0.602582	0.383308	
0.170770	0.565011	0.264219	
0.035209	0.624446	0.340345	
0.128345	0.635478	0.236177	
0.002493	0.073928	0.923579	
0.015519	0.536066	0.448415	
0.022323	0.616385	0.361292	
0.003472	0.054999	0.941528	
0.011700	0.551751	0.436549	
0.010296	0.484946	0.504758	
0.014367	0.353225	0.632408	
0.030419	0.588196	0.381386	
0.367214	0.405960	0.226826	
0.828336	0.138041	0.033624	
0.212462	0.502079	0.285459	
0.022808	0.579619	0.397573	
0.361748	0.407655	0.230597	
0.330065	0.392932	0.277004	
0.006157	0.068309	0.925534	
0.201936	0.301780	0.496284	
0.379128	0.451891	0.168981	
0.025148	0.446015	0.528837	
0.297309	0.465307	0.237385	
0.039479	0.439497	0.521024	
0.189125	0.609534	0.201342	
0.002634	0.077752	0.919614	
0.179503	0.623598	0.196899	
0.012818	0.521179	0.466003	
0.003021	0.097617	0.899363	
0.030956	0.510177	0.458867	
0.037286	0.674364	0.288350	
0.013680	0.524190	0.462129	
0.019464	0.096510	0.884026	
0.047378	0.706766	0.245856	
0.026680	0.611563	0.361757	
0.011949	0.062102	0.925949	
0.036893	0.670549	0.292558	
0.085849	0.655905	0.258246	
0.121235	0.619777	0.258989	
0.015649	0.163968	0.820383	
0.006811	0.202390	0.790799	
0.043817	0.350142	0.606042	
0.573936	0.272971	0.153093	
0.452231	0.383422	0.164347	
0.080592	0.351492	0.567916	
0.018445	0.562676	0.418879	
0.775673	0.180472	0.043854	
0.010997	0.168322	0.820681	
0.173443	0.633236	0.193321	
0.267968	0.201053	0.530980	
0.020345	0.182660	0.796995	
0.272465	0.511807	0.215728	
0.653631	0.264003	0.082366	
0.008938	0.531387	0.459675	
0.097245	0.707575	0.195180	
0.566358	0.327290	0.106352	
0.466143	0.399599	0.134258	
0.000685	0.019983	0.979332	
0.367968	0.437880	0.194152	
0.016807	0.549515	0.433678	
0.075075	0.200595	0.724330	
0.451356	0.365849	0.182795	
0.011796	0.558257	0.429947	
0.008690	0.588648	0.402662	
0.032415	0.644300	0.323285	
0.678158	0.257738	0.064105	
0.115256	0.575243	0.309501	
0.085779	0.206147	0.708074	
0.005697	0.082963	0.911339	
0.010978	0.485009	0.504013	
0.597335	0.288661	0.114004	
0.400971	0.384773	0.214256	
0.020890	0.309172	0.669937	
0.563496	0.323591	0.112913	
0.900869	0.087957	0.011174	
0.507694	0.375075	0.117231	
0.755199	0.198235	0.046566	
0.918149	0.074680	0.007171	
0.120946	0.324879	0.554176	
0.486663	0.387696	0.125640	
0.030794	0.583658	0.385548	
0.582063	0.296403	0.121534	
0.050331	0.440558	0.509111	
0.214080	0.583073	0.202846	
0.014704	0.714201	0.271095	
0.023271	0.629304	0.347425	
0.017018	0.634559	0.348423	
0.029348	0.246826	0.723826	
0.762075	0.188968	0.048957	
0.210279	0.594288	0.195433	
0.537667	0.355264	0.107070	
0.665144	0.273187	0.061669	
0.198078	0.479557	0.322366	
0.839679	0.141557	0.018764	
0.749998	0.177896	0.072107	
0.050574	0.682597	0.266828	
0.620150	0.309231	0.070619	
0.301706	0.537849	0.160445	
0.007871	0.288631	0.703498	
0.587905	0.323848	0.088247	
0.065282	0.630640	0.304079	
0.063041	0.634373	0.302586	
0.668287	0.245276	0.086437	
0.099481	0.487469	0.413050	
0.011427	0.124794	0.863779	
0.003839	0.117856	0.878305	
0.187622	0.616707	0.195672	
0.128836	0.475298	0.395866	
0.299959	0.389105	0.310936	
0.007783	0.568956	0.423261	
0.054947	0.693849	0.251204	
0.397847	0.391939	0.210214	
0.141152	0.287432	0.571417	
0.367002	0.466751	0.166247	
0.242759	0.531227	0.226013	
0.378913	0.497307	0.123780	
0.371387	0.449790	0.178823	
0.434396	0.415299	0.150305	
0.001759	0.051609	0.946632	
0.022975	0.570546	0.406479	
0.156132	0.639816	0.204052	
0.100953	0.198055	0.700992	
0.018534	0.446437	0.535029	
0.063398	0.638222	0.298380	
0.027372	0.379948	0.592681	
0.022806	0.507836	0.469358	
0.008777	0.308701	0.682522	
0.014744	0.427735	0.557521	
0.006523	0.178591	0.814886	
0.390745	0.377108	0.232147	
0.008058	0.352333	0.639609	
0.078986	0.528724	0.392289	
0.013379	0.316589	0.670033	
0.215037	0.549731	0.235231	
0.186677	0.349213	0.464110	
0.006509	0.445441	0.548049	
0.006040	0.094921	0.899040	
0.434816	0.345013	0.220171	
0.006534	0.217667	0.775799	
0.011199	0.113298	0.875503	
0.012194	0.109046	0.878760	
0.154556	0.398324	0.447119	
0.135660	0.332418	0.531922	
0.169046	0.383406	0.447548	
0.207611	0.340250	0.452139	
0.014259	0.370877	0.614864	
0.001881	0.048359	0.949759	
0.000004	0.000968	0.999028	
0.013047	0.151030	0.835923	
0.013035	0.407165	0.579800	
0.011260	0.341169	0.647571	
0.011699	0.197497	0.790805	
0.028612	0.329494	0.641895	
0.003433	0.123108	0.873459	
0.006387	0.272841	0.720772	
0.879681	0.087576	0.032743	
0.287234	0.386790	0.325976	
0.014741	0.529473	0.455787	
0.034296	0.377413	0.588291	
0.559905	0.310933	0.129162	
0.649616	0.243822	0.106562	
0.180152	0.406541	0.413307	
0.014799	0.343905	0.641297	
0.001801	0.025832	0.972367	
0.315209	0.380443	0.304348	
0.007499	0.166673	0.825828	
0.017440	0.201274	0.781286	
0.011091	0.343248	0.645660	
0.276289	0.380055	0.343656	
0.009279	0.232254	0.758467	
0.014610	0.144444	0.840947	
0.000115	0.008774	0.991111	
0.507754	0.284509	0.207737	
0.017399	0.209178	0.773423	
0.012061	0.481085	0.506855	
0.012890	0.362620	0.624490	
0.009299	0.347387	0.643314	
0.014008	0.349506	0.636485	
0.011489	0.332780	0.655731	
0.651834	0.230592	0.117575	
0.025657	0.481054	0.493288	
0.008083	0.334445	0.657472	
0.356360	0.388626	0.255014	
0.016693	0.475402	0.507905	
0.182874	0.414571	0.402554	
0.025211	0.407350	0.567438	
0.006659	0.249166	0.744175	
0.083976	0.362515	0.553509	
0.286973	0.413477	0.299550	
0.002992	0.094765	0.902243	
0.012735	0.476614	0.510651	
0.005896	0.179939	0.814165	
0.006952	0.252757	0.740291	
0.016358	0.393929	0.589713	
0.013729	0.446768	0.539503	
0.058813	0.157765	0.783422	
0.020191	0.092184	0.887625	
0.011087	0.258727	0.730185	
0.013874	0.227466	0.758660	
0.011137	0.405514	0.583349	
0.002823	0.068230	0.928947	
0.018400	0.467677	0.513923	
0.018773	0.415012	0.566216	
0.537923	0.285330	0.176748	
0.420132	0.397330	0.182538	
0.165901	0.350972	0.483127	
0.001363	0.047952	0.950685	
0.042404	0.460190	0.497406	
0.450089	0.374105	0.175806	
0.017537	0.559810	0.422653	
0.010379	0.134137	0.855484	
0.003016	0.045374	0.951610	
0.002396	0.040422	0.957182	
0.003382	0.104919	0.891699	
0.005913	0.266148	0.727939	
0.009245	0.047596	0.943159	
0.005589	0.078567	0.915844	
0.489968	0.353299	0.156733	
0.007149	0.241716	0.751135	
0.010096	0.087815	0.902090	
0.000936	0.016655	0.982409	
0.019440	0.188961	0.791599	
0.010169	0.466346	0.523485	
0.009142	0.404172	0.586686	
0.003169	0.043813	0.953018	
0.718608	0.218588	0.062805	
0.065455	0.544751	0.389795	
0.005985	0.316233	0.677782	
0.012447	0.547531	0.440023	
0.094598	0.348058	0.557343	
0.022989	0.116615	0.860396	
0.020327	0.296502	0.683171	
0.010449	0.350660	0.638891	
0.287080	0.335370	0.377550	
0.004870	0.105862	0.889268	
0.000646	0.026936	0.972418	
0.038480	0.193207	0.768313	
0.031878	0.623096	0.345026	
0.038476	0.521503	0.440021	
0.007683	0.249139	0.743178	
0.049257	0.167574	0.783170	
0.005371	0.045179	0.949450	
0.223961	0.388419	0.387620	
0.001361	0.031052	0.967587	
0.216781	0.310736	0.472483	
0.026403	0.626873	0.346724	
0.062521	0.183243	0.754236	
0.008030	0.387505	0.604465	
0.093113	0.452975	0.453912	
0.012066	0.427559	0.560375	
0.012868	0.406159	0.580974	
0.019399	0.474351	0.506249	
0.021700	0.748990	0.229309	
0.323313	0.476490	0.200198	
0.003718	0.057953	0.938329	
0.006936	0.127269	0.865795	
0.014248	0.071876	0.913876	
0.030619	0.107768	0.861614	
0.029869	0.257975	0.712156	
0.388864	0.350890	0.260246	
0.633405	0.198181	0.168413	
0.023554	0.171032	0.805414	
0.023049	0.606824	0.370127	
0.008196	0.638778	0.353027	
0.011393	0.641180	0.347428	
0.010949	0.426103	0.562948	
0.018847	0.239922	0.741231	
0.009653	0.523533	0.466813	
0.008842	0.441766	0.549392	
0.015103	0.522326	0.462571	
0.004146	0.142405	0.853449	
0.021023	0.583488	0.395489	
0.020565	0.543948	0.435487	
0.009979	0.620587	0.369434	
0.682346	0.250837	0.066817	
0.311857	0.397068	0.291075	
0.008172	0.432834	0.558994	
0.016644	0.522851	0.460505	
0.012253	0.100464	0.887283	
0.124855	0.357369	0.517777	
0.440223	0.355522	0.204255	
0.677508	0.244281	0.078211	
0.008319	0.429790	0.561892	
0.030302	0.385131	0.584567	
0.007510	0.333732	0.658757	
0.004471	0.027909	0.967620	
0.008608	0.462585	0.528807	
0.778461	0.183344	0.038195	
0.471800	0.323254	0.204946	
0.551313	0.282880	0.165807	
0.007063	0.359165	0.633772	
0.181022	0.365668	0.453310	
0.426771	0.354747	0.218482	
0.520969	0.344355	0.134676	
0.832407	0.142733	0.024860	
0.015756	0.449809	0.534435	
0.149595	0.223352	0.627054	
0.008468	0.454258	0.537274	
0.258722	0.332426	0.408852	
0.493987	0.339235	0.166778	
0.657243	0.262515	0.080242	
0.390253	0.447397	0.162351	
0.040171	0.303226	0.656603	
0.011343	0.602918	0.385739	
0.454325	0.362672	0.183003	
0.826457	0.129341	0.044202	
0.078391	0.713108	0.208501	
0.004502	0.205618	0.789880	
0.585336	0.309451	0.105213	
0.009831	0.489432	0.500737	
0.733375	0.210033	0.056592	
0.008892	0.301187	0.689922	
0.769107	0.179320	0.051573	
0.184519	0.573686	0.241795	
0.725195	0.211257	0.063549	
0.416834	0.431807	0.151359	
0.728565	0.215128	0.056307	
0.644586	0.273407	0.082007	
0.590335	0.298633	0.111032	
0.001062	0.023679	0.975259	
0.446414	0.403936	0.149651	
0.008447	0.440113	0.551440	
0.559455	0.339398	0.101147	
0.568911	0.327397	0.103691	
0.555189	0.327985	0.116827	
0.284845	0.539279	0.175876	
0.043400	0.527388	0.429212	
0.838936	0.140397	0.020667	
0.007605	0.446762	0.545633	
0.804102	0.160746	0.035152	
0.003669	0.146415	0.849916	
0.009744	0.533527	0.456729	
0.009274	0.438112	0.552614	
0.011992	0.364038	0.623970	
0.133667	0.568247	0.298086	
0.671782	0.254758	0.073461	
0.193521	0.542619	0.263859	
0.601626	0.287340	0.111034	
0.011445	0.150554	0.838001	
0.001189	0.036408	0.962403	
0.078147	0.293279	0.628574	
0.040842	0.346659	0.612500	
0.009372	0.034713	0.955915	
0.008973	0.481595	0.509432	
0.009780	0.472552	0.517668	
0.220990	0.451881	0.327129	
0.551974	0.321632	0.126394	
0.005698	0.329384	0.664918	
0.023444	0.327772	0.648784	
0.323157	0.491179	0.185664	
0.462434	0.336572	0.200994	
0.482934	0.350879	0.166187	
0.073313	0.605951	0.320736	
0.003600	0.106121	0.890279	
0.758077	0.200230	0.041693	
0.661228	0.262524	0.076248	
0.321802	0.498887	0.179311	
0.807704	0.161988	0.030309	
0.085390	0.600158	0.314452	
0.349310	0.472204	0.178487	
0.008136	0.252676	0.739188	
0.335161	0.400645	0.264194	
0.567358	0.313679	0.118963	
0.032351	0.515656	0.451992	
0.299914	0.355491	0.344596	
0.008293	0.416594	0.575113	
0.141468	0.584725	0.273807	
0.011185	0.442568	0.546247	
0.297517	0.503071	0.199411	
0.512006	0.362232	0.125762	
0.011455	0.158242	0.830302	
0.209027	0.283038	0.507935	
0.006452	0.136001	0.857547	
0.006886	0.356572	0.636542	
0.000029	0.001974	0.997997	
0.000041	0.002392	0.997567	
0.000753	0.030594	0.968653	
0.004459	0.073728	0.921813	
0.010284	0.264681	0.725035	
0.030152	0.329044	0.640804	
0.001077	0.048170	0.950753	
0.004133	0.062302	0.933565	
0.000056	0.005387	0.994557	
0.003409	0.075463	0.921128	
0.007562	0.145661	0.846777	
0.000396	0.013776	0.985827	
0.141016	0.296195	0.562789	
0.011036	0.161514	0.827449	
0.000697	0.038213	0.961091	
0.548487	0.329521	0.121992	
0.001406	0.047764	0.950831	
0.019858	0.336415	0.643727	
0.001705	0.036803	0.961491	
0.003825	0.106026	0.890149	
0.000322	0.009031	0.990647	
0.001501	0.042033	0.956466	
0.000029	0.002421	0.997549	
0.000253	0.011168	0.988580	
0.092000	0.280825	0.627176	
0.059804	0.309018	0.631177	
0.008545	0.092011	0.899445	
0.008123	0.141667	0.850210	
0.000080	0.003872	0.996049	
0.001389	0.029114	0.969496	
0.829821	0.139164	0.031015	
0.000042	0.006559	0.993399	
0.099942	0.185046	0.715012	
0.008826	0.200919	0.790255	
0.014219	0.047843	0.937938	
0.337836	0.347801	0.314363	
0.135907	0.262112	0.601980	
0.012303	0.158203	0.829494	
0.005782	0.105178	0.889039	
0.000681	0.016689	0.982629	
0.000050	0.002425	0.997525	
0.004436	0.061264	0.934301	
0.134556	0.367316	0.498128	
0.550970	0.192210	0.256819	
0.005472	0.111575	0.882953	
0.004192	0.065063	0.930746	
0.001157	0.054889	0.943954	
0.024484	0.200889	0.774627	
0.000808	0.011060	0.988132	
0.002353	0.011999	0.985647	
0.000224	0.011692	0.988084	
0.005744	0.120117	0.874140	
0.001769	0.045437	0.952794	
0.004155	0.089220	0.906625	
0.008057	0.077796	0.914147	
0.141884	0.257922	0.600194	
0.000164	0.005591	0.994245	
0.025810	0.066733	0.907457	
0.000078	0.007249	0.992672	
0.002237	0.062157	0.935606	
0.000007	0.001055	0.998938	
0.000324	0.009181	0.990494	
0.002905	0.052290	0.944805	
0.006052	0.116373	0.877575	
0.000655	0.030548	0.968798	
0.133753	0.304878	0.561370	
0.005761	0.129791	0.864449	
0.075348	0.279798	0.644854	
0.001623	0.025952	0.972425	
0.000153	0.012675	0.987172	
0.000020	0.002259	0.997722	
0.082244	0.515523	0.402233	
0.003987	0.086737	0.909276	
0.000959	0.034872	0.964169	
0.000185	0.009078	0.990737	
0.003766	0.107379	0.888855	
0.010958	0.308947	0.680095	
0.011613	0.178304	0.810083	
0.008838	0.274941	0.716221	
0.000064	0.005231	0.994705	
0.021481	0.345006	0.633513	
0.343940	0.363101	0.292960	
0.007486	0.437379	0.555134	
0.694712	0.238526	0.066761	
0.261193	0.349654	0.389153	
0.497436	0.233547	0.269017	
0.002871	0.041443	0.955686	
0.019540	0.255942	0.724518	
0.004239	0.104833	0.890928	
0.013050	0.649597	0.337353	
0.006278	0.126285	0.867437	
0.171638	0.631604	0.196758	
0.069300	0.557277	0.373423	
0.178146	0.569974	0.251881	
0.463353	0.373581	0.163066	
0.011018	0.549959	0.439023	
0.064299	0.767798	0.167903	
0.285954	0.472977	0.241068	
0.013082	0.584699	0.402219	
0.036986	0.380667	0.582347	
0.021643	0.665716	0.312640	
0.055965	0.222058	0.721977	
0.010643	0.276005	0.713352	
0.035756	0.614814	0.349430	
0.054160	0.523115	0.422726	
0.012148	0.585031	0.402821	
0.012338	0.627382	0.360280	
0.004276	0.048475	0.947249	
0.009741	0.522719	0.467540	
0.027647	0.523660	0.448692	
0.012189	0.561918	0.425892	
0.242472	0.372796	0.384732	
0.018463	0.402610	0.578928	
0.172472	0.438896	0.388633	
0.037748	0.233504	0.728748	
0.414811	0.470279	0.114910	
0.024143	0.266428	0.709429	
0.026421	0.329518	0.644060	
0.308005	0.401317	0.290678	
0.382940	0.352059	0.265001	
0.012375	0.209309	0.778316	
0.011239	0.131061	0.857700	
0.020834	0.239960	0.739207	
0.663915	0.263133	0.072952	
0.052083	0.176137	0.771780	
0.428110	0.405663	0.166227	
0.660335	0.280307	0.059358	
0.478559	0.355301	0.166140	
0.028961	0.659521	0.311518	
0.050163	0.655513	0.294323	
0.283101	0.517458	0.199441	
0.820201	0.150759	0.029040	
0.736838	0.195050	0.068112	
0.015223	0.537035	0.447741	
0.004816	0.077406	0.917777	
0.071498	0.662230	0.266272	
0.009853	0.583379	0.406768	
0.007080	0.468270	0.524650	
0.098626	0.597640	0.303734	
0.008476	0.274517	0.717007	
0.014985	0.237858	0.747157	
0.456052	0.415263	0.128686	
0.010738	0.495031	0.494231	
0.526606	0.350650	0.122744	
0.196658	0.265783	0.537559	
0.016872	0.160383	0.822746	
0.013362	0.241885	0.744753	
0.421742	0.394022	0.184235	
0.259455	0.541729	0.198816	
0.011083	0.400664	0.588254	
0.071017	0.740240	0.188743	
0.436663	0.255639	0.307698	
0.291971	0.409061	0.298967	
0.561145	0.311726	0.127130	
0.039097	0.476984	0.483919	
0.643741	0.275324	0.080936	
0.034671	0.674558	0.290771	
0.113731	0.243938	0.642331	
0.264160	0.282032	0.453808	
0.371574	0.486356	0.142071	
0.009149	0.517909	0.472942	
0.010913	0.436281	0.552805	
0.497975	0.409572	0.092453	
0.136204	0.660724	0.203071	
0.029246	0.318151	0.652603	
0.011375	0.514065	0.474560	
0.009862	0.525716	0.464422	
0.019703	0.352219	0.628078	
0.055628	0.269670	0.674701	
0.319135	0.470663	0.210202	
0.613989	0.318835	0.067176	
0.590527	0.182249	0.227225	
0.052401	0.527085	0.420514	
0.006012	0.099022	0.894966	
0.434318	0.401093	0.164588	
0.010307	0.144701	0.844992	
0.163129	0.559836	0.277035	
0.556431	0.319172	0.124397	
0.155668	0.572029	0.272303	
0.217490	0.589891	0.192619	
0.043172	0.705392	0.251436	
0.009577	0.458703	0.531721	
0.233868	0.375754	0.390378	
0.427749	0.378517	0.193734	
0.157181	0.179957	0.662862	
0.007691	0.145105	0.847203	
0.355658	0.421702	0.222640	
0.083143	0.665857	0.251000	
0.157510	0.360479	0.482011	
0.113068	0.643272	0.243659	
0.655485	0.282856	0.061659	
0.019364	0.205375	0.775261	
0.070082	0.647414	0.282504	
0.009886	0.499191	0.490923	
0.298758	0.443306	0.257936	
0.493961	0.325317	0.180722	
0.139091	0.275514	0.585395	
0.376964	0.452205	0.170831	
0.425768	0.422145	0.152087	
0.007500	0.225565	0.766935	
0.230641	0.457254	0.312105	
0.011843	0.144688	0.843469	
0.009396	0.616900	0.373704	
0.396129	0.416673	0.187198	
0.043590	0.503731	0.452679	
0.046008	0.165066	0.788926	
0.008229	0.121811	0.869960	
0.026419	0.149095	0.824486	
0.033870	0.621399	0.344730	
0.538332	0.324151	0.137518	
0.013813	0.411060	0.575127	
0.541373	0.282693	0.175934	
0.015131	0.576974	0.407895	
0.003837	0.187058	0.809105	
0.000378	0.017241	0.982381	
0.304603	0.417542	0.277855	
0.052886	0.316184	0.630930	
0.368876	0.366762	0.264362	
0.427494	0.478819	0.093686	
0.000971	0.024635	0.974395	
0.048200	0.217595	0.734205	
0.011922	0.182417	0.805661	
0.208502	0.505176	0.286321	
0.150442	0.246901	0.602657	
0.391631	0.326199	0.282170	
0.143638	0.658834	0.197527	
0.016469	0.721755	0.261776	
0.018694	0.354905	0.626402	
0.495357	0.296333	0.208310	
0.218285	0.417337	0.364378	
0.722762	0.230871	0.046367	
0.012344	0.632104	0.355552	
0.243001	0.573018	0.183981	
0.080923	0.466284	0.452793	
0.680743	0.244310	0.074947	
0.056977	0.155492	0.787531	
0.012727	0.463032	0.524240	
0.545887	0.335453	0.118660	
0.524074	0.341413	0.134513	
0.316603	0.410221	0.273176	
0.062905	0.620307	0.316787	
0.036020	0.159539	0.804441	
0.277056	0.452560	0.270384	
0.156396	0.533124	0.310480	
0.056198	0.128866	0.814936	
0.021698	0.108359	0.869943	
0.003038	0.050830	0.946132	
0.002221	0.033472	0.964306	
0.008258	0.367455	0.624287	
0.009012	0.146877	0.844111	
0.050282	0.535905	0.413812	
0.058486	0.447240	0.494274	
0.637485	0.283865	0.078650	
0.074865	0.502849	0.422286	
0.007795	0.096751	0.895454	
0.005792	0.403842	0.590366	
0.127756	0.568382	0.303863	
0.008762	0.403017	0.588221	
0.024975	0.266347	0.708677	
0.193454	0.347387	0.459159	
0.367949	0.400489	0.231562	
0.003303	0.111609	0.885088	
0.012420	0.241290	0.746289	
0.007757	0.529993	0.462250	
0.009484	0.167800	0.822716	
0.616726	0.304126	0.079148	
0.006628	0.514265	0.479107	
0.021086	0.082654	0.896260	
0.025420	0.180585	0.793994	
0.007769	0.105578	0.886653	
0.010409	0.504725	0.484866	
0.004915	0.272644	0.722441	
0.155109	0.410695	0.434196	
0.013487	0.671793	0.314720	
0.399021	0.324453	0.276526	
0.053276	0.697718	0.249006	
0.292752	0.420819	0.286429	
0.024134	0.299711	0.676155	
0.452415	0.444044	0.103542	
0.174164	0.682862	0.142974	
0.905069	0.086205	0.008726	
0.311844	0.564653	0.123503	
0.568700	0.315873	0.115428	
0.659278	0.274751	0.065971	
0.686432	0.270797	0.042771	
0.743333	0.208701	0.047966	
0.137951	0.671063	0.190986	
0.275448	0.470431	0.254121	
0.675940	0.220561	0.103499	
0.433366	0.373829	0.192805	
0.615548	0.314599	0.069853	
0.087819	0.154676	0.757505	
0.378145	0.479265	0.142590	
0.515007	0.375547	0.109447	
0.318807	0.501381	0.179812	
0.278509	0.382365	0.339126	
0.549194	0.344288	0.106518	
0.279539	0.447400	0.273062	
0.644520	0.312184	0.043296	
0.747524	0.210865	0.041611	
0.085408	0.609442	0.305151	
0.016154	0.088120	0.895726	
0.376086	0.467909	0.156005	
0.049645	0.779588	0.170767	
0.509434	0.420309	0.070257	
0.298191	0.507855	0.193955	
0.763679	0.194329	0.041992	
0.109647	0.622299	0.268054	
0.363393	0.481752	0.154855	
0.390999	0.455850	0.153151	
0.513339	0.386663	0.099998	
0.577790	0.332520	0.089690	
0.493787	0.435262	0.070951	
0.518345	0.377312	0.104342	
0.802099	0.129998	0.067903	
0.502055	0.387011	0.110933	
0.546004	0.303143	0.150853	
0.699390	0.243361	0.057249	
0.317870	0.506720	0.175409	
0.769120	0.200500	0.030380	
0.648537	0.285300	0.066163	
0.482069	0.337492	0.180439	
0.494187	0.425883	0.079930	
0.383130	0.400917	0.215952	
0.450678	0.432927	0.116395	
0.792821	0.185646	0.021533	
0.444198	0.420369	0.135432	
0.562631	0.363194	0.074175	
0.463548	0.446575	0.089878	
0.056263	0.601162	0.342574	
0.768261	0.199559	0.032180	
0.645226	0.303993	0.050781	
0.023869	0.139048	0.837083	
0.512608	0.298692	0.188700	
0.519823	0.294275	0.185902	
0.426596	0.417332	0.156072	
0.407616	0.469881	0.122503	
0.475248	0.444417	0.080335	
0.044639	0.659051	0.296310	
0.469205	0.485267	0.045528	
0.320657	0.542246	0.137097	
0.172788	0.633847	0.193365	
0.533716	0.388471	0.077814	
0.018475	0.393516	0.588008	
0.388661	0.393273	0.218066	
0.671667	0.250036	0.078297	
0.849065	0.134257	0.016678	
0.866587	0.118320	0.015093	
0.389837	0.433080	0.177083	
0.290669	0.564475	0.144856	
0.327307	0.395501	0.277192	
0.639381	0.283682	0.076936	
0.638891	0.306543	0.054566	
0.656371	0.281315	0.062314	
0.004215	0.044874	0.950910	
0.655973	0.263105	0.080922	
0.619228	0.323494	0.057278	
0.521715	0.359598	0.118687	
0.358352	0.531118	0.110530	
0.098406	0.611313	0.290281	
0.826448	0.153165	0.020387	
0.704842	0.237970	0.057188	
0.465287	0.395452	0.139260	
0.464456	0.425490	0.110054	
0.493516	0.381931	0.124553	
0.609899	0.339195	0.050906	
0.411003	0.372905	0.216092	
0.291871	0.473210	0.234919	
0.466844	0.422348	0.110808	
0.048838	0.328511	0.622651	
0.581465	0.344287	0.074248	
0.003671	0.056755	0.939574	
0.672981	0.241713	0.085305	
0.542657	0.368426	0.088917	
0.445726	0.418194	0.136080	
0.195743	0.592858	0.211400	
0.629112	0.286629	0.084259	
0.492258	0.311920	0.195822	
0.293288	0.429685	0.277027	
0.717139	0.236842	0.046019	
0.462193	0.416228	0.121580	
0.211826	0.639685	0.148488	
0.007880	0.110059	0.882061	
0.025869	0.622608	0.351522	
0.210580	0.420743	0.368677	
0.006134	0.040467	0.953399	
0.155575	0.711073	0.133352	
0.064280	0.641406	0.294313	
0.169554	0.574164	0.256282	
0.008778	0.108161	0.883062	
0.494005	0.394896	0.111099	
0.013010	0.130190	0.856800	
0.083888	0.623639	0.292473	
0.042544	0.077072	0.880385	
0.322281	0.505719	0.172000	
0.661941	0.279287	0.058772	
0.817934	0.164332	0.017734	
0.399265	0.508743	0.091992	
0.432591	0.389021	0.178388	
0.012468	0.157457	0.830076	
0.623544	0.294323	0.082133	
0.025723	0.596256	0.378020	
0.557632	0.345896	0.096472	
0.062452	0.353923	0.583625	
0.027744	0.292735	0.679521	
0.124833	0.641855	0.233312	
0.238065	0.502964	0.258971	
0.000319	0.011180	0.988501	
0.594442	0.347175	0.058383	
0.143391	0.524849	0.331760	
0.288324	0.590505	0.121170	
0.855881	0.123056	0.021064	
0.537290	0.353830	0.108879	
0.087085	0.609215	0.303700	
0.017187	0.105323	0.877490	
0.005305	0.136579	0.858115	
0.017055	0.150583	0.832362	
0.560427	0.356273	0.083300	
0.829642	0.144910	0.025448	
0.336949	0.519338	0.143713	
0.277624	0.526373	0.196003	
0.003231	0.060736	0.936033	
0.140883	0.633940	0.225178	
0.356123	0.369215	0.274662	
0.475848	0.426580	0.097572	
0.441806	0.319530	0.238665	
0.586229	0.319414	0.094357	
0.408883	0.446345	0.144772	
0.234477	0.283398	0.482125	
0.047878	0.352076	0.600045	
0.258791	0.266889	0.474320	
0.005276	0.093235	0.901488	
0.425906	0.346488	0.227605	
0.346386	0.580991	0.072623	
0.247532	0.442114	0.310353	
0.839450	0.144176	0.016374	
0.523533	0.339868	0.136600	
0.172639	0.604786	0.222576	
0.085013	0.606735	0.308253	
0.592708	0.336743	0.070549	
0.021361	0.522756	0.455883	
0.619951	0.318821	0.061228	
0.053706	0.613522	0.332772	
0.227394	0.398206	0.374400	
0.509304	0.340443	0.150253	
0.392150	0.443685	0.164164	
0.087845	0.254449	0.657706	
0.067351	0.676862	0.255788	
0.695986	0.258436	0.045578	
0.492155	0.389353	0.118492	
0.700213	0.259627	0.040161	
0.382678	0.455794	0.161527	
0.041904	0.228499	0.729597	
0.449965	0.401152	0.148883	
0.181143	0.390680	0.428176	
0.461680	0.442560	0.095760	
0.051879	0.491288	0.456833	
0.427805	0.369334	0.202861	
0.237546	0.452320	0.310134	
0.067169	0.722413	0.210417	
0.147366	0.679674	0.172960	
0.009143	0.687253	0.303604	
0.369366	0.464297	0.166337	
0.268497	0.546398	0.185105	
0.088645	0.605660	0.305695	
0.625384	0.276714	0.097902	
0.079499	0.510323	0.410179	
0.254597	0.403450	0.341953	
0.559698	0.368264	0.072037	
0.468393	0.390992	0.140615	
0.043568	0.674209	0.282223	
0.258150	0.436481	0.305369	
0.467986	0.394393	0.137621	
0.263663	0.591325	0.145012	
0.185262	0.269217	0.545521	
0.349955	0.403277	0.246768	
0.110461	0.701369	0.188170	
0.245469	0.338855	0.415676	
0.245169	0.636628	0.118203	
0.144207	0.672024	0.183769	
0.009920	0.576571	0.413510	
0.351382	0.400195	0.248423	
0.179797	0.314087	0.506116	
0.339664	0.585524	0.074811	
0.063867	0.760518	0.175615	
0.337283	0.463004	0.199713	
0.020034	0.420438	0.559528	
0.039673	0.798602	0.161725	
0.035087	0.802258	0.162655	
0.048778	0.754066	0.197156	
0.046846	0.727569	0.225585	
0.553037	0.335035	0.111928	
0.861212	0.111980	0.026808	
0.213719	0.562367	0.223914	
0.741126	0.236116	0.022758	
0.390523	0.466741	0.142736	
0.082322	0.668697	0.248982	
0.527348	0.339901	0.132751	
0.563891	0.358417	0.077692	
0.510624	0.413384	0.075992	
0.489590	0.387915	0.122494	
0.331385	0.499681	0.168934	
0.063226	0.589062	0.347712	
0.736166	0.211040	0.052794	
0.549137	0.352332	0.098531	
0.043746	0.536045	0.420210	
0.362603	0.472011	0.165386	
0.485431	0.351321	0.163249	
0.316559	0.471681	0.211760	
0.552878	0.344182	0.102941	
0.289218	0.541056	0.169726	
0.125572	0.704683	0.169745	
0.094264	0.668604	0.237132	
0.219637	0.626760	0.153603	
0.149470	0.561727	0.288803	
0.288949	0.547228	0.163823	
0.226719	0.550297	0.222984	
0.274228	0.568078	0.157693	
0.411313	0.395561	0.193126	
0.254814	0.356932	0.388255	
0.053641	0.771803	0.174556	
0.221301	0.613037	0.165662	
0.172860	0.617218	0.209922	
0.123318	0.737696	0.138986	
0.055159	0.677064	0.267777	
0.520495	0.373539	0.105966	
0.012677	0.575181	0.412141	
0.081743	0.691792	0.226465	
0.104102	0.675205	0.220693	
0.668493	0.288520	0.042987	
0.444851	0.447751	0.107398	
0.122806	0.457714	0.419480	
0.321209	0.525559	0.153232	
0.022855	0.304664	0.672481	
0.443576	0.384544	0.171880	
0.609613	0.313093	0.077294	
0.384950	0.483106	0.131944	
0.095493	0.664773	0.239734	
0.305847	0.576572	0.117581	
0.657680	0.273307	0.069013	
0.419114	0.449994	0.130891	
0.380732	0.486489	0.132779	
0.013820	0.374647	0.611533	
0.430733	0.412117	0.157149	
0.525332	0.394258	0.080410	
0.392113	0.396449	0.211438	
0.013332	0.703432	0.283236	
0.232625	0.481202	0.286174	
0.219037	0.579259	0.201704	
0.351158	0.336447	0.312396	
0.152363	0.611158	0.236479	
0.167580	0.599294	0.233125	
0.320227	0.528071	0.151702	
0.131280	0.236116	0.632604	
0.316625	0.489840	0.193535	
0.327999	0.547861	0.124139	
0.008943	0.416134	0.574923	
0.490199	0.329930	0.179871	
0.515910	0.414196	0.069893	
0.458888	0.444141	0.096971	
0.344446	0.535029	0.120525	
0.300332	0.484294	0.215373	
0.274092	0.321437	0.404471	
0.273878	0.594421	0.131701	
0.019410	0.532482	0.448108	
0.323628	0.519132	0.157240	
0.076049	0.567186	0.356765	
0.427093	0.473080	0.099827	
0.237784	0.506088	0.256128	
0.666021	0.290686	0.043293	
0.410653	0.499853	0.089494	
0.305342	0.543576	0.151082	
0.463637	0.383803	0.152561	
0.630332	0.330094	0.039574	
0.167997	0.483585	0.348417	
0.726952	0.194870	0.078178	
0.532413	0.343927	0.123661	
0.617236	0.318288	0.064476	
0.271227	0.514130	0.214643	
0.048088	0.192509	0.759404	
0.005725	0.058367	0.935909	
0.153480	0.290028	0.556492	
0.460157	0.409344	0.130499	
0.503824	0.412945	0.083231	
0.088123	0.708167	0.203710	
0.691925	0.254951	0.053124	
0.160848	0.510424	0.328728	
0.496148	0.383720	0.120132	
0.558415	0.353645	0.087940	
0.449097	0.409946	0.140957	
0.016585	0.423761	0.559654	
0.154063	0.283909	0.562028	
0.164392	0.406654	0.428955	
0.467166	0.457463	0.075371	
0.261297	0.564755	0.173949	
0.814091	0.166153	0.019756	
0.174164	0.682862	0.142974	
0.830793	0.149139	0.020068	
0.037276	0.666420	0.296304	
0.200415	0.568259	0.231326	
0.567200	0.352725	0.080075	
0.352241	0.474956	0.172803	
0.395171	0.497454	0.107375	
0.694955	0.254705	0.050340	
0.278509	0.382365	0.339126	
0.508592	0.406610	0.084798	
0.402498	0.449004	0.148498	
0.084412	0.154042	0.761545	
0.395434	0.389388	0.215178	
0.696963	0.251655	0.051382	
0.372234	0.497567	0.130199	
0.790507	0.181368	0.028125	
0.019916	0.640641	0.339443	
0.534856	0.389384	0.075760	
0.580668	0.327439	0.091892	
0.385241	0.392080	0.222680	
0.409859	0.437535	0.152606	
0.371354	0.520447	0.108198	
0.744876	0.217745	0.037379	
0.404463	0.460157	0.135379	
0.467141	0.470199	0.062660	
0.513776	0.376133	0.110091	
0.139450	0.643684	0.216867	
0.765362	0.201114	0.033524	
0.397680	0.473418	0.128902	
0.297744	0.535768	0.166488	
0.522274	0.377442	0.100283	
0.069759	0.193449	0.736792	
0.450808	0.462251	0.086941	
0.650662	0.246792	0.102547	
0.162323	0.566054	0.271622	
0.155249	0.643326	0.201425	
0.651180	0.273703	0.075117	
0.120777	0.520659	0.358563	
0.373611	0.500360	0.126029	
0.402201	0.505398	0.092401	
0.615141	0.333331	0.051528	
0.157722	0.278056	0.564222	
0.060943	0.258983	0.680074	
0.276416	0.513119	0.210465	
0.003707	0.100187	0.896106	
0.259919	0.538494	0.201588	
0.000521	0.004811	0.994668	
0.019738	0.666432	0.313830	
0.033199	0.595085	0.371716	
0.006429	0.236198	0.757373	
0.368369	0.302818	0.328812	
0.007271	0.267551	0.725177	
0.614107	0.276930	0.108963	
0.299764	0.320967	0.379270	
0.088842	0.574388	0.336771	
0.007128	0.091200	0.901673	
0.006748	0.083986	0.909266	
0.025072	0.498413	0.476516	
0.012263	0.534884	0.452853	
0.510607	0.286941	0.202451	
0.008174	0.413202	0.578624	
0.582296	0.308779	0.108925	
0.008547	0.432475	0.558977	
0.031861	0.137232	0.830908	
0.032448	0.582913	0.384640	
0.020951	0.230156	0.748893	
0.013292	0.110463	0.876245	
0.006005	0.171137	0.822858	
0.008946	0.059353	0.931701	
0.015003	0.326320	0.658677	
0.511513	0.315650	0.172836	
0.457882	0.376371	0.165748	
0.086438	0.253098	0.660464	
0.009928	0.534237	0.455835	
0.011238	0.105520	0.883242	
0.006040	0.062008	0.931952	
0.023229	0.290435	0.686336	
0.226301	0.493072	0.280627	
0.026540	0.558491	0.414969	
0.019748	0.365795	0.614457	
0.072807	0.377434	0.549759	
0.030563	0.372303	0.597134	
0.008505	0.494437	0.497058	
0.483330	0.357924	0.158746	
0.024848	0.371247	0.603906	
0.011672	0.305491	0.682837	
0.009298	0.450489	0.540213	
0.004125	0.116962	0.878912	
0.114457	0.538499	0.347044	
0.024440	0.432489	0.543071	
0.245416	0.499489	0.255095	
0.006381	0.050079	0.943541	
0.259480	0.476010	0.264510	
0.465337	0.365548	0.169115	
0.007093	0.336219	0.656688	
0.331674	0.392420	0.275906	
0.139083	0.508980	0.351936	
0.009489	0.148604	0.841907	
0.283398	0.368528	0.348074	
0.013257	0.145225	0.841518	
0.016662	0.448198	0.535140	
0.474179	0.351485	0.174336	
0.002376	0.028378	0.969246	
0.017669	0.384628	0.597703	
0.030940	0.241897	0.727164	
0.009501	0.202364	0.788136	
0.009300	0.428619	0.562082	
0.009006	0.305538	0.685456	
0.703516	0.243321	0.053163	
0.010163	0.143436	0.846401	
0.356836	0.361456	0.281708	
0.492350	0.318855	0.188796	
0.017872	0.676897	0.305231	
0.019833	0.518041	0.462125	
0.599368	0.248695	0.151937	
0.028586	0.432751	0.538662	
0.022106	0.723112	0.254782	
0.252552	0.473093	0.274355	
0.728456	0.213109	0.058435	
0.016263	0.529001	0.454736	
0.368376	0.361926	0.269699	
0.323318	0.428498	0.248184	
0.028344	0.728148	0.243509	
0.020391	0.441259	0.538350	
0.029957	0.568025	0.402017	
0.287854	0.340854	0.371292	
0.010247	0.088023	0.901730	
0.748232	0.199897	0.051872	
0.006148	0.367387	0.626465	
0.031463	0.387513	0.581024	
0.076100	0.348768	0.575131	
0.602164	0.311416	0.086420	
0.017415	0.580100	0.402486	
0.089550	0.542518	0.367932	
0.018988	0.305799	0.675214	
0.012589	0.440721	0.546691	
0.842113	0.125692	0.032195	
0.290970	0.354748	0.354281	
0.010351	0.479450	0.510199	
0.336657	0.328085	0.335258	
0.004559	0.113813	0.881628	
0.006746	0.119538	0.873716	
0.019492	0.397956	0.582553	
0.055910	0.395161	0.548929	
0.001290	0.018635	0.980075	
0.007566	0.625231	0.367203	
0.039852	0.517610	0.442539	
0.008251	0.099717	0.892032	
0.027385	0.463269	0.509346	
0.308821	0.453886	0.237293	
0.526540	0.342921	0.130539	
0.083624	0.644684	0.271692	
0.008254	0.419638	0.572109	
0.589410	0.302313	0.108277	
0.188746	0.435933	0.375322	
0.010409	0.375679	0.613912	
0.027232	0.593693	0.379075	
0.005217	0.064633	0.930151	
0.004317	0.124581	0.871102	
0.011260	0.370261	0.618479	
0.022592	0.645175	0.332233	
0.000814	0.024233	0.974952	
0.112941	0.458918	0.428141	
0.343285	0.397560	0.259155	
0.143078	0.507758	0.349163	
0.014322	0.395167	0.590510	
0.522416	0.338989	0.138596	
0.006025	0.066840	0.927134	
0.017282	0.476813	0.505904	
0.001547	0.054957	0.943497	
0.313603	0.363747	0.322650	
0.008763	0.121879	0.869357	
0.012569	0.489245	0.498187	
0.017978	0.494421	0.487601	
0.002887	0.091423	0.905690	
0.021371	0.080577	0.898052	
0.369669	0.532834	0.097496	
0.523693	0.370982	0.105324	
0.027302	0.410316	0.562382	
0.240672	0.333110	0.426218	
0.010101	0.398830	0.591069	
0.403379	0.391783	0.204838	
0.024268	0.394868	0.580863	
0.000464	0.014106	0.985430	
0.009893	0.589695	0.400412	
0.066892	0.410521	0.522587	
0.001972	0.044316	0.953712	
0.036188	0.504758	0.459054	
0.011756	0.278774	0.709470	
0.012499	0.604613	0.382888	
0.041190	0.298692	0.660118	
0.015352	0.120719	0.863929	
0.008524	0.416710	0.574766	
0.582654	0.304201	0.113144	
0.017751	0.142275	0.839975	
0.030994	0.439895	0.529110	
0.036944	0.504936	0.458121	
0.382826	0.479736	0.137438	
0.009266	0.051535	0.939198	
0.037335	0.667640	0.295025	
0.006257	0.099616	0.894128	
0.007881	0.153222	0.838898	
0.245381	0.399075	0.355544	
0.305317	0.307457	0.387226	
0.025896	0.169805	0.804299	
0.095350	0.194195	0.710455	
0.056023	0.241570	0.702407	
0.494988	0.289109	0.215903	
0.007847	0.044061	0.948092	
0.019496	0.291683	0.688821	
0.011668	0.169897	0.818435	
0.105406	0.538150	0.356444	
0.003867	0.085948	0.910185	
0.557527	0.344150	0.098324	
0.011548	0.502978	0.485474	
0.141276	0.218090	0.640634	
0.008421	0.216139	0.775439	
0.015108	0.397413	0.587479	
0.236711	0.379443	0.383846	
0.011871	0.460278	0.527851	
0.136215	0.397863	0.465923	
0.118645	0.311539	0.569817	
