0.021749	0.212006	0.766244	
0.548319	0.346248	0.105433	
0.504358	0.232443	0.263199	
0.743267	0.207571	0.049162	
0.174726	0.441276	0.383999	
0.174726	0.441276	0.383999	
0.019907	0.146233	0.833860	
0.530926	0.346309	0.122765	
0.111247	0.276577	0.612177	
0.562150	0.349332	0.088518	
0.237135	0.395388	0.367477	
0.040418	0.689036	0.270545	
0.009507	0.152841	0.837652	
0.174726	0.441276	0.383999	
0.012649	0.685140	0.302211	
0.010899	0.099953	0.889148	
0.028855	0.598229	0.372916	
0.598000	0.375323	0.026677	
0.174726	0.441276	0.383999	
0.174726	0.441276	0.383999	
0.000157	0.010335	0.989508	
0.105740	0.303253	0.591007	
0.043571	0.261170	0.695260	
0.531403	0.339948	0.128649	
0.174726	0.441276	0.383999	
0.781953	0.187468	0.030580	
0.020865	0.639362	0.339772	
0.174726	0.441276	0.383999	
0.067727	0.628955	0.303317	
0.095587	0.290907	0.613506	
0.094853	0.316498	0.588649	
0.004536	0.098770	0.896694	
0.008643	0.067778	0.923579	
0.011248	0.138063	0.850689	
0.007067	0.635749	0.357184	
0.007262	0.244672	0.748065	
0.647606	0.293152	0.059243	
0.356011	0.467644	0.176344	
0.174726	0.441276	0.383999	
0.174726	0.441276	0.383999	
0.174726	0.441276	0.383999	
0.377521	0.556162	0.066317	
0.078243	0.641743	0.280014	
0.580113	0.312097	0.107790	
0.011094	0.560762	0.428144	
0.174726	0.441276	0.383999	
0.004500	0.075404	0.920096	
0.104239	0.173729	0.722032	
0.008110	0.423255	0.568635	
0.006380	0.080747	0.912873	
0.174726	0.441276	0.383999	
0.039572	0.651500	0.308928	
0.014763	0.465993	0.519244	
0.008692	0.131640	0.859668	
0.010769	0.645345	0.343886	
0.174726	0.441276	0.383999	
0.174726	0.441276	0.383999	
0.174726	0.441276	0.383999	
0.007989	0.428434	0.563577	
0.116705	0.618930	0.264364	
0.176181	0.609608	0.214211	
0.662850	0.267235	0.069915	
0.007014	0.180200	0.812786	
0.057460	0.220441	0.722099	
0.174726	0.441276	0.383999	
0.011578	0.343976	0.644445	
0.855796	0.124364	0.019840	
0.174726	0.441276	0.383999	
0.230844	0.519103	0.250054	
0.004572	0.079940	0.915489	
0.808646	0.159134	0.032220	
0.221331	0.417809	0.360861	
0.012198	0.518453	0.469349	
0.015472	0.557078	0.427450	
0.174726	0.441276	0.383999	
0.174726	0.441276	0.383999	
0.174726	0.441276	0.383999	
0.006117	0.050022	0.943860	
0.014709	0.675277	0.310014	
0.174726	0.441276	0.383999	
0.009448	0.644443	0.346109	
0.005380	0.060634	0.933987	
0.150122	0.445614	0.404263	
0.032942	0.124904	0.842154	
0.174726	0.441276	0.383999	
0.129968	0.582617	0.287414	
0.020756	0.595492	0.383753	
0.007005	0.099866	0.893129	
0.004813	0.088075	0.907112	
0.265412	0.438302	0.296286	
0.066951	0.639843	0.293207	
0.008937	0.655271	0.335793	
0.087679	0.685685	0.226636	
0.174726	0.441276	0.383999	
0.487214	0.381458	0.131328	
0.011904	0.284015	0.704080	
0.174726	0.441276	0.383999	
0.012713	0.642656	0.344631	
0.006784	0.494670	0.498546	
0.005090	0.055579	0.939331	
0.013099	0.590264	0.396638	
0.035801	0.582159	0.382040	
0.580881	0.323340	0.095779	
0.017121	0.396110	0.586769	
0.091883	0.510063	0.398054	
0.008024	0.617794	0.374183	
0.011802	0.588275	0.399923	
0.066040	0.602462	0.331498	
0.059491	0.658367	0.282141	
0.783637	0.178264	0.038099	
0.008738	0.163450	0.827813	
0.712340	0.223587	0.064073	
0.255479	0.550194	0.194327	
0.389612	0.434598	0.175790	
0.024233	0.345249	0.630518	
0.008682	0.505693	0.485625	
0.106701	0.151174	0.742125	
0.053686	0.673916	0.272399	
0.008381	0.439828	0.551792	
0.013429	0.729658	0.256913	
0.018891	0.535003	0.446106	
0.174726	0.441276	0.383999	
0.325643	0.396844	0.277512	
0.011561	0.148491	0.839948	
0.174726	0.441276	0.383999	
0.174726	0.441276	0.383999	
0.174726	0.441276	0.383999	
0.818507	0.161507	0.019986	
0.009325	0.494781	0.495894	
0.032264	0.569023	0.398713	
0.024760	0.354728	0.620513	
0.019896	0.549235	0.430869	
0.071297	0.393356	0.535347	
0.716962	0.241155	0.041883	
0.143875	0.558477	0.297648	
0.174726	0.441276	0.383999	
0.031994	0.541836	0.426170	
0.326714	0.375396	0.297890	
0.029556	0.549433	0.421012	
0.000983	0.021376	0.977641	
0.009734	0.621526	0.368740	
0.174726	0.441276	0.383999	
0.007284	0.160680	0.832036	
0.010436	0.348952	0.640612	
0.000137	0.006411	0.993451	
0.409870	0.405530	0.184600	
0.016800	0.708880	0.274320	
0.081145	0.575847	0.343007	
0.011889	0.575949	0.412163	
0.008075	0.361881	0.630044	
0.023992	0.674387	0.301621	
0.135543	0.521484	0.342973	
0.174726	0.441276	0.383999	
0.279847	0.224025	0.496128	
0.514791	0.343274	0.141935	
0.025892	0.739035	0.235073	
0.098943	0.625494	0.275562	
0.094468	0.535829	0.369703	
0.008543	0.524271	0.467186	
0.164491	0.552249	0.283260	
0.089451	0.363201	0.547348	
0.006729	0.153984	0.839287	
0.548510	0.335390	0.116100	
0.221509	0.544017	0.234474	
0.512982	0.275918	0.211100	
0.031156	0.306446	0.662398	
0.019845	0.074392	0.905763	
0.206220	0.599750	0.194030	
0.174726	0.441276	0.383999	
0.020837	0.653937	0.325226	
0.005080	0.218024	0.776896	
0.174726	0.441276	0.383999	
0.152877	0.757962	0.089161	
0.169561	0.497650	0.332789	
0.035982	0.368369	0.595649	
0.001587	0.084755	0.913658	
0.055137	0.653498	0.291365	
0.293851	0.442605	0.263544	
0.017612	0.380870	0.601518	
0.244007	0.488884	0.267108	
0.030864	0.667412	0.301724	
0.009774	0.329926	0.660300	
0.064703	0.302509	0.632788	
0.174726	0.441276	0.383999	
0.010795	0.420377	0.568828	
0.055317	0.768206	0.176476	
0.030892	0.395102	0.574006	
0.654197	0.270194	0.075609	
0.620337	0.280331	0.099331	
0.064085	0.433906	0.502009	
0.174726	0.441276	0.383999	
0.001472	0.022522	0.976006	
0.174726	0.441276	0.383999	
0.058272	0.715580	0.226147	
0.003034	0.065731	0.931235	
0.174726	0.441276	0.383999	
0.456720	0.437411	0.105869	
0.812200	0.153186	0.034615	
0.031305	0.282071	0.686624	
0.174726	0.441276	0.383999	
0.024592	0.556316	0.419092	
0.055266	0.656451	0.288282	
0.001473	0.020657	0.977870	
0.061852	0.547707	0.390441	
0.013980	0.412813	0.573207	
0.002519	0.041707	0.955774	
0.011666	0.602010	0.386325	
0.010692	0.433464	0.555844	
0.151898	0.640672	0.207430	
0.347991	0.496484	0.155525	
0.655121	0.262143	0.082735	
0.014088	0.528410	0.457502	
0.006692	0.469890	0.523418	
0.015503	0.551011	0.433486	
0.075141	0.594737	0.330123	
0.174726	0.441276	0.383999	
0.174726	0.441276	0.383999	
0.016155	0.565294	0.418551	
0.008270	0.115166	0.876564	
0.160140	0.305045	0.534815	
0.113898	0.525640	0.360462	
0.174726	0.441276	0.383999	
0.102524	0.412283	0.485193	
0.174726	0.441276	0.383999	
0.057312	0.549989	0.392699	
0.330472	0.422526	0.247001	
0.357498	0.442313	0.200188	
0.011478	0.618148	0.370374	
0.505213	0.376497	0.118291	
0.538104	0.380509	0.081387	
0.510747	0.349916	0.139337	
0.674537	0.272234	0.053229	
0.000571	0.009044	0.990384	
0.548485	0.329381	0.122134	
0.000351	0.012963	0.986686	
0.174726	0.441276	0.383999	
0.195247	0.348155	0.456599	
0.007447	0.146140	0.846413	
0.639139	0.291520	0.069341	
0.426851	0.358138	0.215011	
0.020334	0.599309	0.380357	
0.029356	0.764585	0.206059	
0.174726	0.441276	0.383999	
0.129968	0.582617	0.287414	
0.008225	0.446840	0.544935	
0.418218	0.366860	0.214921	
0.009318	0.647815	0.342867	
0.011973	0.125308	0.862719	
0.174726	0.441276	0.383999	
0.463961	0.462674	0.073365	
0.174726	0.441276	0.383999	
0.026318	0.353887	0.619796	
0.115262	0.589087	0.295651	
0.009174	0.335324	0.655502	
0.828903	0.137455	0.033643	
0.174726	0.441276	0.383999	
0.300175	0.424061	0.275764	
0.009869	0.201150	0.788981	
0.174726	0.441276	0.383999	
0.201387	0.497789	0.300824	
0.010877	0.645682	0.343440	
0.174726	0.441276	0.383999	
0.174726	0.441276	0.383999	
0.006143	0.614923	0.378934	
0.014010	0.106014	0.879975	
0.383714	0.384084	0.232201	
0.009695	0.308467	0.681838	
0.174726	0.441276	0.383999	
0.328371	0.389546	0.282083	
0.174726	0.441276	0.383999	
0.174726	0.441276	0.383999	
0.081199	0.338402	0.580399	
0.028347	0.153960	0.817693	
0.042833	0.134756	0.822411	
0.003375	0.203868	0.792757	
0.008043	0.139276	0.852681	
0.023618	0.609093	0.367288	
0.014254	0.777114	0.208632	
0.005402	0.070620	0.923978	
0.178624	0.590904	0.230472	
0.454546	0.384951	0.160503	
0.013184	0.069109	0.917707	
0.174726	0.441276	0.383999	
0.039934	0.439274	0.520792	
0.018268	0.190582	0.791151	
0.535236	0.327670	0.137094	
0.014983	0.521920	0.463098	
0.023413	0.501730	0.474856	
0.434107	0.429754	0.136139	
0.174726	0.441276	0.383999	
0.012279	0.703244	0.284477	
0.106601	0.626184	0.267215	
0.174726	0.441276	0.383999	
0.008119	0.203507	0.788374	
0.559418	0.322531	0.118051	
0.009885	0.713626	0.276488	
0.170000	0.624334	0.205666	
0.174726	0.441276	0.383999	
0.061610	0.694326	0.244064	
0.545121	0.388444	0.066435	
0.016375	0.144927	0.838697	
0.010060	0.412764	0.577176	
0.096935	0.638030	0.265035	
0.174726	0.441276	0.383999	
0.174726	0.441276	0.383999	
0.076978	0.656398	0.266624	
0.345952	0.409612	0.244436	
0.174726	0.441276	0.383999	
0.035826	0.328284	0.635890	
0.057385	0.302098	0.640517	
0.009719	0.633298	0.356983	
0.010086	0.706997	0.282917	
0.001810	0.025142	0.973047	
0.687303	0.255275	0.057421	
0.805861	0.157506	0.036633	
0.246690	0.496476	0.256833	
0.012577	0.373711	0.613712	
0.013012	0.638299	0.348689	
0.102002	0.127181	0.770817	
0.802352	0.144987	0.052661	
0.001015	0.008095	0.990889	
0.001867	0.028182	0.969952	
0.174726	0.441276	0.383999	
0.591744	0.213896	0.194360	
0.133278	0.642868	0.223854	
0.012526	0.534974	0.452500	
0.174726	0.441276	0.383999	
0.080299	0.686648	0.233053	
0.036438	0.646859	0.316703	
0.411616	0.426341	0.162043	
0.014593	0.108963	0.876444	
0.012448	0.559561	0.427991	
0.119830	0.284497	0.595674	
0.022720	0.643922	0.333358	
0.008609	0.300121	0.691270	
0.174726	0.441276	0.383999	
0.096194	0.646817	0.256989	
0.113298	0.682019	0.204682	
0.533601	0.288831	0.177568	
0.174726	0.441276	0.383999	
0.016943	0.412125	0.570932	
0.498778	0.399958	0.101264	
0.277230	0.546849	0.175921	
0.131404	0.586808	0.281788	
0.167431	0.116951	0.715618	
0.077570	0.557483	0.364948	
0.255730	0.412481	0.331790	
0.174726	0.441276	0.383999	
0.015641	0.469208	0.515151	
0.049521	0.440157	0.510323	
0.021111	0.638168	0.340720	
0.019982	0.306981	0.673036	
0.227967	0.222697	0.549337	
0.656752	0.276951	0.066297	
0.464033	0.387332	0.148636	
0.057478	0.457076	0.485446	
0.008114	0.051523	0.940363	
0.331672	0.247255	0.421072	
0.395840	0.458181	0.145979	
0.058701	0.678238	0.263061	
0.174726	0.441276	0.383999	
0.012594	0.605169	0.382237	
0.062617	0.350385	0.586998	
0.262808	0.577315	0.159877	
0.080533	0.436464	0.483003	
0.305960	0.338705	0.355335	
0.195918	0.187081	0.617001	
0.306232	0.349654	0.344114	
0.016457	0.100233	0.883310	
0.008291	0.572299	0.419410	
0.259718	0.485489	0.254793	
0.022279	0.154152	0.823569	
0.408279	0.454018	0.137703	
0.322242	0.470908	0.206851	
0.081875	0.504372	0.413753	
0.019261	0.106515	0.874224	
0.004007	0.050308	0.945686	
0.356338	0.451535	0.192127	
0.030287	0.291187	0.678526	
0.011591	0.582004	0.406405	
0.017875	0.100383	0.881742	
0.414993	0.458746	0.126261	
0.076268	0.705905	0.217827	
0.012903	0.525135	0.461961	
0.306038	0.373741	0.320221	
0.019063	0.715977	0.264959	
0.006247	0.078129	0.915624	
0.618047	0.291034	0.090919	
0.174726	0.441276	0.383999	
0.174726	0.441276	0.383999	
0.653663	0.217301	0.129037	
0.015717	0.551986	0.432297	
0.484993	0.378768	0.136239	
0.174726	0.441276	0.383999	
0.693799	0.243769	0.062433	
0.136811	0.627920	0.235269	
0.174726	0.441276	0.383999	
0.477399	0.375629	0.146972	
0.019916	0.718005	0.262079	
0.437062	0.419124	0.143813	
0.174726	0.441276	0.383999	
0.036467	0.396900	0.566633	
0.017166	0.312107	0.670727	
0.058851	0.628083	0.313066	
0.174726	0.441276	0.383999	
0.011604	0.474245	0.514151	
0.130775	0.488797	0.380428	
0.019552	0.213011	0.767438	
0.066850	0.676892	0.256258	
0.769057	0.189927	0.041016	
0.014015	0.176582	0.809403	
0.018888	0.511108	0.470004	
0.015178	0.201072	0.783751	
0.261825	0.573926	0.164250	
0.174726	0.441276	0.383999	
0.001845	0.062286	0.935869	
0.282892	0.559593	0.157515	
0.611474	0.283655	0.104871	
0.000092	0.004083	0.995825	
0.022590	0.170472	0.806938	
0.718209	0.220379	0.061412	
0.004826	0.110908	0.884266	
0.028060	0.749647	0.222293	
0.508438	0.354676	0.136885	
0.072699	0.549304	0.377998	
0.062287	0.362758	0.574954	
0.055487	0.224666	0.719847	
0.174726	0.441276	0.383999	
0.350476	0.420326	0.229198	
0.736630	0.219179	0.044190	
0.335698	0.589848	0.074455	
0.028528	0.543635	0.427836	
0.003061	0.101462	0.895477	
0.527385	0.331870	0.140745	
0.174726	0.441276	0.383999	
0.001310	0.047627	0.951063	
0.015001	0.079114	0.905885	
0.010314	0.632457	0.357229	
0.612212	0.298470	0.089319	
0.028625	0.687165	0.284210	
0.577774	0.313488	0.108738	
0.125028	0.652645	0.222327	
0.174726	0.441276	0.383999	
0.389797	0.419330	0.190873	
0.016464	0.611950	0.371586	
0.670648	0.230365	0.098987	
0.439804	0.407951	0.152245	
0.174726	0.441276	0.383999	
0.012576	0.382229	0.605195	
0.045375	0.162763	0.791862	
0.004018	0.140328	0.855654	
0.310923	0.302662	0.386415	
0.021764	0.500254	0.477983	
0.014567	0.176404	0.809028	
0.686096	0.235633	0.078271	
0.009062	0.497096	0.493843	
0.010100	0.437382	0.552517	
0.533826	0.331582	0.134592	
0.010550	0.673874	0.315576	
0.174726	0.441276	0.383999	
0.027666	0.181307	0.791027	
0.019995	0.309836	0.670169	
0.094664	0.684030	0.221306	
0.250359	0.345474	0.404167	
0.174726	0.441276	0.383999	
0.174726	0.441276	0.383999	
0.029877	0.200239	0.769884	
0.001601	0.044040	0.954359	
0.000416	0.019581	0.980003	
0.024821	0.666627	0.308552	
0.090158	0.754036	0.155807	
0.413433	0.430562	0.156004	
0.008563	0.171327	0.820109	
0.011151	0.430938	0.557911	
0.268285	0.597649	0.134066	
0.915814	0.076134	0.008053	
0.174726	0.441276	0.383999	
0.000831	0.013903	0.985266	
0.000636	0.014480	0.984884	
0.035252	0.718941	0.245807	
0.262447	0.509147	0.228407	
0.325297	0.322669	0.352034	
0.008292	0.694803	0.296905	
0.000367	0.004830	0.994803	
0.163506	0.667069	0.169425	
0.487065	0.356034	0.156901	
0.604154	0.310936	0.084910	
0.174726	0.441276	0.383999	
0.035825	0.193623	0.770552	
0.003199	0.128886	0.867915	
0.291411	0.291831	0.416758	
0.021309	0.160133	0.818558	
0.069309	0.579674	0.351017	
0.000544	0.020020	0.979437	
0.174726	0.441276	0.383999	
0.017786	0.472467	0.509747	
0.174726	0.441276	0.383999	
0.012481	0.429687	0.557831	
0.021617	0.362600	0.615783	
0.005114	0.043369	0.951518	
0.341293	0.523937	0.134770	
0.758479	0.196936	0.044584	
0.082067	0.555485	0.362448	
0.174726	0.441276	0.383999	
0.020398	0.632974	0.346628	
0.010910	0.373448	0.615642	
0.049011	0.652435	0.298554	
0.013846	0.271854	0.714299	
0.024147	0.654791	0.321061	
0.121430	0.461651	0.416919	
0.304261	0.513801	0.181938	
0.011807	0.610501	0.377692	
0.004866	0.041768	0.953367	
0.682423	0.210029	0.107547	
0.014585	0.494655	0.490760	
0.114509	0.649023	0.236468	
0.010327	0.564650	0.425023	
0.020891	0.496776	0.482333	
0.514305	0.371665	0.114030	
0.015880	0.587777	0.396343	
0.089719	0.345232	0.565049	
0.031291	0.376207	0.592501	
0.014838	0.701189	0.283973	
0.006524	0.090789	0.902687	
0.174726	0.441276	0.383999	
0.036079	0.276773	0.687148	
0.013800	0.087243	0.898957	
0.002035	0.068907	0.929057	
0.250489	0.504159	0.245352	
0.020657	0.156552	0.822791	
0.008806	0.539501	0.451693	
0.021823	0.335489	0.642688	
0.022660	0.299128	0.678212	
0.009373	0.443575	0.547052	
0.174726	0.441276	0.383999	
0.060246	0.487291	0.452463	
0.311628	0.312468	0.375904	
0.008120	0.485402	0.506478	
0.366783	0.513018	0.120199	
0.282198	0.449653	0.268149	
0.047283	0.648296	0.304420	
0.174726	0.441276	0.383999	
0.189498	0.594885	0.215617	
0.010468	0.245128	0.744404	
0.783318	0.186863	0.029820	
0.174726	0.441276	0.383999	
0.011669	0.073528	0.914803	
0.011114	0.601330	0.387555	
0.596918	0.313659	0.089423	
0.174726	0.441276	0.383999	
0.050219	0.416324	0.533457	
0.064879	0.628093	0.307028	
0.069820	0.277068	0.653112	
0.044934	0.175627	0.779440	
0.042318	0.296578	0.661104	
0.174726	0.441276	0.383999	
0.005169	0.168246	0.826585	
0.041957	0.277560	0.680483	
0.005812	0.092039	0.902150	
0.016730	0.609117	0.374153	
0.040418	0.195949	0.763634	
0.174726	0.441276	0.383999	
0.017470	0.334618	0.647913	
0.096628	0.714119	0.189253	
0.134929	0.695232	0.169839	
0.057743	0.485429	0.456828	
0.451320	0.393030	0.155650	
0.012299	0.070343	0.917358	
0.174726	0.441276	0.383999	
0.241843	0.668077	0.090080	
0.586671	0.317218	0.096112	
0.007550	0.225562	0.766888	
0.200936	0.546015	0.253049	
0.008345	0.537580	0.454075	
0.033143	0.297367	0.669490	
0.009695	0.371396	0.618909	
0.174726	0.441276	0.383999	
0.016233	0.345277	0.638490	
0.367586	0.515529	0.116885	
0.503294	0.403259	0.093446	
0.021493	0.499989	0.478518	
0.488540	0.352801	0.158660	
0.566240	0.323928	0.109832	
0.025519	0.209436	0.765045	
0.043938	0.374696	0.581366	
0.003409	0.171815	0.824776	
0.641526	0.286772	0.071703	
0.550604	0.325764	0.123633	
0.012837	0.584965	0.402199	
0.015151	0.401295	0.583553	
0.001136	0.039032	0.959833	
0.022289	0.619440	0.358270	
0.001992	0.033630	0.964378	
0.100746	0.674581	0.224673	
0.012563	0.111338	0.876100	
0.204080	0.301116	0.494804	
0.143117	0.595788	0.261095	
0.011528	0.337297	0.651175	
0.003124	0.032011	0.964865	
0.066927	0.551246	0.381827	
0.496567	0.413204	0.090228	
0.009285	0.520408	0.470307	
0.036017	0.646711	0.317272	
0.051410	0.201568	0.747023	
0.031551	0.080874	0.887575	
0.011264	0.494114	0.494623	
0.013415	0.606160	0.380425	
0.014055	0.410378	0.575567	
0.168981	0.318488	0.512531	
0.002231	0.041191	0.956578	
0.006944	0.088150	0.904907	
0.002464	0.026642	0.970894	
0.656693	0.273672	0.069635	
0.043652	0.726898	0.229450	
0.002817	0.077244	0.919939	
0.007756	0.434639	0.557605	
0.025260	0.203303	0.771437	
0.606600	0.308806	0.084594	
0.732111	0.219379	0.048510	
0.014159	0.644672	0.341170	
0.028065	0.333083	0.638852	
0.174726	0.441276	0.383999	
0.009199	0.341887	0.648914	
0.016427	0.400382	0.583192	
0.693828	0.269210	0.036962	
0.009434	0.142426	0.848140	
0.107565	0.716133	0.176302	
0.007461	0.216092	0.776447	
0.174726	0.441276	0.383999	
0.027320	0.708995	0.263685	
0.008981	0.460646	0.530373	
0.014464	0.657699	0.327837	
0.002818	0.049246	0.947937	
0.389314	0.308432	0.302255	
0.174726	0.441276	0.383999	
0.009425	0.401998	0.588577	
0.174726	0.441276	0.383999	
0.001041	0.040364	0.958595	
0.001357	0.029871	0.968772	
0.003565	0.037361	0.959073	
0.013440	0.469286	0.517274	
0.567293	0.321407	0.111300	
0.197386	0.535170	0.267444	
0.120588	0.621958	0.257454	
0.502986	0.443662	0.053352	
0.084914	0.702001	0.213084	
0.005473	0.038610	0.955916	
0.004379	0.083388	0.912232	
0.553563	0.306877	0.139560	
0.008176	0.124928	0.866896	
0.012354	0.591291	0.396355	
0.011506	0.056604	0.931890	
0.002246	0.088518	0.909237	
0.174726	0.441276	0.383999	
0.022452	0.472706	0.504842	
0.092535	0.608443	0.299022	
0.014117	0.243073	0.742810	
0.076181	0.152220	0.771599	
0.218347	0.408273	0.373380	
0.004198	0.236359	0.759443	
0.014834	0.467692	0.517474	
0.174726	0.441276	0.383999	
0.174726	0.441276	0.383999	
0.051606	0.538749	0.409645	
0.019906	0.641817	0.338277	
0.413865	0.477750	0.108386	
0.174726	0.441276	0.383999	
0.092123	0.378837	0.529040	
0.174726	0.441276	0.383999	
0.008577	0.155895	0.835528	
0.330471	0.494814	0.174714	
0.019424	0.561612	0.418964	
0.174726	0.441276	0.383999	
0.545698	0.321517	0.132784	
0.031275	0.755481	0.213244	
0.609399	0.297672	0.092928	
0.029502	0.305832	0.664666	
0.015434	0.502842	0.481724	
0.174726	0.441276	0.383999	
0.174726	0.441276	0.383999	
0.174726	0.441276	0.383999	
0.002221	0.066507	0.931271	
0.375912	0.433746	0.190342	
0.133781	0.433294	0.432925	
0.182951	0.698781	0.118268	
0.174726	0.441276	0.383999	
0.429585	0.362859	0.207556	
0.010555	0.607287	0.382158	
0.398184	0.444384	0.157432	
0.010830	0.379005	0.610165	
0.028154	0.647112	0.324734	
0.574868	0.188811	0.236321	
0.025907	0.596635	0.377458	
0.259918	0.322151	0.417931	
0.015789	0.486976	0.497235	
0.021491	0.455640	0.522869	
0.317317	0.516840	0.165843	
0.040086	0.684180	0.275733	
0.000904	0.033835	0.965260	
0.016135	0.130173	0.853693	
0.174726	0.441276	0.383999	
0.011282	0.377185	0.611534	
0.573140	0.324488	0.102372	
0.030800	0.750555	0.218645	
0.174726	0.441276	0.383999	
0.016266	0.245596	0.738138	
0.013680	0.664443	0.321877	
0.000193	0.015315	0.984492	
0.220442	0.345823	0.433735	
0.008208	0.610594	0.381198	
0.174726	0.441276	0.383999	
0.016105	0.106139	0.877756	
0.378345	0.416764	0.204891	
0.010381	0.578434	0.411186	
0.006741	0.216768	0.776492	
0.013401	0.697801	0.288797	
0.028648	0.124986	0.846366	
0.286804	0.382081	0.331115	
0.009941	0.637163	0.352896	
0.475379	0.312140	0.212481	
0.005468	0.134017	0.860515	
0.715200	0.235851	0.048949	
0.732966	0.211021	0.056013	
0.183587	0.379218	0.437195	
0.003448	0.093023	0.903529	
0.043754	0.755423	0.200823	
0.000734	0.017620	0.981645	
0.059575	0.161792	0.778634	
0.477826	0.358816	0.163358	
0.659213	0.247204	0.093583	
0.010465	0.734376	0.255159	
0.634954	0.275637	0.089410	
0.174726	0.441276	0.383999	
0.749741	0.128450	0.121809	
0.019286	0.584055	0.396659	
0.036143	0.438628	0.525230	
0.000428	0.015236	0.984336	
0.333850	0.461316	0.204834	
0.009059	0.473402	0.517539	
0.000201	0.008275	0.991525	
0.093112	0.639350	0.267538	
0.752012	0.171913	0.076075	
0.016543	0.712435	0.271022	
0.011798	0.398253	0.589948	
0.174726	0.441276	0.383999	
0.022056	0.099690	0.878253	
0.534512	0.313298	0.152190	
0.039707	0.662160	0.298133	
0.393633	0.422411	0.183956	
0.065873	0.578790	0.355337	
0.574213	0.271545	0.154242	
0.537299	0.332291	0.130411	
0.023892	0.539287	0.436821	
0.017425	0.340916	0.641660	
0.037863	0.641261	0.320877	
0.042427	0.406100	0.551472	
0.023004	0.488847	0.488149	
0.024984	0.088947	0.886069	
0.035535	0.463405	0.501060	
0.017194	0.268723	0.714083	
0.002355	0.036381	0.961263	
0.185866	0.332305	0.481829	
0.174726	0.441276	0.383999	
0.004144	0.143047	0.852808	
0.655946	0.261339	0.082715	
0.485491	0.320659	0.193850	
0.009102	0.444760	0.546138	
0.174726	0.441276	0.383999	
0.014193	0.192355	0.793452	
0.012572	0.260749	0.726679	
0.174726	0.441276	0.383999	
0.428877	0.407153	0.163970	
0.009896	0.110069	0.880035	
0.174726	0.441276	0.383999	
0.009404	0.721632	0.268963	
0.036619	0.419687	0.543694	
0.530090	0.303469	0.166441	
0.013892	0.535996	0.450112	
0.009744	0.503648	0.486608	
0.559720	0.351137	0.089143	
0.317634	0.396389	0.285977	
0.084162	0.597698	0.318140	
0.486488	0.337305	0.176206	
0.070979	0.120463	0.808558	
0.364990	0.376491	0.258518	
0.174726	0.441276	0.383999	
0.562926	0.277252	0.159822	
0.016814	0.389117	0.594069	
0.174726	0.441276	0.383999	
0.901695	0.087519	0.010785	
0.017546	0.463714	0.518740	
0.012189	0.535196	0.452615	
0.003054	0.056479	0.940467	
0.725974	0.224588	0.049439	
0.174726	0.441276	0.383999	
0.174726	0.441276	0.383999	
0.002318	0.091184	0.906498	
0.075919	0.657964	0.266117	
0.011987	0.420991	0.567023	
0.011263	0.189097	0.799640	
0.174726	0.441276	0.383999	
0.027733	0.430050	0.542217	
0.061314	0.723958	0.214728	
0.021305	0.370339	0.608356	
0.687039	0.254509	0.058453	
0.006570	0.362559	0.630871	
0.016356	0.457709	0.525935	
0.065801	0.681571	0.252628	
0.174726	0.441276	0.383999	
0.008581	0.453835	0.537584	
0.315163	0.242486	0.442351	
0.025523	0.277542	0.696935	
0.006376	0.146726	0.846898	
0.262838	0.504064	0.233098	
0.012385	0.058229	0.929386	
0.174726	0.441276	0.383999	
0.174726	0.441276	0.383999	
0.019238	0.662154	0.318608	
0.096814	0.537067	0.366120	
0.070121	0.322601	0.607277	
0.310522	0.352121	0.337357	
0.002069	0.021941	0.975990	
0.174726	0.441276	0.383999	
0.078150	0.580624	0.341226	
0.174726	0.441276	0.383999	
0.007071	0.547232	0.445697	
0.396869	0.452988	0.150143	
0.174726	0.441276	0.383999	
0.006559	0.497206	0.496235	
0.234406	0.489711	0.275882	
0.174726	0.441276	0.383999	
0.008521	0.547361	0.444118	
0.008503	0.183195	0.808302	
0.007104	0.172277	0.820619	
0.009454	0.350758	0.639787	
0.000827	0.014703	0.984470	
0.174726	0.441276	0.383999	
0.174726	0.441276	0.383999	
0.501622	0.389074	0.109304	
0.214011	0.309287	0.476701	
0.697981	0.236809	0.065210	
0.217044	0.573223	0.209733	
0.174726	0.441276	0.383999	
0.563618	0.330551	0.105831	
0.020785	0.096915	0.882300	
0.174726	0.441276	0.383999	
0.022478	0.110734	0.866788	
0.005440	0.056325	0.938235	
0.638153	0.258477	0.103370	
0.587227	0.288365	0.124408	
0.006968	0.083080	0.909952	
0.010863	0.512187	0.476951	
0.174726	0.441276	0.383999	
0.385551	0.365232	0.249217	
0.012086	0.067668	0.920246	
0.777673	0.198671	0.023655	
0.166077	0.280382	0.553542	
0.008706	0.580591	0.410703	
0.033247	0.759530	0.207224	
0.008052	0.455252	0.536696	
0.380694	0.370873	0.248433	
0.041441	0.576609	0.381950	
0.646883	0.282790	0.070327	
0.031982	0.765656	0.202361	
0.174726	0.441276	0.383999	
0.094425	0.188325	0.717249	
0.047642	0.456044	0.496313	
0.201220	0.514334	0.284445	
0.083493	0.452818	0.463689	
0.011195	0.665302	0.323503	
0.016308	0.449531	0.534161	
0.010898	0.356843	0.632259	
0.017764	0.462393	0.519843	
0.059088	0.235043	0.705869	
0.544793	0.358041	0.097166	
0.023432	0.380361	0.596207	
0.019551	0.554146	0.426303	
0.014010	0.592617	0.393373	
0.151837	0.604202	0.243961	
0.008694	0.315620	0.675685	
0.551024	0.327996	0.120980	
0.151167	0.556987	0.291846	
0.006537	0.099813	0.893650	
0.604761	0.330116	0.065123	
0.005777	0.720398	0.273825	
0.010699	0.466164	0.523137	
0.007800	0.677940	0.314260	
0.174726	0.441276	0.383999	
0.393587	0.403978	0.202435	
0.001713	0.035756	0.962531	
0.079283	0.416047	0.504670	
0.008042	0.364555	0.627402	
0.155156	0.277792	0.567052	
0.703306	0.231521	0.065173	
0.004536	0.135550	0.859914	
0.011874	0.531677	0.456448	
0.033363	0.664155	0.302482	
0.282372	0.437512	0.280116	
0.174726	0.441276	0.383999	
0.014482	0.365825	0.619694	
0.001406	0.028143	0.970450	
0.174726	0.441276	0.383999	
0.008663	0.302121	0.689215	
0.515623	0.365007	0.119370	
0.115381	0.414733	0.469886	
0.000889	0.019391	0.979719	
0.024690	0.312706	0.662603	
0.363724	0.440298	0.195978	
0.040371	0.668478	0.291151	
0.291318	0.643032	0.065651	
0.031559	0.717951	0.250490	
0.000132	0.007816	0.992053	
0.007547	0.308907	0.683547	
0.006614	0.299918	0.693468	
0.174726	0.441276	0.383999	
0.009540	0.264111	0.726349	
0.203777	0.461155	0.335068	
0.018806	0.569549	0.411645	
0.035026	0.395531	0.569443	
0.011784	0.650058	0.338158	
0.174726	0.441276	0.383999	
0.022517	0.716476	0.261007	
0.344974	0.475649	0.179378	
0.462071	0.441133	0.096796	
0.174726	0.441276	0.383999	
0.013566	0.076686	0.909748	
0.096170	0.663423	0.240407	
0.012638	0.705132	0.282230	
0.107553	0.636925	0.255522	
0.005194	0.076188	0.918619	
0.300081	0.202353	0.497565	
0.751039	0.205194	0.043767	
0.288542	0.513306	0.198153	
0.713526	0.227989	0.058485	
0.001034	0.043193	0.955772	
0.174726	0.441276	0.383999	
0.081246	0.628802	0.289952	
0.025619	0.119139	0.855242	
0.013633	0.380376	0.605991	
0.385057	0.378035	0.236908	
0.144853	0.594548	0.260599	
0.059497	0.582848	0.357655	
0.358289	0.401169	0.240542	
0.032462	0.217946	0.749592	
0.059742	0.375121	0.565137	
0.007514	0.624709	0.367777	
0.014118	0.228557	0.757325	
0.263842	0.507278	0.228879	
0.120252	0.694636	0.185112	
0.018867	0.493746	0.487387	
0.204631	0.375571	0.419798	
0.174726	0.441276	0.383999	
0.017047	0.602747	0.380205	
0.008915	0.647960	0.343125	
0.022584	0.729651	0.247764	
0.174726	0.441276	0.383999	
0.174726	0.441276	0.383999	
0.253606	0.571453	0.174941	
0.491038	0.255631	0.253331	
0.366289	0.409671	0.224041	
0.017329	0.118782	0.863889	
0.174726	0.441276	0.383999	
0.058510	0.645556	0.295934	
0.017843	0.367215	0.614942	
0.253724	0.568713	0.177563	
0.174726	0.441276	0.383999	
0.505783	0.380882	0.113335	
0.021481	0.411613	0.566907	
0.010691	0.105664	0.883645	
0.174726	0.441276	0.383999	
0.345705	0.320133	0.334161	
0.110423	0.278271	0.611305	
0.174726	0.441276	0.383999	
0.119738	0.622558	0.257704	
0.640243	0.217171	0.142585	
0.008424	0.617199	0.374376	
0.017368	0.682156	0.300476	
0.144354	0.372449	0.483196	
0.174726	0.441276	0.383999	
0.828664	0.141854	0.029482	
0.013714	0.495408	0.490878	
0.012864	0.359747	0.627388	
0.437809	0.491095	0.071096	
0.017820	0.530709	0.451472	
0.020034	0.175867	0.804099	
0.006625	0.347166	0.646208	
0.471366	0.409476	0.119158	
0.065821	0.345701	0.588478	
0.120696	0.616725	0.262579	
0.000145	0.011806	0.988050	
0.005101	0.054640	0.940259	
0.006297	0.515283	0.478420	
0.214800	0.647581	0.137619	
0.011483	0.445033	0.543484	
0.499298	0.327605	0.173097	
0.002872	0.046139	0.950989	
0.168918	0.521502	0.309580	
0.174726	0.441276	0.383999	
0.032146	0.305604	0.662250	
0.017798	0.671546	0.310657	
0.020243	0.160074	0.819683	
0.397578	0.403722	0.198699	
0.174726	0.441276	0.383999	
0.022336	0.725154	0.252510	
0.008578	0.624588	0.366833	
0.564594	0.298176	0.137230	
0.663849	0.261080	0.075071	
0.475081	0.196618	0.328301	
0.009196	0.408648	0.582156	
0.015974	0.424481	0.559546	
0.009534	0.572898	0.417568	
0.014379	0.608388	0.377233	
0.003889	0.253244	0.742867	
0.843881	0.135922	0.020197	
0.065868	0.643378	0.290754	
0.009945	0.513017	0.477038	
0.020688	0.410153	0.569160	
0.003682	0.089116	0.907203	
0.154888	0.270183	0.574929	
0.406355	0.395528	0.198117	
0.857001	0.122460	0.020539	
0.004065	0.051755	0.944180	
0.174726	0.441276	0.383999	
0.008553	0.118933	0.872514	
0.174726	0.441276	0.383999	
0.007040	0.682784	0.310176	
0.568976	0.300479	0.130545	
0.272851	0.486249	0.240899	
0.004684	0.053047	0.942270	
0.174726	0.441276	0.383999	
0.426652	0.379618	0.193729	
0.011308	0.422961	0.565731	
0.022054	0.664027	0.313918	
0.002905	0.043766	0.953330	
0.015125	0.769024	0.215851	
0.011656	0.555973	0.432371	
0.018089	0.280931	0.700980	
0.108001	0.605807	0.286192	
0.011865	0.558908	0.429228	
0.174726	0.441276	0.383999	
0.026436	0.525562	0.448001	
0.003751	0.050100	0.946149	
0.337165	0.344377	0.318458	
0.174726	0.441276	0.383999	
0.001075	0.032994	0.965932	
0.028420	0.363944	0.607637	
0.010452	0.536781	0.452767	
0.174726	0.441276	0.383999	
0.007782	0.650012	0.342207	
0.261056	0.426285	0.312659	
0.454188	0.402243	0.143569	
0.014970	0.469521	0.515509	
0.001485	0.058155	0.940360	
0.018561	0.536897	0.444542	
0.015631	0.114298	0.870071	
0.006426	0.345537	0.648037	
0.001602	0.046955	0.951443	
0.174726	0.441276	0.383999	
0.034609	0.709748	0.255643	
0.067622	0.664760	0.267619	
0.061333	0.569167	0.369500	
0.067278	0.129304	0.803418	
0.005131	0.069628	0.925241	
0.523525	0.334801	0.141674	
0.011799	0.196245	0.791956	
0.010645	0.598327	0.391028	
0.021503	0.091906	0.886591	
0.031220	0.602708	0.366071	
0.174726	0.441276	0.383999	
0.768588	0.202224	0.029188	
0.008603	0.076181	0.915216	
0.010539	0.602439	0.387023	
0.050089	0.718896	0.231015	
0.000919	0.033380	0.965701	
0.014435	0.545431	0.440133	
0.174726	0.441276	0.383999	
0.025099	0.634322	0.340579	
0.174726	0.441276	0.383999	
0.174726	0.441276	0.383999	
0.556274	0.352117	0.091609	
0.430474	0.364232	0.205294	
0.037976	0.355569	0.606454	
0.173451	0.505345	0.321204	
0.020633	0.140992	0.838375	
0.243324	0.654304	0.102372	
0.008506	0.311193	0.680302	
0.309439	0.488762	0.201799	
0.008944	0.649471	0.341585	
0.009852	0.520981	0.469168	
0.196339	0.319721	0.483940	
0.512048	0.331211	0.156741	
0.053540	0.558678	0.387782	
0.000753	0.015515	0.983732	
0.246141	0.514817	0.239041	
0.435789	0.419383	0.144829	
0.174726	0.441276	0.383999	
0.172075	0.534174	0.293751	
0.033928	0.351754	0.614318	
0.268233	0.613883	0.117884	
0.438449	0.367153	0.194398	
0.174726	0.441276	0.383999	
0.174726	0.441276	0.383999	
0.018335	0.579997	0.401668	
0.174726	0.441276	0.383999	
0.050497	0.604797	0.344707	
0.174726	0.441276	0.383999	
0.004699	0.392441	0.602860	
0.299723	0.456764	0.243512	
0.742888	0.205021	0.052092	
0.206197	0.286684	0.507119	
0.130871	0.322442	0.546687	
0.102416	0.733009	0.164575	
0.011170	0.278823	0.710008	
0.174726	0.441276	0.383999	
0.015247	0.497964	0.486789	
0.009329	0.499368	0.491303	
0.374560	0.482256	0.143183	
0.227683	0.546165	0.226152	
0.013057	0.080124	0.906819	
0.174726	0.441276	0.383999	
0.759327	0.204704	0.035969	
0.028537	0.702953	0.268510	
0.018860	0.309829	0.671311	
0.381033	0.365402	0.253565	
0.004460	0.029944	0.965595	
0.342577	0.494229	0.163194	
0.116956	0.577373	0.305670	
0.528581	0.317588	0.153831	
0.312802	0.484885	0.202313	
0.029148	0.103326	0.867525	
0.509513	0.274247	0.216240	
0.031145	0.691288	0.277567	
0.002987	0.096686	0.900327	
0.006805	0.075397	0.917798	
0.013195	0.648751	0.338054	
0.646818	0.292296	0.060886	
0.022277	0.553897	0.423826	
0.174726	0.441276	0.383999	
0.035920	0.570138	0.393942	
0.009353	0.331054	0.659592	
0.475005	0.321349	0.203646	
0.004837	0.056603	0.938560	
0.002352	0.021312	0.976335	
0.249150	0.539515	0.211335	
0.009691	0.580343	0.409966	
0.017433	0.121650	0.860917	
0.174726	0.441276	0.383999	
0.008557	0.099232	0.892210	
0.017975	0.722447	0.259578	
0.008917	0.537912	0.453171	
0.005995	0.078400	0.915606	
0.019109	0.466621	0.514269	
0.004491	0.069214	0.926295	
0.138366	0.601047	0.260587	
0.000675	0.024909	0.974416	
0.069851	0.622034	0.308115	
0.000309	0.015162	0.984529	
0.055769	0.717645	0.226586	
0.560744	0.284939	0.154317	
0.006878	0.444754	0.548368	
0.002505	0.068867	0.928629	
0.004806	0.096212	0.898983	
0.314095	0.527399	0.158506	
0.001329	0.048187	0.950484	
0.015865	0.608953	0.375182	
0.001120	0.032840	0.966040	
0.174726	0.441276	0.383999	
0.008238	0.446623	0.545139	
0.057084	0.715637	0.227279	
0.081132	0.449625	0.469243	
0.174726	0.441276	0.383999	
0.006435	0.098165	0.895400	
0.008906	0.493699	0.497395	
0.168042	0.351334	0.480624	
0.120191	0.684348	0.195461	
0.572179	0.289744	0.138077	
0.378153	0.465521	0.156326	
0.014345	0.368459	0.617196	
0.721599	0.187410	0.090991	
0.178114	0.515867	0.306020	
0.477554	0.354079	0.168367	
0.042056	0.664975	0.292969	
0.000237	0.003476	0.996287	
0.022760	0.616661	0.360579	
0.418030	0.471508	0.110463	
0.421670	0.403472	0.174858	
0.514799	0.344259	0.140942	
0.355781	0.229109	0.415110	
0.339193	0.335462	0.325345	
0.001952	0.031151	0.966897	
0.160112	0.614644	0.225243	
0.238184	0.543794	0.218022	
0.308036	0.409795	0.282169	
0.174726	0.441276	0.383999	
0.359606	0.485908	0.154486	
0.174726	0.441276	0.383999	
0.009406	0.616641	0.373953	
0.010389	0.602545	0.387066	
0.010762	0.442286	0.546953	
0.174726	0.441276	0.383999	
0.068535	0.148276	0.783189	
0.174726	0.441276	0.383999	
0.445661	0.367812	0.186528	
0.024039	0.201496	0.774465	
0.174726	0.441276	0.383999	
0.019147	0.149232	0.831621	
0.659441	0.293174	0.047385	
0.019085	0.220828	0.760087	
0.174726	0.441276	0.383999	
0.174726	0.441276	0.383999	
0.703559	0.229775	0.066666	
0.013177	0.550264	0.436559	
0.006490	0.329332	0.664178	
0.006474	0.295004	0.698522	
0.017914	0.126571	0.855516	
0.044658	0.733481	0.221862	
0.174726	0.441276	0.383999	
0.442696	0.361038	0.196265	
0.160267	0.400158	0.439576	
0.018965	0.237168	0.743866	
0.363571	0.436152	0.200277	
0.003911	0.031622	0.964467	
0.070522	0.496680	0.432798	
0.017911	0.098222	0.883867	
0.105605	0.196064	0.698331	
0.438778	0.377182	0.184040	
0.144647	0.557822	0.297531	
0.039736	0.175777	0.784487	
0.347903	0.402686	0.249411	
0.161784	0.682963	0.155254	
0.509192	0.296534	0.194274	
0.408233	0.417090	0.174677	
0.079771	0.227054	0.693174	
0.002820	0.040372	0.956808	
0.175868	0.603170	0.220962	
0.029299	0.237846	0.732855	
0.598154	0.289042	0.112804	
0.527567	0.372233	0.100200	
0.151665	0.609531	0.238805	
0.017417	0.055408	0.927175	
0.776295	0.176769	0.046936	
0.122709	0.299071	0.578220	
0.784758	0.183438	0.031804	
0.011405	0.486960	0.501635	
0.276287	0.413654	0.310058	
0.174726	0.441276	0.383999	
0.174726	0.441276	0.383999	
0.639129	0.281762	0.079109	
0.167924	0.553956	0.278120	
0.013450	0.461639	0.524912	
0.010903	0.610151	0.378946	
0.016705	0.167325	0.815970	
0.133122	0.534560	0.332318	
0.003569	0.104759	0.891671	
0.012793	0.726950	0.260257	
0.004802	0.030298	0.964900	
0.174726	0.441276	0.383999	
0.006344	0.205040	0.788616	
0.289133	0.380806	0.330061	
0.005140	0.034699	0.960161	
0.074882	0.469689	0.455429	
0.002917	0.048906	0.948177	
0.003416	0.072914	0.923670	
0.174726	0.441276	0.383999	
0.512107	0.397605	0.090288	
0.174726	0.441276	0.383999	
0.008279	0.308971	0.682750	
0.582446	0.313796	0.103758	
0.030772	0.555011	0.414217	
0.174726	0.441276	0.383999	
0.174726	0.441276	0.383999	
0.000793	0.005582	0.993625	
0.184030	0.589529	0.226441	
0.010074	0.468205	0.521721	
0.051190	0.685341	0.263469	
0.131344	0.542890	0.325765	
0.399915	0.431826	0.168258	
0.656676	0.200290	0.143034	
0.018671	0.200652	0.780678	
0.174726	0.441276	0.383999	
0.008361	0.152252	0.839387	
0.174726	0.441276	0.383999	
0.723116	0.255319	0.021565	
0.043108	0.682798	0.274094	
0.504088	0.333094	0.162818	
0.008814	0.444256	0.546930	
0.717110	0.234181	0.048709	
0.000165	0.007693	0.992141	
0.000754	0.009113	0.990134	
0.076146	0.635678	0.288176	
0.194152	0.560192	0.245656	
0.003583	0.025373	0.971044	
0.139885	0.596545	0.263569	
0.174726	0.441276	0.383999	
0.007294	0.589875	0.402831	
0.174726	0.441276	0.383999	
0.144787	0.616878	0.238335	
0.174726	0.441276	0.383999	
0.031216	0.598268	0.370516	
0.010956	0.784737	0.204307	
0.009520	0.453727	0.536753	
0.174726	0.441276	0.383999	
0.085032	0.587549	0.327420	
0.007822	0.528717	0.463460	
0.156731	0.281510	0.561759	
0.006573	0.383253	0.610174	
0.002834	0.069764	0.927402	
0.012537	0.079868	0.907594	
0.174726	0.441276	0.383999	
0.174726	0.441276	0.383999	
0.016735	0.475675	0.507590	
0.601014	0.306055	0.092931	
0.023804	0.236172	0.740024	
0.017923	0.138182	0.843894	
0.064095	0.681218	0.254687	
0.733981	0.204574	0.061445	
0.174726	0.441276	0.383999	
0.338507	0.434776	0.226718	
0.015915	0.458884	0.525201	
0.010526	0.528686	0.460788	
0.006353	0.460564	0.533083	
0.002648	0.069637	0.927714	
0.319625	0.433486	0.246889	
0.511260	0.380707	0.108033	
0.003494	0.068020	0.928486	
0.014049	0.700947	0.285003	
0.001584	0.029321	0.969095	
0.025110	0.644598	0.330293	
0.008208	0.610594	0.381198	
0.027300	0.179157	0.793544	
0.510576	0.219150	0.270275	
0.174726	0.441276	0.383999	
0.007611	0.288792	0.703597	
0.019025	0.164457	0.816518	
0.048142	0.674597	0.277261	
0.416887	0.459352	0.123762	
0.174726	0.441276	0.383999	
0.014933	0.364332	0.620735	
0.431370	0.413180	0.155451	
0.007538	0.365988	0.626473	
0.441472	0.264441	0.294088	
0.019633	0.272600	0.707767	
0.026181	0.459518	0.514301	
0.174726	0.441276	0.383999	
0.035687	0.616633	0.347680	
0.257174	0.567655	0.175171	
0.010562	0.630132	0.359305	
0.386867	0.431071	0.182061	
0.191686	0.540062	0.268252	
0.624155	0.322888	0.052958	
0.174726	0.441276	0.383999	
0.042758	0.579386	0.377856	
0.040217	0.706137	0.253646	
0.174726	0.441276	0.383999	
0.020737	0.713293	0.265971	
0.174726	0.441276	0.383999	
0.027628	0.566380	0.405992	
0.174726	0.441276	0.383999	
0.000036	0.002133	0.997831	
0.025900	0.076625	0.897475	
0.603146	0.307257	0.089597	
0.018522	0.261457	0.720020	
0.174726	0.441276	0.383999	
0.174726	0.441276	0.383999	
0.773561	0.174673	0.051766	
0.174726	0.441276	0.383999	
0.406599	0.413904	0.179497	
0.062548	0.583051	0.354402	
0.477758	0.409545	0.112698	
0.049855	0.657568	0.292577	
0.522901	0.369388	0.107710	
0.589711	0.295765	0.114524	
0.087246	0.329664	0.583090	
0.000677	0.026891	0.972431	
0.009162	0.426567	0.564271	
0.067173	0.144967	0.787860	
0.071566	0.331887	0.596547	
0.265539	0.526975	0.207486	
0.074167	0.264844	0.660989	
0.174726	0.441276	0.383999	
0.054207	0.520329	0.425464	
0.445769	0.372045	0.182186	
0.524494	0.268910	0.206597	
0.030154	0.158101	0.811745	
0.008885	0.487955	0.503160	
0.084161	0.712694	0.203144	
0.010972	0.646729	0.342299	
0.012864	0.214771	0.772365	
0.006902	0.085788	0.907310	
0.028840	0.669117	0.302044	
0.044575	0.164783	0.790642	
0.019046	0.440947	0.540007	
0.009361	0.122813	0.867826	
0.013276	0.620717	0.366006	
0.174726	0.441276	0.383999	
0.413071	0.412899	0.174030	
0.005877	0.075994	0.918129	
0.320537	0.552548	0.126914	
0.174726	0.441276	0.383999	
0.019256	0.106602	0.874142	
0.409224	0.412784	0.177992	
0.877574	0.111252	0.011174	
0.004748	0.137421	0.857830	
0.049521	0.693409	0.257069	
0.174726	0.441276	0.383999	
0.022575	0.483821	0.493605	
0.097096	0.495904	0.407000	
0.283666	0.373411	0.342923	
0.020275	0.511151	0.468574	
0.012888	0.354243	0.632869	
0.336783	0.548187	0.115029	
0.058794	0.435623	0.505583	
0.028553	0.686503	0.284945	
0.461890	0.377448	0.160662	
0.065753	0.727618	0.206630	
0.063926	0.584542	0.351532	
0.570295	0.315847	0.113858	
0.174726	0.441276	0.383999	
0.060925	0.575497	0.363578	
0.022931	0.489410	0.487659	
0.376302	0.429233	0.194465	
0.022827	0.634344	0.342829	
0.031662	0.092503	0.875835	
0.011854	0.112381	0.875765	
0.910600	0.080976	0.008424	
0.174726	0.441276	0.383999	
0.021179	0.734836	0.243985	
0.046254	0.482842	0.470905	
