0.174674	0.233249	0.592077	
0.552297	0.317358	0.130345	
0.009097	0.549527	0.441376	
0.499773	0.327170	0.173057	
0.386923	0.438328	0.174749	
0.557908	0.315912	0.126180	
0.008415	0.169709	0.821877	
0.675586	0.259977	0.064437	
0.006764	0.120002	0.873234	
0.643946	0.273702	0.082352	
0.205273	0.620869	0.173858	
0.438468	0.434799	0.126732	
0.010283	0.653126	0.336591	
0.278200	0.551617	0.170184	
0.009418	0.515013	0.475569	
0.356326	0.459606	0.184068	
0.564646	0.320630	0.114724	
0.019965	0.648191	0.331843	
0.009733	0.419766	0.570501	
0.798828	0.171192	0.029980	
0.004690	0.047889	0.947421	
0.007923	0.335550	0.656526	
0.007668	0.112248	0.880084	
0.023667	0.565554	0.410779	
0.465306	0.355358	0.179335	
0.688704	0.242632	0.068664	
0.182662	0.553089	0.264249	
0.074238	0.157089	0.768673	
0.206091	0.472715	0.321193	
0.049887	0.707000	0.243113	
0.044730	0.666741	0.288528	
0.847923	0.135454	0.016623	
0.650603	0.261732	0.087665	
0.020453	0.158628	0.820919	
0.004015	0.027099	0.968886	
0.007315	0.443002	0.549683	
0.640672	0.283905	0.075423	
0.295464	0.532851	0.171685	
0.001453	0.026645	0.971902	
0.003076	0.034972	0.961952	
0.753089	0.206627	0.040283	
0.494317	0.361886	0.143797	
0.620182	0.289230	0.090589	
0.034663	0.512105	0.453233	
0.008825	0.064531	0.926644	
0.007655	0.590608	0.401737	
0.010358	0.516729	0.472914	
0.485312	0.385039	0.129650	
0.290572	0.502679	0.206749	
0.571391	0.304722	0.123886	
0.014204	0.605742	0.380054	
0.014616	0.133621	0.851763	
0.034983	0.529929	0.435088	
0.027937	0.245501	0.726562	
0.022511	0.244842	0.732647	
0.581072	0.309719	0.109209	
0.714065	0.221416	0.064519	
0.709665	0.232039	0.058296	
0.242720	0.363916	0.393364	
0.019378	0.173852	0.806770	
0.009317	0.134140	0.856543	
0.697531	0.244329	0.058141	
0.438479	0.373215	0.188306	
0.010328	0.545841	0.443832	
0.030530	0.604239	0.365231	
0.605816	0.283015	0.111170	
0.011363	0.082796	0.905841	
0.000605	0.017893	0.981502	
0.001169	0.020982	0.977848	
0.091769	0.618030	0.290201	
0.009063	0.534001	0.456936	
0.365910	0.424325	0.209765	
0.370942	0.385820	0.243238	
0.412831	0.426742	0.160427	
0.749180	0.214068	0.036752	
0.013401	0.226928	0.759672	
0.000324	0.006496	0.993180	
0.011422	0.513782	0.474796	
0.008294	0.149884	0.841822	
0.415643	0.339389	0.244969	
0.005986	0.069021	0.924992	
0.479295	0.395247	0.125458	
0.754386	0.200696	0.044918	
0.433275	0.355806	0.210919	
0.010723	0.636204	0.353073	
0.011149	0.201699	0.787152	
0.014250	0.626601	0.359149	
0.036417	0.308043	0.655540	
0.316949	0.461918	0.221133	
0.021628	0.551313	0.427059	
0.523368	0.343327	0.133305	
0.009509	0.067921	0.922570	
0.431731	0.374418	0.193851	
0.008120	0.388324	0.603555	
0.052245	0.178292	0.769463	
0.006762	0.458537	0.534701	
0.009128	0.061635	0.929237	
0.259504	0.540875	0.199621	
0.009072	0.358411	0.632518	
0.005428	0.041599	0.952972	
0.006056	0.038385	0.955558	
0.007993	0.068597	0.923411	
0.007857	0.649806	0.342337	
0.008678	0.087696	0.903625	
0.010974	0.335683	0.653343	
0.008467	0.092573	0.898960	
0.008985	0.558739	0.432276	
0.030132	0.641393	0.328475	
0.027693	0.328265	0.644043	
0.024464	0.166959	0.808577	
0.558116	0.337885	0.104000	
0.024648	0.363172	0.612180	
0.431304	0.370908	0.197788	
0.337736	0.373474	0.288790	
0.012849	0.665052	0.322099	
0.042717	0.715773	0.241509	
0.010084	0.189098	0.800818	
0.006789	0.175081	0.818131	
0.447553	0.330540	0.221906	
0.009058	0.536802	0.454140	
0.015776	0.350379	0.633846	
0.161793	0.457080	0.381127	
0.320520	0.338183	0.341297	
0.456832	0.344720	0.198448	
0.010516	0.500988	0.488496	
0.049352	0.679022	0.271626	
0.022237	0.086505	0.891258	
0.002636	0.029869	0.967495	
0.002722	0.042357	0.954921	
0.312554	0.562445	0.125001	
0.010446	0.549112	0.440442	
0.024077	0.438560	0.537363	
0.011347	0.152295	0.836358	
0.001928	0.020078	0.977994	
0.198954	0.497743	0.303304	
0.008189	0.284647	0.707165	
0.009707	0.481909	0.508384	
0.075079	0.194859	0.730062	
0.204984	0.392781	0.402235	
0.054944	0.680851	0.264205	
0.002504	0.019881	0.977615	
0.018803	0.686074	0.295122	
0.084201	0.526215	0.389584	
0.007612	0.321044	0.671344	
0.006204	0.084999	0.908796	
0.017202	0.531430	0.451369	
0.008447	0.296456	0.695096	
0.017939	0.438038	0.544023	
0.014444	0.279598	0.705957	
0.008549	0.255027	0.736423	
0.010726	0.596537	0.392738	
0.012253	0.677505	0.310241	
0.009832	0.393166	0.597003	
0.028280	0.424193	0.547527	
0.415562	0.423423	0.161015	
0.015569	0.233370	0.751061	
0.008315	0.368657	0.623027	
0.024548	0.338376	0.637075	
0.031053	0.585560	0.383388	
0.015494	0.126043	0.858463	
0.009823	0.639209	0.350967	
0.033483	0.163507	0.803009	
0.020484	0.492884	0.486632	
0.009469	0.643019	0.347513	
0.007464	0.378541	0.613995	
0.018465	0.111316	0.870219	
0.476793	0.203553	0.319654	
0.005492	0.052776	0.941732	
0.250414	0.541330	0.208256	
0.014016	0.355926	0.630058	
0.001608	0.022340	0.976051	
0.385064	0.441126	0.173810	
0.060299	0.393075	0.546626	
0.018562	0.542758	0.438680	
0.015441	0.543159	0.441400	
0.007374	0.199627	0.792999	
0.009008	0.590185	0.400807	
0.005611	0.054372	0.940017	
0.018951	0.306892	0.674157	
0.042905	0.277763	0.679332	
0.612277	0.290040	0.097683	
0.492748	0.316023	0.191229	
0.273052	0.480546	0.246402	
0.619434	0.282942	0.097623	
0.004566	0.086512	0.908922	
0.169159	0.196329	0.634512	
0.016595	0.201141	0.782265	
0.102362	0.712076	0.185563	
0.015741	0.621390	0.362868	
0.026807	0.602544	0.370649	
0.213683	0.612336	0.173982	
0.011887	0.237902	0.750211	
0.013501	0.222725	0.763773	
0.004580	0.066104	0.929316	
0.007983	0.635668	0.356349	
0.048394	0.547600	0.404007	
0.591158	0.332230	0.076612	
0.007275	0.084685	0.908040	
0.596757	0.311709	0.091534	
0.014609	0.508527	0.476864	
0.024779	0.674850	0.300371	
0.122789	0.282642	0.594570	
0.001248	0.024655	0.974097	
0.260986	0.515283	0.223731	
0.015916	0.373605	0.610479	
0.009686	0.448004	0.542310	
0.010687	0.541973	0.447340	
0.007102	0.285169	0.707729	
0.020103	0.614448	0.365450	
0.277654	0.372823	0.349523	
0.023079	0.468674	0.508247	
0.013202	0.639966	0.346833	
0.035776	0.504902	0.459321	
0.038232	0.605180	0.356589	
0.119770	0.393460	0.486770	
0.248564	0.543252	0.208184	
0.009611	0.484876	0.505514	
0.036131	0.663966	0.299903	
0.037248	0.152771	0.809981	
0.631968	0.280108	0.087923	
0.002250	0.025940	0.971810	
0.013980	0.423781	0.562239	
0.008658	0.220398	0.770944	
0.174023	0.588812	0.237165	
0.032593	0.587953	0.379454	
0.355390	0.459230	0.185381	
0.080308	0.475363	0.444329	
0.003846	0.130796	0.865358	
0.008159	0.063745	0.928096	
0.008297	0.227120	0.764584	
0.010002	0.148941	0.841057	
0.068846	0.392363	0.538791	
0.008222	0.389478	0.602300	
0.145890	0.619270	0.234840	
0.007460	0.288205	0.704335	
0.014670	0.269432	0.715898	
0.701181	0.238313	0.060505	
0.009669	0.400300	0.590031	
0.015053	0.187900	0.797047	
0.010498	0.419858	0.569644	
0.020024	0.508981	0.470995	
0.488601	0.385372	0.126027	
0.010034	0.232822	0.757144	
0.046401	0.634765	0.318834	
0.025224	0.482688	0.492088	
0.015055	0.305218	0.679727	
0.056261	0.507277	0.436462	
0.473994	0.382959	0.143046	
0.007449	0.130380	0.862170	
0.303434	0.393380	0.303186	
0.040566	0.314612	0.644822	
0.037116	0.240053	0.722831	
0.269264	0.573402	0.157335	
0.015844	0.269699	0.714457	
0.780092	0.188566	0.031342	
0.008991	0.302241	0.688769	
0.487182	0.363685	0.149133	
0.009272	0.139033	0.851694	
0.526574	0.338530	0.134895	
0.628988	0.264720	0.106291	
0.174403	0.322095	0.503502	
0.003755	0.038106	0.958139	
0.009004	0.493049	0.497947	
0.017870	0.698435	0.283695	
0.008001	0.489246	0.502753	
0.497090	0.358030	0.144879	
0.000067	0.001552	0.998381	
0.014005	0.601899	0.384096	
0.065216	0.164597	0.770187	
0.000471	0.006758	0.992771	
0.632407	0.293175	0.074418	
0.082412	0.306459	0.611129	
0.012636	0.233452	0.753911	
0.558851	0.329977	0.111171	
0.003942	0.039601	0.956457	
0.018905	0.539645	0.441450	
0.044835	0.412663	0.542502	
0.324298	0.531723	0.143979	
0.729809	0.208004	0.062186	
0.010727	0.424882	0.564390	
0.465311	0.340785	0.193903	
0.006736	0.070086	0.923178	
0.114339	0.507920	0.377741	
0.157379	0.567754	0.274867	
0.003747	0.046191	0.950062	
0.032837	0.104134	0.863028	
0.001314	0.025406	0.973280	
0.201304	0.232085	0.566611	
0.009994	0.099408	0.890598	
0.499935	0.357634	0.142430	
0.003152	0.073225	0.923622	
0.021587	0.461979	0.516434	
0.010346	0.159995	0.829659	
0.035516	0.645846	0.318637	
0.000727	0.010426	0.988847	
0.738625	0.215845	0.045530	
0.531030	0.333591	0.135379	
0.007481	0.090323	0.902196	
0.438911	0.406905	0.154184	
0.001218	0.013948	0.984834	
0.361494	0.440592	0.197914	
0.006868	0.066089	0.927043	
0.292024	0.281762	0.426214	
0.045807	0.146329	0.807863	
0.104964	0.662166	0.232870	
0.010446	0.592082	0.397472	
0.146132	0.419277	0.434591	
0.426070	0.328928	0.245002	
0.701702	0.229188	0.069110	
0.005432	0.046001	0.948568	
0.146534	0.489266	0.364201	
0.011818	0.452930	0.535252	
0.401686	0.426098	0.172216	
0.149217	0.493018	0.357765	
0.019802	0.136814	0.843384	
0.713744	0.235361	0.050895	
0.009086	0.082287	0.908627	
0.031012	0.430034	0.538953	
0.046364	0.551011	0.402625	
0.037031	0.596233	0.366737	
0.046984	0.516626	0.436390	
0.000399	0.007291	0.992309	
0.456362	0.375222	0.168416	
0.011562	0.263402	0.725035	
0.011395	0.328801	0.659804	
0.364936	0.335897	0.299167	
0.185780	0.627530	0.186690	
0.369954	0.449549	0.180497	
0.359340	0.398540	0.242119	
0.017407	0.369343	0.613250	
0.052575	0.475286	0.472139	
0.013568	0.514377	0.472056	
0.464482	0.330466	0.205052	
0.079294	0.682773	0.237933	
0.004384	0.092922	0.902695	
0.006771	0.247227	0.746002	
0.073213	0.611828	0.314959	
0.011518	0.464001	0.524481	
0.212533	0.563592	0.223875	
0.011465	0.490875	0.497660	
0.005266	0.048907	0.945827	
0.011770	0.174174	0.814057	
0.096164	0.450915	0.452920	
0.004501	0.055013	0.940486	
0.010466	0.622241	0.367292	
0.007554	0.150931	0.841515	
0.018910	0.602450	0.378639	
0.681379	0.258503	0.060118	
0.008813	0.488475	0.502712	
0.014739	0.630240	0.355022	
0.009916	0.595215	0.394870	
0.354044	0.310774	0.335182	
0.429202	0.319258	0.251540	
0.136789	0.660017	0.203194	
0.618228	0.295583	0.086188	
0.157567	0.323885	0.518548	
0.022209	0.473347	0.504444	
0.006806	0.093691	0.899503	
0.013505	0.262470	0.724025	
0.006397	0.064126	0.929477	
0.014609	0.508527	0.476864	
0.365483	0.409421	0.225095	
0.086860	0.432876	0.480265	
0.350880	0.398593	0.250527	
0.044287	0.672777	0.282936	
0.698385	0.246518	0.055097	
0.017245	0.313773	0.668983	
0.009944	0.065765	0.924291	
0.010956	0.254023	0.735021	
0.002825	0.040462	0.956713	
0.005229	0.072290	0.922481	
0.439114	0.388679	0.172207	
0.009925	0.395233	0.594842	
0.046988	0.656865	0.296147	
0.009131	0.115773	0.875096	
0.012919	0.058189	0.928891	
0.257776	0.519166	0.223058	
0.004977	0.139703	0.855320	
0.512559	0.302767	0.184673	
0.079313	0.687461	0.233226	
0.003614	0.115074	0.881312	
0.532548	0.327831	0.139621	
0.009253	0.080645	0.910102	
0.496740	0.360341	0.142919	
0.000649	0.011780	0.987572	
0.020910	0.462008	0.517082	
0.084411	0.749045	0.166544	
0.069885	0.292899	0.637216	
0.576241	0.318446	0.105313	
0.011247	0.583243	0.405511	
0.052541	0.299494	0.647965	
0.225743	0.337416	0.436841	
0.445100	0.391721	0.163179	
0.454976	0.379792	0.165232	
0.066405	0.653475	0.280120	
0.126699	0.557903	0.315398	
0.015415	0.460831	0.523754	
0.213269	0.612605	0.174126	
0.695340	0.249656	0.055004	
0.527455	0.350134	0.122411	
0.621720	0.299966	0.078314	
0.770071	0.199433	0.030496	
0.659096	0.272720	0.068184	
0.483911	0.381256	0.134833	
0.421556	0.410115	0.168329	
0.626493	0.300145	0.073362	
0.004681	0.064995	0.930324	
0.011619	0.367908	0.620473	
0.607029	0.299446	0.093526	
0.115919	0.614708	0.269373	
0.642093	0.278503	0.079404	
0.303776	0.561561	0.134663	
0.545735	0.343445	0.110819	
0.012472	0.651802	0.335727	
0.532321	0.345878	0.121801	
0.472422	0.387904	0.139674	
0.055876	0.599433	0.344691	
0.601321	0.270184	0.128495	
0.181811	0.446602	0.371587	
0.121714	0.417124	0.461161	
0.446701	0.403895	0.149404	
0.522452	0.343670	0.133879	
0.479343	0.357171	0.163486	
0.397396	0.402195	0.200409	
0.557432	0.329160	0.113408	
0.700542	0.247729	0.051729	
0.006785	0.045763	0.947452	
0.338993	0.277486	0.383521	
0.018823	0.153545	0.827632	
0.338326	0.444600	0.217073	
0.330528	0.415608	0.253864	
0.165082	0.603790	0.231128	
0.008913	0.054967	0.936120	
0.013687	0.672420	0.313893	
0.008064	0.080000	0.911936	
0.252868	0.334372	0.412760	
0.011875	0.451816	0.536309	
0.572331	0.339832	0.087837	
0.051714	0.616399	0.331886	
0.547042	0.346046	0.106912	
0.251250	0.561660	0.187091	
0.017851	0.619466	0.362683	
0.591291	0.308514	0.100195	
0.038008	0.631832	0.330161	
0.704732	0.199698	0.095570	
0.048408	0.646403	0.305189	
0.245390	0.576361	0.178250	
0.714780	0.231257	0.053963	
0.469481	0.397159	0.133361	
0.025309	0.558902	0.415789	
0.088297	0.599859	0.311844	
0.227092	0.552375	0.220533	
0.547324	0.327077	0.125599	
0.228253	0.327589	0.444158	
0.016106	0.595271	0.388623	
0.410304	0.367586	0.222109	
0.295802	0.506770	0.197428	
0.027348	0.538346	0.434306	
0.086310	0.727541	0.186150	
0.057535	0.691347	0.251118	
0.734447	0.236469	0.029084	
0.194186	0.665506	0.140308	
0.281470	0.448747	0.269783	
0.597703	0.301779	0.100518	
0.668171	0.280190	0.051639	
0.676113	0.275673	0.048214	
0.843585	0.140243	0.016172	
0.355541	0.537122	0.107337	
0.633585	0.298750	0.067666	
0.699122	0.254832	0.046046	
0.743044	0.228703	0.028253	
0.693057	0.257958	0.048985	
0.030340	0.097582	0.872078	
0.799800	0.180179	0.020022	
0.325706	0.460938	0.213356	
0.398469	0.491616	0.109915	
0.000968	0.014472	0.984559	
0.469145	0.458024	0.072832	
0.433613	0.396836	0.169551	
0.795100	0.176224	0.028675	
0.526200	0.377218	0.096582	
0.029707	0.670001	0.300292	
0.035745	0.688855	0.275400	
0.118166	0.705218	0.176617	
0.034440	0.743397	0.222164	
0.014525	0.588449	0.397026	
0.014136	0.536081	0.449782	
0.226374	0.643577	0.130049	
0.259733	0.586394	0.153873	
0.094725	0.685701	0.219574	
0.184439	0.525116	0.290446	
0.069004	0.479372	0.451625	
0.054353	0.716539	0.229109	
0.315358	0.524109	0.160533	
0.690348	0.252383	0.057269	
0.079923	0.755747	0.164331	
0.015859	0.610116	0.374025	
0.229557	0.631815	0.138629	
0.013378	0.652581	0.334041	
0.443949	0.455333	0.100717	
0.261507	0.578525	0.159968	
0.009594	0.241854	0.748552	
0.028146	0.091785	0.880069	
0.702507	0.255050	0.042444	
0.662703	0.267891	0.069407	
0.297989	0.591789	0.110222	
0.492654	0.394245	0.113101	
0.166150	0.682442	0.151408	
0.715196	0.244945	0.039859	
0.025456	0.523015	0.451529	
0.426483	0.459375	0.114142	
0.804781	0.176935	0.018284	
0.012796	0.656473	0.330731	
0.092255	0.767225	0.140520	
0.242204	0.635591	0.122205	
0.606457	0.306189	0.087354	
0.294361	0.513286	0.192352	
0.261977	0.643401	0.094622	
0.119724	0.708913	0.171363	
0.199464	0.657499	0.143037	
0.084253	0.648826	0.266921	
0.548777	0.300194	0.151030	
0.481200	0.428813	0.089987	
0.606261	0.307275	0.086464	
0.140624	0.651390	0.207986	
0.472090	0.355098	0.172811	
0.197090	0.640917	0.161993	
0.021064	0.515035	0.463901	
0.142489	0.674727	0.182784	
0.032717	0.669248	0.298035	
0.053749	0.654086	0.292164	
0.009005	0.435505	0.555490	
0.019085	0.724515	0.256400	
0.137274	0.321273	0.541452	
0.594244	0.328938	0.076818	
0.009812	0.618630	0.371558	
0.112087	0.696766	0.191147	
0.469882	0.423598	0.106519	
0.423224	0.506370	0.070406	
0.532947	0.313325	0.153728	
0.433905	0.439418	0.126677	
0.137398	0.265338	0.597264	
0.787159	0.186473	0.026368	
0.044875	0.597552	0.357573	
0.432039	0.335382	0.232579	
0.008801	0.580043	0.411156	
0.011526	0.529176	0.459298	
0.319965	0.472316	0.207719	
0.001000	0.016395	0.982604	
0.582222	0.321296	0.096481	
0.186812	0.524750	0.288438	
0.012106	0.699865	0.288029	
0.355317	0.476499	0.168184	
0.000458	0.005996	0.993546	
0.005678	0.143027	0.851295	
0.163691	0.617770	0.218539	
0.018633	0.425281	0.556086	
0.025114	0.669443	0.305443	
0.298171	0.490121	0.211707	
0.015702	0.479863	0.504435	
0.034317	0.631245	0.334438	
0.268678	0.489066	0.242256	
0.212052	0.589907	0.198041	
0.242024	0.471288	0.286688	
0.024451	0.492550	0.482998	
0.020236	0.643736	0.336027	
0.145989	0.630388	0.223623	
0.106239	0.578335	0.315426	
0.014546	0.581897	0.403557	
0.013653	0.240269	0.746078	
0.009939	0.644539	0.345521	
0.010028	0.600793	0.389179	
0.007294	0.495834	0.496873	
0.001352	0.017489	0.981158	
0.009075	0.639031	0.351894	
0.005949	0.170906	0.823144	
0.039443	0.096622	0.863935	
0.010875	0.345747	0.643378	
0.010573	0.372038	0.617389	
0.033351	0.549277	0.417373	
0.006629	0.282411	0.710960	
0.433438	0.394021	0.172541	
0.490487	0.358562	0.150951	
0.008542	0.129829	0.861629	
0.037186	0.677854	0.284959	
0.049311	0.675243	0.275447	
0.008230	0.476202	0.515568	
0.006257	0.400739	0.593005	
0.008939	0.620703	0.370357	
0.006605	0.121228	0.872167	
0.050996	0.424557	0.524448	
0.008814	0.598217	0.392968	
0.011669	0.466816	0.521515	
0.119086	0.674059	0.206854	
0.549677	0.289515	0.160807	
0.022282	0.365212	0.612506	
0.101586	0.269706	0.628708	
0.242761	0.375478	0.381761	
0.010904	0.370156	0.618939	
0.068887	0.566963	0.364150	
0.018058	0.676879	0.305063	
0.220000	0.548295	0.231705	
0.253381	0.516340	0.230279	
0.027465	0.506019	0.466516	
0.009792	0.597966	0.392242	
0.220050	0.494077	0.285873	
0.389845	0.446357	0.163799	
0.066089	0.210028	0.723883	
0.303717	0.426869	0.269414	
0.060285	0.285659	0.654056	
0.014416	0.372687	0.612897	
0.014386	0.254074	0.731541	
0.510153	0.353428	0.136419	
0.218504	0.309627	0.471869	
0.009987	0.590247	0.399765	
0.010183	0.583930	0.405887	
0.011068	0.344380	0.644552	
0.402255	0.411108	0.186637	
0.025348	0.524767	0.449884	
0.027594	0.532111	0.440295	
0.012110	0.593653	0.394237	
0.318160	0.424500	0.257340	
0.320302	0.481532	0.198166	
0.056965	0.645205	0.297830	
0.495599	0.366553	0.137847	
0.008259	0.075590	0.916150	
0.000259	0.009501	0.990240	
0.651569	0.276796	0.071635	
0.263460	0.466823	0.269717	
0.026738	0.606379	0.366883	
0.006190	0.130332	0.863478	
0.009122	0.539720	0.451158	
0.058734	0.578680	0.362586	
0.013029	0.117932	0.869039	
0.024145	0.393227	0.582628	
0.012685	0.445255	0.542060	
0.101620	0.570935	0.327444	
0.011828	0.583357	0.404815	
0.033108	0.526090	0.440803	
0.013581	0.391392	0.595026	
0.033067	0.446354	0.520579	
0.010964	0.400544	0.588492	
0.010850	0.150825	0.838325	
0.145263	0.563481	0.291256	
0.304255	0.495742	0.200003	
0.287641	0.522259	0.190100	
0.197665	0.553340	0.248995	
0.008104	0.293075	0.698821	
0.038748	0.620852	0.340400	
0.010018	0.637899	0.352083	
0.080748	0.192009	0.727243	
0.021725	0.621302	0.356973	
0.018092	0.522578	0.459330	
0.570230	0.332875	0.096895	
0.019641	0.484607	0.495753	
0.013555	0.449548	0.536897	
0.185279	0.606534	0.208187	
0.003316	0.057223	0.939461	
0.011348	0.335644	0.653008	
0.009524	0.393054	0.597422	
0.005862	0.127813	0.866325	
0.328045	0.413191	0.258764	
0.052539	0.634859	0.312602	
0.009152	0.372621	0.618227	
0.009046	0.156002	0.834952	
0.011314	0.360760	0.627926	
0.010250	0.492853	0.496897	
0.013581	0.548116	0.438303	
0.016186	0.592295	0.391519	
0.009373	0.645004	0.345622	
0.049161	0.685943	0.264896	
0.012613	0.488988	0.498400	
0.168574	0.467925	0.363501	
0.009107	0.269984	0.720909	
0.592141	0.309795	0.098064	
0.009837	0.491948	0.498214	
0.008807	0.614922	0.376271	
0.010373	0.537449	0.452178	
0.040575	0.535624	0.423801	
0.015576	0.450828	0.533596	
0.015730	0.525564	0.458706	
0.010880	0.637121	0.351999	
0.008845	0.572552	0.418604	
0.009518	0.652831	0.337651	
0.646149	0.281264	0.072587	
0.034728	0.500654	0.464618	
0.009143	0.420448	0.570410	
0.008347	0.109971	0.881682	
0.017982	0.095267	0.886752	
0.414535	0.383198	0.202267	
0.040372	0.563486	0.396142	
0.023700	0.544633	0.431667	
0.014221	0.180375	0.805404	
0.008964	0.475842	0.515194	
0.007278	0.049437	0.943285	
0.265144	0.444054	0.290802	
0.012093	0.241785	0.746122	
0.012672	0.595875	0.391453	
0.009521	0.508379	0.482101	
0.025982	0.525766	0.448251	
0.015660	0.597727	0.386613	
0.486257	0.327024	0.186720	
0.013898	0.172698	0.813404	
0.009877	0.636408	0.353716	
0.008773	0.356268	0.634958	
0.015734	0.682188	0.302078	
0.042725	0.505241	0.452034	
0.009503	0.624225	0.366273	
0.392484	0.443837	0.163679	
0.012034	0.279865	0.708101	
0.060680	0.546124	0.393196	
0.007461	0.536465	0.456073	
0.254835	0.528227	0.216938	
0.378132	0.469433	0.152435	
0.521066	0.349652	0.129282	
0.015259	0.117562	0.867179	
0.007974	0.214128	0.777898	
0.009762	0.454503	0.535734	
0.009037	0.071014	0.919949	
0.091242	0.519121	0.389638	
0.012368	0.541307	0.446325	
0.009421	0.583423	0.407155	
0.435366	0.416970	0.147664	
0.069009	0.404663	0.526328	
0.027068	0.402522	0.570410	
0.013823	0.334132	0.652045	
0.009839	0.517801	0.472360	
0.201721	0.516992	0.281287	
0.547356	0.348523	0.104121	
0.168495	0.579202	0.252303	
0.242590	0.488534	0.268876	
0.047279	0.648697	0.304024	
0.067425	0.548458	0.384118	
0.384609	0.356014	0.259377	
0.444459	0.385075	0.170466	
0.602281	0.306677	0.091042	
0.009545	0.552479	0.437976	
0.047229	0.681751	0.271020	
0.402529	0.413084	0.184386	
0.182644	0.586604	0.230752	
0.453837	0.431046	0.115117	
0.095378	0.682774	0.221848	
0.434632	0.420398	0.144970	
0.022678	0.661878	0.315443	
0.012416	0.096233	0.891351	
0.009276	0.484008	0.506716	
0.425034	0.356356	0.218611	
0.030056	0.197964	0.771981	
0.011631	0.386963	0.601405	
0.388042	0.463567	0.148391	
0.483453	0.355385	0.161161	
0.054318	0.685021	0.260662	
0.094890	0.350094	0.555017	
0.192263	0.586266	0.221471	
0.175908	0.196352	0.627741	
0.033983	0.279340	0.686677	
0.476544	0.379255	0.144201	
0.476781	0.350835	0.172384	
0.039589	0.158183	0.802228	
0.004524	0.050238	0.945239	
0.020923	0.648677	0.330400	
0.363952	0.360181	0.275867	
0.274355	0.568557	0.157088	
0.457711	0.385483	0.156806	
0.202044	0.548259	0.249697	
0.266952	0.481411	0.251637	
0.167373	0.425177	0.407451	
0.148343	0.386584	0.465073	
0.183421	0.439781	0.376798	
0.090701	0.633284	0.276015	
0.088019	0.517451	0.394530	
0.008822	0.642666	0.348512	
0.152653	0.544154	0.303193	
0.010109	0.602222	0.387669	
0.029832	0.520708	0.449460	
0.154422	0.652150	0.193428	
0.530198	0.369315	0.100486	
0.400631	0.244150	0.355218	
0.026158	0.165847	0.807995	
0.015627	0.604766	0.379608	
0.399872	0.401799	0.198328	
0.065519	0.729808	0.204672	
0.010081	0.597125	0.392795	
0.377163	0.431929	0.190908	
0.009444	0.588021	0.402536	
0.339432	0.460657	0.199911	
0.008139	0.590170	0.401690	
0.007835	0.486398	0.505767	
0.608041	0.287934	0.104025	
0.070660	0.705000	0.224340	
0.013336	0.394998	0.591666	
0.083477	0.690277	0.226246	
0.019211	0.662587	0.318202	
0.222981	0.187406	0.589612	
0.261748	0.532535	0.205717	
0.008371	0.522266	0.469364	
0.357935	0.366763	0.275302	
0.012867	0.719438	0.267695	
0.033686	0.454916	0.511398	
0.002987	0.057006	0.940007	
0.009781	0.464523	0.525696	
0.010742	0.597800	0.391458	
0.029670	0.184531	0.785800	
0.008597	0.619775	0.371629	
0.006575	0.051232	0.942193	
0.009867	0.617276	0.372857	
0.717639	0.233164	0.049197	
0.046542	0.714102	0.239356	
0.008252	0.431913	0.559835	
0.012450	0.661411	0.326139	
0.406020	0.456008	0.137972	
0.011867	0.628177	0.359956	
0.012700	0.443615	0.543684	
0.022772	0.602747	0.374481	
0.015719	0.415834	0.568447	
0.551740	0.317525	0.130735	
0.019147	0.671545	0.309308	
0.410664	0.365434	0.223902	
0.600516	0.301192	0.098292	
0.096702	0.633293	0.270005	
0.011988	0.596866	0.391146	
0.043591	0.710775	0.245633	
0.314451	0.519722	0.165827	
0.030809	0.594631	0.374560	
0.010652	0.567949	0.421399	
0.015046	0.186792	0.798162	
0.060389	0.199237	0.740375	
0.172171	0.455512	0.372317	
0.263871	0.392096	0.344033	
0.009749	0.181365	0.808886	
0.559757	0.317931	0.122312	
0.010549	0.622826	0.366626	
0.023415	0.295238	0.681347	
0.014143	0.643495	0.342362	
0.056956	0.525141	0.417904	
0.018822	0.467348	0.513830	
0.388359	0.449835	0.161806	
0.020192	0.104643	0.875165	
0.001477	0.019892	0.978631	
0.192335	0.454986	0.352680	
0.011779	0.212469	0.775752	
0.484255	0.361002	0.154743	
0.043177	0.717018	0.239806	
0.047207	0.545686	0.407107	
0.009000	0.112665	0.878335	
0.025696	0.085990	0.888314	
0.011553	0.489438	0.499009	
0.016285	0.470905	0.512810	
0.575907	0.314697	0.109396	
0.040253	0.075087	0.884660	
0.032799	0.183051	0.784150	
0.014906	0.486611	0.498483	
0.053144	0.573683	0.373174	
0.451120	0.361991	0.186889	
0.352267	0.396517	0.251216	
0.564917	0.312247	0.122836	
0.555064	0.329319	0.115616	
0.018652	0.455703	0.525645	
0.027810	0.636214	0.335976	
0.054276	0.159570	0.786154	
0.022874	0.497728	0.479398	
0.349672	0.358737	0.291591	
0.655423	0.276903	0.067674	
0.011645	0.438389	0.549966	
0.629996	0.279237	0.090766	
0.332967	0.413176	0.253857	
0.132735	0.566380	0.300885	
0.691292	0.251355	0.057353	
0.003768	0.051969	0.944263	
0.022094	0.529944	0.447961	
0.013243	0.146364	0.840393	
0.008890	0.445359	0.545751	
0.021953	0.614547	0.363500	
0.528782	0.336260	0.134958	
0.595230	0.309160	0.095610	
0.062034	0.262401	0.675565	
0.020354	0.668040	0.311606	
0.010313	0.508917	0.480770	
0.013454	0.584381	0.402165	
0.115780	0.227178	0.657041	
0.022826	0.551866	0.425308	
0.150494	0.606088	0.243418	
0.045008	0.197337	0.757654	
0.009805	0.476602	0.513594	
0.003780	0.041411	0.954809	
0.002929	0.030753	0.966317	
0.649415	0.277265	0.073320	
0.028675	0.212144	0.759181	
0.081240	0.402850	0.515910	
0.466492	0.354364	0.179144	
0.011591	0.464386	0.524023	
0.008693	0.289461	0.701846	
0.009466	0.601720	0.388814	
0.022290	0.569475	0.408235	
0.044030	0.300034	0.655935	
0.482735	0.338244	0.179021	
0.029708	0.549825	0.420467	
0.010246	0.304659	0.685095	
0.259145	0.470364	0.270491	
0.014700	0.097052	0.888249	
0.038136	0.259407	0.702457	
0.112579	0.557789	0.329632	
0.054506	0.666276	0.279218	
0.014180	0.141144	0.844675	
0.239419	0.273563	0.487017	
0.011018	0.301914	0.687068	
0.009964	0.577896	0.412140	
0.543493	0.326161	0.130346	
0.069944	0.617120	0.312936	
0.008872	0.341813	0.649315	
0.046401	0.131436	0.822163	
0.316941	0.456897	0.226163	
0.008566	0.369235	0.622199	
0.004358	0.058281	0.937361	
0.167673	0.637624	0.194703	
0.024050	0.331744	0.644205	
0.387716	0.443415	0.168869	
0.011711	0.711384	0.276906	
0.016778	0.277006	0.706216	
0.490606	0.349185	0.160210	
0.002744	0.031148	0.966109	
0.351284	0.455118	0.193597	
0.019080	0.420278	0.560642	
0.521338	0.353250	0.125412	
0.206833	0.564590	0.228577	
0.732974	0.224531	0.042495	
0.051791	0.525935	0.422275	
0.008063	0.346314	0.645623	
0.019267	0.653020	0.327713	
0.592151	0.327860	0.079989	
0.063483	0.421676	0.514841	
0.335608	0.417268	0.247124	
0.189192	0.413205	0.397602	
0.266492	0.543522	0.189986	
0.008576	0.307131	0.684293	
0.110934	0.157606	0.731460	
0.008610	0.503481	0.487909	
0.001653	0.019650	0.978698	
0.663559	0.269308	0.067133	
0.060037	0.627535	0.312428	
0.007768	0.227142	0.765090	
0.007072	0.059170	0.933759	
0.046123	0.208401	0.745477	
0.575778	0.332180	0.092041	
0.520239	0.333580	0.146181	
0.009493	0.473807	0.516700	
0.043355	0.217854	0.738790	
0.002259	0.023914	0.973827	
0.328157	0.465392	0.206450	
0.274126	0.513543	0.212331	
0.008211	0.128890	0.862899	
0.361837	0.344570	0.293593	
0.275465	0.358225	0.366310	
0.027437	0.088174	0.884389	
0.011564	0.102280	0.886157	
0.509485	0.346866	0.143649	
0.051168	0.595451	0.353381	
0.000261	0.004165	0.995575	
0.589923	0.292258	0.117819	
0.101171	0.524828	0.374001	
0.000255	0.006572	0.993172	
0.007800	0.142892	0.849308	
0.334193	0.205866	0.459941	
0.145529	0.562591	0.291880	
0.022609	0.217889	0.759502	
0.412176	0.336559	0.251265	
0.026996	0.173806	0.799198	
0.518274	0.347443	0.134283	
0.009253	0.102892	0.887856	
0.001974	0.021188	0.976839	
0.010655	0.087113	0.902232	
0.044970	0.642996	0.312034	
0.001273	0.027467	0.971260	
0.004720	0.055955	0.939326	
0.478423	0.363524	0.158053	
0.051335	0.694847	0.253818	
0.714652	0.228222	0.057125	
0.003665	0.051085	0.945250	
0.006499	0.089491	0.904010	
0.008960	0.436616	0.554424	
0.165852	0.605398	0.228750	
0.011069	0.470727	0.518204	
0.000636	0.017476	0.981888	
0.047848	0.216023	0.736129	
0.685228	0.257784	0.056988	
0.078456	0.530905	0.390640	
0.008837	0.424112	0.567050	
0.088800	0.544556	0.366644	
0.307980	0.461248	0.230773	
0.793665	0.179455	0.026880	
0.014708	0.147336	0.837956	
0.043353	0.636701	0.319946	
0.447454	0.357173	0.195373	
0.255375	0.375869	0.368756	
0.042612	0.192566	0.764821	
0.391770	0.434129	0.174101	
0.011656	0.175249	0.813095	
0.386647	0.368214	0.245139	
0.009518	0.496175	0.494306	
0.044167	0.476261	0.479571	
0.497336	0.349724	0.152940	
0.397340	0.460663	0.141997	
0.001468	0.012849	0.985683	
0.057634	0.585882	0.356484	
0.640337	0.285754	0.073910	
0.014759	0.055389	0.929852	
0.309339	0.559020	0.131641	
0.072340	0.224217	0.703443	
0.026518	0.745067	0.228416	
0.447328	0.425283	0.127388	
0.010319	0.648918	0.340764	
0.128689	0.603565	0.267746	
0.568905	0.331168	0.099927	
0.401953	0.494779	0.103268	
0.191423	0.630395	0.178183	
0.375103	0.504047	0.120849	
0.445029	0.428002	0.126969	
0.313650	0.534457	0.151893	
0.009349	0.274102	0.716549	
0.605123	0.335174	0.059703	
0.631711	0.309598	0.058691	
0.654175	0.287979	0.057846	
0.006596	0.066512	0.926892	
0.056166	0.662886	0.280948	
0.499407	0.349312	0.151281	
0.639374	0.303875	0.056752	
0.025919	0.678896	0.295185	
0.433344	0.322490	0.244167	
0.512152	0.378445	0.109403	
0.602676	0.328723	0.068601	
0.251323	0.361579	0.387099	
0.139367	0.725199	0.135434	
0.093025	0.297984	0.608991	
0.067794	0.573181	0.359025	
0.656411	0.276895	0.066694	
0.299876	0.357201	0.342924	
0.502968	0.419772	0.077260	
0.012193	0.199229	0.788578	
0.401644	0.470702	0.127653	
0.777477	0.195866	0.026657	
0.661074	0.289339	0.049587	
0.447040	0.365192	0.187769	
0.011190	0.513350	0.475460	
0.009808	0.665477	0.324714	
0.008395	0.490132	0.501473	
0.279925	0.568163	0.151912	
0.020128	0.705176	0.274696	
0.173257	0.505424	0.321319	
0.007808	0.495143	0.497049	
0.038660	0.706418	0.254921	
0.398358	0.304418	0.297224	
0.096157	0.659737	0.244105	
0.397927	0.324368	0.277705	
0.143643	0.667584	0.188773	
0.014400	0.175601	0.809999	
0.289737	0.605294	0.104969	
0.009568	0.573081	0.417351	
0.221470	0.569785	0.208745	
0.232406	0.376210	0.391384	
0.055627	0.783874	0.160499	
0.000799	0.013287	0.985914	
0.014878	0.650683	0.334438	
0.001627	0.027654	0.970720	
0.010857	0.676528	0.312614	
0.624699	0.285989	0.089312	
0.010478	0.251241	0.738281	
0.016054	0.627165	0.356781	
0.033237	0.669405	0.297358	
0.497554	0.374766	0.127680	
0.419819	0.423475	0.156705	
0.023604	0.415201	0.561195	
0.311502	0.527620	0.160878	
0.035431	0.662397	0.302172	
0.031109	0.686594	0.282296	
0.492568	0.432899	0.074533	
0.306492	0.227002	0.466507	
0.008987	0.620631	0.370382	
0.513503	0.364046	0.122450	
0.175889	0.677089	0.147022	
0.011038	0.135012	0.853949	
0.078843	0.165924	0.755234	
0.001598	0.027589	0.970814	
0.540318	0.368122	0.091560	
0.010125	0.650012	0.339863	
0.388689	0.501559	0.109751	
0.014091	0.122822	0.863087	
0.020914	0.735192	0.243894	
0.639381	0.298021	0.062598	
0.616265	0.288447	0.095288	
0.031077	0.337311	0.631612	
0.428203	0.427119	0.144678	
0.007330	0.316078	0.676591	
0.558629	0.331533	0.109838	
0.306896	0.501140	0.191964	
0.024540	0.710933	0.264527	
0.575307	0.332750	0.091942	
0.004822	0.100246	0.894932	
0.455379	0.369672	0.174950	
0.611891	0.283294	0.104815	
0.001784	0.019489	0.978726	
0.010462	0.459873	0.529665	
0.021690	0.511452	0.466858	
0.658384	0.270535	0.071081	
0.015243	0.404914	0.579843	
0.027670	0.568828	0.403501	
0.014925	0.169198	0.815877	
0.290609	0.352572	0.356819	
0.597455	0.302172	0.100373	
0.175978	0.247247	0.576775	
0.018961	0.636180	0.344859	
0.015330	0.221652	0.763018	
0.022703	0.579391	0.397906	
0.296456	0.487678	0.215865	
0.220954	0.477431	0.301615	
0.588115	0.281642	0.130243	
0.009594	0.268871	0.721536	
0.634708	0.274108	0.091185	
0.021495	0.425500	0.553005	
0.110416	0.650627	0.238957	
0.405876	0.407800	0.186324	
0.252959	0.579509	0.167533	
0.447690	0.351442	0.200868	
0.231058	0.235533	0.533409	
0.003173	0.030626	0.966201	
0.025288	0.549022	0.425690	
0.009845	0.427936	0.562219	
0.005269	0.070454	0.924277	
0.015002	0.430109	0.554890	
0.315835	0.367187	0.316979	
0.011111	0.262265	0.726623	
0.189549	0.477162	0.333289	
0.008957	0.208055	0.782988	
0.012972	0.416599	0.570429	
0.031050	0.286460	0.682490	
0.001328	0.012495	0.986177	
0.723114	0.239981	0.036905	
0.027998	0.228600	0.743402	
0.013359	0.454466	0.532176	
0.657072	0.257354	0.085574	
0.684712	0.246262	0.069026	
0.011382	0.343187	0.645431	
0.014093	0.116596	0.869311	
0.007565	0.461536	0.530898	
0.016172	0.318804	0.665024	
0.005433	0.055248	0.939319	
0.364111	0.480729	0.155160	
0.510035	0.345084	0.144882	
0.007951	0.606324	0.385725	
0.126333	0.598740	0.274927	
0.010716	0.325531	0.663753	
0.115699	0.689472	0.194829	
0.000397	0.007001	0.992601	
0.002475	0.021479	0.976046	
0.366129	0.424824	0.209047	
0.006178	0.100508	0.893313	
0.506489	0.375141	0.118370	
0.013619	0.297980	0.688400	
0.012501	0.589245	0.398255	
0.001594	0.024060	0.974346	
0.013942	0.503739	0.482319	
0.340980	0.381406	0.277613	
0.011553	0.418619	0.569828	
0.011671	0.498909	0.489420	
0.001694	0.017093	0.981213	
0.014157	0.683161	0.302682	
0.010286	0.650886	0.338828	
0.018894	0.628270	0.352836	
0.012980	0.457796	0.529223	
0.017448	0.160568	0.821984	
0.496128	0.368975	0.134897	
0.008732	0.331437	0.659832	
0.010937	0.629539	0.359524	
0.013965	0.683968	0.302066	
0.430623	0.402062	0.167315	
0.482177	0.411053	0.106770	
0.009712	0.433016	0.557272	
0.010130	0.494811	0.495059	
0.008450	0.095496	0.896054	
0.307041	0.535672	0.157287	
0.004003	0.064407	0.931590	
0.805779	0.143039	0.051181	
0.020675	0.260551	0.718774	
0.009195	0.511690	0.479115	
0.281685	0.354242	0.364073	
0.000295	0.007796	0.991909	
0.007900	0.410706	0.581394	
0.584365	0.178394	0.237241	
0.390226	0.233358	0.376416	
0.051422	0.748336	0.200241	
0.010384	0.376003	0.613614	
0.200699	0.400741	0.398560	
0.019542	0.235993	0.744465	
0.008021	0.094695	0.897284	
0.122767	0.575132	0.302100	
0.172455	0.660412	0.167133	
0.021093	0.331756	0.647151	
0.607480	0.294695	0.097825	
0.031093	0.527606	0.441300	
0.010479	0.732420	0.257101	
0.004436	0.044905	0.950659	
0.063784	0.738164	0.198052	
0.349937	0.539996	0.110067	
0.074324	0.789085	0.136591	
0.295496	0.601452	0.103051	
0.009916	0.340791	0.649293	
0.009301	0.429706	0.560994	
0.015773	0.146937	0.837290	
0.058388	0.647356	0.294256	
0.720619	0.232240	0.047141	
0.488268	0.370627	0.141105	
0.238879	0.332488	0.428632	
0.000720	0.014368	0.984911	
0.682683	0.260844	0.056473	
0.013126	0.194854	0.792020	
0.456715	0.350066	0.193219	
0.018978	0.499411	0.481612	
0.151913	0.592785	0.255301	
0.018305	0.586905	0.394790	
0.009349	0.617946	0.372705	
0.517151	0.388777	0.094072	
0.190440	0.691007	0.118552	
0.010257	0.394653	0.595090	
0.570543	0.332224	0.097232	
0.483966	0.405020	0.111013	
0.003843	0.048027	0.948130	
0.477741	0.388673	0.133586	
0.767212	0.211061	0.021727	
0.771246	0.201455	0.027299	
0.661652	0.244507	0.093841	
0.014922	0.671986	0.313092	
0.010594	0.648669	0.340737	
0.000224	0.004120	0.995656	
0.008821	0.501169	0.490010	
0.498909	0.397871	0.103220	
0.199718	0.655999	0.144283	
0.031499	0.131475	0.837026	
0.014063	0.204525	0.781412	
0.035608	0.462825	0.501567	
0.676545	0.256126	0.067329	
0.009518	0.302203	0.688280	
0.019873	0.163520	0.816607	
0.018532	0.671682	0.309787	
0.268988	0.519217	0.211795	
0.017644	0.763438	0.218918	
0.621556	0.313934	0.064510	
0.615102	0.298919	0.085979	
0.009606	0.539903	0.450491	
0.007892	0.281336	0.710773	
0.582624	0.321836	0.095539	
0.585177	0.322254	0.092569	
0.009262	0.640845	0.349893	
0.393032	0.530305	0.076663	
0.075137	0.663475	0.261388	
0.002934	0.020425	0.976641	
0.022681	0.431876	0.545444	
0.361194	0.332903	0.305904	
0.039904	0.179047	0.781049	
0.009111	0.627038	0.363852	
0.009390	0.650475	0.340136	
0.009293	0.601831	0.388876	
0.010092	0.505497	0.484411	
0.007902	0.542772	0.449326	
0.416048	0.468298	0.115654	
0.354684	0.412208	0.233109	
0.045389	0.484493	0.470118	
0.194360	0.661936	0.143704	
0.013846	0.388247	0.597907	
0.448249	0.359617	0.192134	
0.009801	0.542038	0.448161	
0.471679	0.377823	0.150498	
0.667284	0.265993	0.066722	
0.346205	0.364240	0.289555	
0.000181	0.004749	0.995070	
0.008678	0.631337	0.359985	
0.192006	0.648047	0.159947	
0.014116	0.039423	0.946461	
0.008845	0.072591	0.918564	
0.372947	0.308266	0.318786	
0.000253	0.008382	0.991365	
0.002673	0.020557	0.976770	
0.002006	0.017246	0.980748	
0.041793	0.387801	0.570406	
0.008838	0.091155	0.900007	
0.010304	0.455250	0.534445	
0.000218	0.006188	0.993594	
0.001441	0.015575	0.982984	
0.009247	0.410030	0.580723	
0.008713	0.323083	0.668204	
0.529029	0.292161	0.178810	
0.000393	0.007104	0.992503	
0.036311	0.345301	0.618387	
0.000910	0.013068	0.986022	
0.055895	0.462073	0.482031	
0.108458	0.511254	0.380288	
0.023194	0.204015	0.772791	
0.599002	0.276746	0.124252	
0.044741	0.275716	0.679543	
0.000175	0.004353	0.995472	
0.077233	0.470886	0.451881	
0.558778	0.312181	0.129041	
0.011179	0.462509	0.526312	
0.082330	0.414592	0.503078	
0.009188	0.204799	0.786012	
0.010138	0.496830	0.493032	
0.008949	0.122115	0.868936	
0.475650	0.352038	0.172312	
0.007775	0.156870	0.835355	
0.022950	0.123006	0.854044	
0.140764	0.268623	0.590613	
0.009665	0.490971	0.499364	
0.017131	0.185669	0.797200	
0.013809	0.500246	0.485945	
0.016019	0.532581	0.451399	
0.014582	0.492507	0.492911	
0.008426	0.080374	0.911200	
0.014205	0.263712	0.722082	
0.226159	0.494789	0.279052	
0.006233	0.082825	0.910942	
0.007439	0.553633	0.438928	
0.105795	0.288789	0.605416	
0.019559	0.425161	0.555280	
0.032270	0.220566	0.747163	
0.337657	0.404525	0.257818	
0.010946	0.568306	0.420748	
0.410614	0.374341	0.215045	
0.000542	0.011078	0.988380	
0.010854	0.261340	0.727806	
0.201673	0.571974	0.226354	
0.321879	0.356147	0.321975	
0.062540	0.190020	0.747440	
0.016507	0.182774	0.800718	
0.482388	0.360247	0.157365	
0.452291	0.365586	0.182123	
0.324590	0.332883	0.342527	
0.016204	0.236795	0.747001	
0.565410	0.329938	0.104652	
0.013978	0.411837	0.574185	
0.009139	0.142278	0.848583	
0.007627	0.117192	0.875181	
0.009367	0.607156	0.383477	
0.016367	0.533436	0.450198	
0.691764	0.238260	0.069976	
0.059590	0.545304	0.395106	
0.069731	0.588720	0.341549	
0.520247	0.345690	0.134063	
0.047032	0.274015	0.678954	
0.043204	0.245794	0.711002	
0.452450	0.400514	0.147036	
0.463424	0.354474	0.182103	
0.498010	0.319926	0.182064	
0.016525	0.551652	0.431824	
0.009683	0.178415	0.811902	
0.008256	0.552776	0.438969	
0.457009	0.347436	0.195554	
0.060867	0.473730	0.465404	
0.022361	0.518893	0.458746	
0.010407	0.540907	0.448686	
0.660404	0.261124	0.078472	
0.003189	0.117918	0.878893	
0.003984	0.039755	0.956261	
0.022740	0.405588	0.571672	
0.000750	0.011621	0.987629	
0.008063	0.385895	0.606042	
0.004370	0.054587	0.941043	
0.004558	0.047319	0.948123	
0.505096	0.332182	0.162722	
0.012432	0.101173	0.886395	
0.015073	0.148969	0.835957	
0.445251	0.369046	0.185703	
0.007917	0.089698	0.902385	
0.040413	0.247078	0.712509	
0.053680	0.302672	0.643648	
0.338282	0.321769	0.339948	
0.036158	0.153808	0.810034	
0.014143	0.221280	0.764578	
0.011814	0.562841	0.425345	
0.015403	0.215736	0.768861	
0.494523	0.343014	0.162462	
0.541169	0.339425	0.119407	
0.009500	0.558320	0.432180	
0.007443	0.105405	0.887152	
0.009340	0.524977	0.465683	
0.008155	0.359042	0.632803	
0.054575	0.158348	0.787076	
0.003822	0.061850	0.934328	
0.033461	0.397341	0.569198	
0.007307	0.306005	0.686687	
0.015695	0.484359	0.499946	
0.097366	0.260382	0.642252	
0.465000	0.332049	0.202951	
0.026766	0.181325	0.791909	
0.011650	0.686990	0.301359	
0.009216	0.112912	0.877872	
0.008739	0.547027	0.444234	
0.022314	0.142327	0.835359	
0.004799	0.066144	0.929057	
0.497553	0.321678	0.180770	
0.009378	0.309128	0.681493	
0.107481	0.145630	0.746889	
0.007288	0.091710	0.901002	
0.094745	0.278776	0.626479	
0.009634	0.067292	0.923074	
0.008119	0.050784	0.941097	
0.008321	0.421294	0.570385	
0.000288	0.004305	0.995407	
0.372261	0.443614	0.184126	
0.002972	0.051169	0.945859	
0.003353	0.065271	0.931376	
0.011671	0.118476	0.869853	
0.013036	0.511684	0.475280	
0.003602	0.026686	0.969712	
0.009950	0.452431	0.537618	
0.365858	0.447578	0.186564	
0.035402	0.424976	0.539622	
0.003834	0.047938	0.948228	
0.021335	0.422591	0.556074	
0.015964	0.118666	0.865370	
0.205112	0.284398	0.510491	
0.018008	0.147541	0.834451	
0.338221	0.402933	0.258846	
0.013574	0.244101	0.742325	
0.005495	0.065748	0.928757	
0.149447	0.382280	0.468274	
0.008599	0.199289	0.792112	
0.020766	0.114848	0.864386	
0.001630	0.024144	0.974226	
0.004770	0.024741	0.970489	
0.296009	0.357470	0.346521	
