0.240207	0.570920	0.188874	
0.191026	0.536177	0.272797	
0.029495	0.132731	0.837775	
0.008419	0.426052	0.565529	
0.010036	0.660739	0.329226	
0.040050	0.588463	0.371486	
0.032524	0.502920	0.464555	
0.289975	0.386794	0.323231	
0.038747	0.686474	0.274779	
0.546442	0.330527	0.123031	
0.044158	0.322076	0.633766	
0.008944	0.536415	0.454640	
0.011293	0.623960	0.364747	
0.016459	0.081335	0.902206	
0.010150	0.734999	0.254851	
0.102349	0.307428	0.590223	
0.008641	0.539961	0.451398	
0.010808	0.470401	0.518791	
0.389173	0.419377	0.191450	
0.067642	0.578534	0.353824	
0.011583	0.556048	0.432369	
0.474996	0.278620	0.246383	
0.320685	0.385955	0.293360	
0.006451	0.088159	0.905390	
0.013492	0.382848	0.603660	
0.008365	0.522277	0.469357	
0.009785	0.582632	0.407583	
0.012015	0.675043	0.312943	
0.376597	0.466040	0.157363	
0.510885	0.346542	0.142573	
0.004010	0.051292	0.944698	
0.600139	0.287615	0.112246	
0.463176	0.394825	0.142000	
0.002443	0.049760	0.947798	
0.025038	0.559381	0.415580	
0.525283	0.347245	0.127472	
0.177961	0.608826	0.213213	
0.008101	0.599463	0.392436	
0.330456	0.354171	0.315373	
0.104461	0.523797	0.371742	
0.016755	0.603820	0.379426	
0.464542	0.350878	0.184580	
0.010116	0.603207	0.386677	
0.011579	0.694044	0.294377	
0.514124	0.330958	0.154918	
0.607234	0.302587	0.090179	
0.278626	0.228883	0.492490	
0.110015	0.668913	0.221072	
0.606166	0.324948	0.068886	
0.490427	0.412556	0.097016	
0.504603	0.324047	0.171350	
0.024114	0.293973	0.681913	
0.021106	0.334092	0.644801	
0.011976	0.137814	0.850209	
0.222148	0.590118	0.187734	
0.021030	0.627087	0.351883	
0.029463	0.529136	0.441402	
0.066311	0.561175	0.372514	
0.304498	0.400408	0.295094	
0.555357	0.307562	0.137081	
0.009219	0.075387	0.915395	
0.067430	0.707561	0.225010	
0.002571	0.031744	0.965685	
0.010915	0.469068	0.520018	
0.035771	0.621032	0.343197	
0.009074	0.593271	0.397655	
0.158627	0.482598	0.358775	
0.008666	0.269983	0.721351	
0.019905	0.490298	0.489797	
0.546522	0.313502	0.139976	
0.009509	0.614006	0.376485	
0.019558	0.603292	0.377150	
0.010837	0.559979	0.429183	
0.593381	0.309547	0.097072	
0.520455	0.341757	0.137788	
0.007360	0.367425	0.625215	
0.011053	0.545395	0.443552	
0.117129	0.251325	0.631546	
0.007615	0.473659	0.518726	
0.009914	0.656743	0.333343	
0.022900	0.301171	0.675929	
0.092013	0.621817	0.286169	
0.521636	0.362776	0.115588	
0.008100	0.407748	0.584152	
0.084937	0.677963	0.237101	
0.010924	0.468128	0.520948	
0.025931	0.199390	0.774678	
0.460584	0.400208	0.139208	
0.020958	0.490289	0.488753	
0.014234	0.113252	0.872514	
0.011664	0.560183	0.428153	
0.002216	0.035278	0.962506	
0.026271	0.652949	0.320780	
0.443679	0.385532	0.170789	
0.010074	0.160708	0.829219	
0.010651	0.496360	0.492989	
0.180951	0.495580	0.323469	
0.016564	0.098352	0.885084	
0.013345	0.335640	0.651015	
0.529469	0.341791	0.128740	
0.464849	0.374954	0.160197	
0.007227	0.395674	0.597099	
0.007909	0.096212	0.895878	
0.009710	0.610104	0.380185	
0.029570	0.495581	0.474849	
0.008798	0.452685	0.538517	
0.290519	0.370743	0.338738	
0.006411	0.190233	0.803357	
0.033833	0.274740	0.691427	
0.009674	0.651121	0.339205	
0.400375	0.402828	0.196797	
0.621684	0.280537	0.097780	
0.019547	0.281247	0.699206	
0.005651	0.058832	0.935517	
0.015859	0.496779	0.487362	
0.011528	0.649072	0.339400	
0.009244	0.601169	0.389587	
0.008061	0.271314	0.720625	
0.102796	0.329550	0.567653	
0.019671	0.484375	0.495954	
0.010477	0.273933	0.715591	
0.012129	0.552319	0.435552	
0.051726	0.485242	0.463032	
0.010493	0.392902	0.596605	
0.005317	0.046132	0.948550	
0.012011	0.506285	0.481704	
0.657623	0.273380	0.068997	
0.279285	0.362851	0.357863	
0.009385	0.521499	0.469116	
0.002733	0.024878	0.972389	
0.010113	0.090482	0.899405	
0.008961	0.520427	0.470611	
0.013268	0.449498	0.537234	
0.011174	0.441366	0.547460	
0.009322	0.449179	0.541498	
0.014514	0.157713	0.827773	
0.021445	0.640559	0.337996	
0.003910	0.064447	0.931643	
0.002879	0.040820	0.956301	
0.283973	0.374165	0.341862	
0.008880	0.597284	0.393836	
0.009768	0.247793	0.742439	
0.266095	0.389068	0.344836	
0.008163	0.131881	0.859956	
0.015724	0.317839	0.666437	
0.010981	0.379398	0.609622	
0.020357	0.372337	0.607306	
0.491341	0.352475	0.156185	
0.039663	0.567203	0.393135	
0.620974	0.258711	0.120315	
0.011504	0.251027	0.737468	
0.012519	0.579614	0.407867	
0.008535	0.589119	0.402345	
0.009293	0.450408	0.540299	
0.010106	0.457800	0.532094	
0.108339	0.165056	0.726606	
0.008305	0.502896	0.488799	
0.009495	0.547416	0.443089	
0.012795	0.191477	0.795728	
0.004438	0.068619	0.926943	
0.366245	0.397414	0.236341	
0.009934	0.258667	0.731399	
0.009531	0.523512	0.466957	
0.047463	0.398155	0.554382	
0.008386	0.482321	0.509293	
0.146411	0.344079	0.509510	
0.008565	0.107300	0.884135	
0.004157	0.034294	0.961549	
0.600485	0.306329	0.093186	
0.009676	0.518390	0.471934	
0.291947	0.314026	0.394027	
0.009543	0.511824	0.478633	
0.008771	0.111077	0.880152	
0.157512	0.327016	0.515472	
0.008476	0.441449	0.550075	
0.168313	0.610960	0.220727	
0.008263	0.384117	0.607620	
0.007415	0.219421	0.773164	
0.021016	0.595891	0.383093	
0.009134	0.510568	0.480298	
0.001468	0.012849	0.985683	
0.009065	0.389967	0.600968	
0.026488	0.377477	0.596036	
0.030185	0.599124	0.370691	
0.436623	0.361535	0.201843	
0.037125	0.703174	0.259701	
0.014768	0.726469	0.258763	
0.012541	0.454647	0.532812	
0.006899	0.305675	0.687426	
0.007659	0.311022	0.681319	
0.470152	0.394284	0.135565	
0.014749	0.648299	0.336953	
0.730409	0.234254	0.035337	
0.306319	0.321434	0.372248	
0.069015	0.241885	0.689100	
0.057803	0.659476	0.282721	
0.058861	0.624782	0.316357	
0.012699	0.435141	0.552160	
0.392194	0.503390	0.104416	
0.061984	0.697055	0.240960	
0.012889	0.558651	0.428460	
0.011794	0.607060	0.381146	
0.009065	0.516846	0.474089	
0.015729	0.214188	0.770083	
0.006002	0.075340	0.918658	
0.012687	0.409923	0.577390	
0.003935	0.043723	0.952343	
0.043798	0.715446	0.240756	
0.307876	0.242790	0.449334	
0.562735	0.296836	0.140429	
0.020755	0.698070	0.281175	
0.022008	0.109723	0.868269	
0.042801	0.510846	0.446353	
0.010726	0.168048	0.821226	
0.008599	0.524306	0.467095	
0.015554	0.089915	0.894531	
0.008596	0.373650	0.617754	
0.099717	0.669356	0.230927	
0.148027	0.639780	0.212194	
0.047125	0.556756	0.396120	
0.443877	0.344255	0.211868	
0.002224	0.026864	0.970911	
0.002535	0.037848	0.959616	
0.246177	0.542250	0.211574	
0.009091	0.451632	0.539277	
0.003048	0.044233	0.952719	
0.014669	0.657629	0.327702	
0.016923	0.363180	0.619897	
0.420222	0.460727	0.119051	
0.033611	0.634093	0.332296	
0.031151	0.678350	0.290499	
0.009148	0.510814	0.480038	
0.014242	0.649435	0.336323	
0.193355	0.633620	0.173025	
0.268406	0.540998	0.190595	
0.574703	0.317769	0.107528	
0.022842	0.590187	0.386971	
0.034863	0.612530	0.352607	
0.016399	0.656157	0.327444	
0.034011	0.663182	0.302807	
0.003301	0.063050	0.933649	
0.010036	0.574748	0.415216	
0.011245	0.598034	0.390721	
0.006288	0.062402	0.931309	
0.010847	0.651179	0.337974	
0.009549	0.565317	0.425134	
0.016350	0.390423	0.593226	
0.043920	0.692380	0.263700	
0.321516	0.429244	0.249239	
0.794848	0.175208	0.029944	
0.114342	0.519218	0.366440	
0.010060	0.582716	0.407224	
0.376280	0.372920	0.250800	
0.040951	0.396572	0.562477	
0.003268	0.036530	0.960202	
0.099043	0.369701	0.531256	
0.087008	0.667212	0.245780	
0.021371	0.553171	0.425458	
0.394054	0.395433	0.210513	
0.017457	0.368502	0.614041	
0.148456	0.625323	0.226220	
0.004496	0.070330	0.925174	
0.220144	0.563191	0.216664	
0.011767	0.478571	0.509662	
0.001904	0.045364	0.952731	
0.035292	0.569708	0.395000	
0.009609	0.691649	0.298742	
0.009894	0.588321	0.401785	
0.011100	0.088505	0.900395	
0.147167	0.608249	0.244584	
0.025550	0.678583	0.295867	
0.053345	0.162934	0.783722	
0.123303	0.579132	0.297565	
0.050067	0.712279	0.237654	
0.263407	0.546537	0.190057	
0.008132	0.096512	0.895355	
0.011250	0.147368	0.841381	
0.078169	0.298862	0.622969	
0.582697	0.268345	0.148958	
0.543750	0.327980	0.128270	
0.143631	0.360823	0.495546	
0.029782	0.613962	0.356256	
0.659066	0.245565	0.095369	
0.011149	0.098441	0.890410	
0.111591	0.639317	0.249092	
0.204546	0.187142	0.608312	
0.006252	0.117147	0.876601	
0.271065	0.547729	0.181206	
0.633795	0.283320	0.082885	
0.009445	0.446618	0.543937	
0.110995	0.627291	0.261714	
0.535089	0.339740	0.125171	
0.512434	0.344789	0.142777	
0.000954	0.015293	0.983753	
0.417584	0.376011	0.206406	
0.010474	0.597566	0.391960	
0.108952	0.143684	0.747364	
0.512874	0.327887	0.159239	
0.265584	0.520876	0.213540	
0.012551	0.671997	0.315452	
0.091049	0.687536	0.221415	
0.682218	0.248892	0.068890	
0.047326	0.675388	0.277286	
0.009921	0.065817	0.924261	
0.011054	0.073096	0.915850	
0.011650	0.482343	0.506007	
0.587357	0.293220	0.119423	
0.543000	0.322474	0.134525	
0.020701	0.225618	0.753680	
0.659266	0.273309	0.067424	
0.861376	0.124154	0.014470	
0.602033	0.311578	0.086388	
0.748083	0.209993	0.041923	
0.864622	0.122162	0.013216	
0.059258	0.336629	0.604113	
0.508972	0.370444	0.120584	
0.009249	0.600412	0.390339	
0.490944	0.352488	0.156567	
0.031521	0.551592	0.416888	
0.447179	0.422032	0.130789	
0.048547	0.695711	0.255742	
0.034949	0.626268	0.338783	
0.025411	0.688372	0.286217	
0.045453	0.259788	0.694760	
0.745287	0.204014	0.050699	
0.323871	0.521375	0.154754	
0.615445	0.311650	0.072905	
0.616062	0.308951	0.074987	
0.251425	0.423234	0.325341	
0.792804	0.184588	0.022607	
0.706988	0.209110	0.083902	
0.036950	0.704910	0.258140	
0.665492	0.274941	0.059567	
0.378679	0.460328	0.160993	
0.008758	0.344110	0.647132	
0.590542	0.315011	0.094447	
0.340902	0.439520	0.219578	
0.087831	0.582892	0.329277	
0.622476	0.267082	0.110443	
0.087653	0.379265	0.533082	
0.039513	0.181764	0.778723	
0.009643	0.140707	0.849650	
0.400529	0.455296	0.144174	
0.254446	0.450531	0.295023	
0.526027	0.304177	0.169796	
0.009932	0.547374	0.442694	
0.046707	0.702328	0.250965	
0.463779	0.385190	0.151030	
0.081295	0.198946	0.719759	
0.138649	0.633486	0.227864	
0.161175	0.541537	0.297289	
0.498091	0.358343	0.143566	
0.348760	0.424099	0.227142	
0.514428	0.355946	0.129626	
0.002067	0.050816	0.947117	
0.068823	0.615818	0.315358	
0.115655	0.558784	0.325561	
0.157004	0.184509	0.658487	
0.100263	0.378099	0.521639	
0.073653	0.678484	0.247863	
0.020220	0.228733	0.751047	
0.036084	0.580839	0.383077	
0.007850	0.275767	0.716383	
0.009853	0.390940	0.599207	
0.010521	0.186408	0.803071	
0.323055	0.349040	0.327904	
0.020842	0.195680	0.783478	
0.251736	0.428944	0.319319	
0.012219	0.324141	0.663640	
0.624882	0.290580	0.084538	
0.178627	0.324500	0.496873	
0.008381	0.154270	0.837349	
0.006238	0.066341	0.927421	
0.480984	0.308442	0.210574	
0.013419	0.118345	0.868236	
0.006766	0.059841	0.933393	
0.022814	0.104731	0.872455	
0.343826	0.338503	0.317672	
0.067329	0.338883	0.593788	
0.071256	0.311923	0.616822	
0.241292	0.278155	0.480553	
0.014135	0.375060	0.610805	
0.005226	0.102961	0.891813	
0.000019	0.000924	0.999057	
0.006986	0.065353	0.927661	
0.013550	0.321156	0.665294	
0.016804	0.304880	0.678316	
0.034012	0.189268	0.776719	
0.024306	0.256324	0.719371	
0.007792	0.113912	0.878296	
0.013256	0.316224	0.670520	
0.792799	0.147108	0.060093	
0.410355	0.382286	0.207359	
0.010845	0.312568	0.676587	
0.057301	0.271779	0.670920	
0.645853	0.276452	0.077695	
0.529713	0.287822	0.182465	
0.490603	0.342380	0.167018	
0.009759	0.410891	0.579349	
0.002482	0.023676	0.973842	
0.022324	0.299643	0.678033	
0.009777	0.102057	0.888166	
0.018942	0.200143	0.780915	
0.012575	0.398394	0.589031	
0.499852	0.311622	0.188526	
0.008889	0.190363	0.800748	
0.009766	0.096775	0.893460	
0.000810	0.015024	0.984166	
0.586132	0.243734	0.170134	
0.015023	0.122069	0.862908	
0.012136	0.309104	0.678760	
0.018182	0.392734	0.589085	
0.012713	0.323269	0.664018	
0.012167	0.351557	0.636276	
0.019783	0.262292	0.717925	
0.630570	0.224498	0.144932	
0.013051	0.403414	0.583534	
0.011655	0.334658	0.653687	
0.492538	0.296611	0.210851	
0.023931	0.404433	0.571636	
0.161989	0.466926	0.371085	
0.043786	0.468813	0.487400	
0.018916	0.195749	0.785336	
0.031745	0.220823	0.747432	
0.091568	0.571433	0.336999	
0.003297	0.053643	0.943060	
0.040699	0.557200	0.402100	
0.008501	0.162127	0.829372	
0.007573	0.179919	0.812509	
0.058147	0.590950	0.350903	
0.020403	0.560350	0.419247	
0.042577	0.088126	0.869297	
0.010382	0.069854	0.919764	
0.010562	0.226244	0.763194	
0.010252	0.240409	0.749339	
0.016110	0.389207	0.594683	
0.007419	0.082037	0.910544	
0.011386	0.516102	0.472512	
0.045304	0.391848	0.562848	
0.343353	0.290492	0.366155	
0.446041	0.369729	0.184230	
0.257470	0.330612	0.411918	
0.001977	0.023886	0.974137	
0.040370	0.369422	0.590208	
0.508918	0.346670	0.144411	
0.010358	0.593644	0.395997	
0.007729	0.093024	0.899247	
0.003637	0.038683	0.957680	
0.004871	0.048553	0.946576	
0.004865	0.081630	0.913505	
0.016297	0.255332	0.728372	
0.015771	0.052410	0.931819	
0.005531	0.067000	0.927469	
0.505853	0.333659	0.160488	
0.017406	0.211420	0.771174	
0.005381	0.043957	0.950662	
0.003061	0.033584	0.963355	
0.013857	0.146327	0.839816	
0.017647	0.349889	0.632464	
0.016430	0.335067	0.648503	
0.002046	0.025450	0.972504	
0.672485	0.252820	0.074695	
0.016125	0.498861	0.485014	
0.008032	0.415153	0.576814	
0.010009	0.596434	0.393556	
0.064861	0.440920	0.494218	
0.018861	0.129369	0.851770	
0.017027	0.341224	0.641749	
0.009910	0.480685	0.509405	
0.389268	0.323240	0.287492	
0.012313	0.180266	0.807420	
0.003508	0.047036	0.949456	
0.039554	0.228346	0.732100	
0.050364	0.585554	0.364082	
0.010779	0.425617	0.563604	
0.017562	0.164201	0.818237	
0.020448	0.095309	0.884243	
0.002535	0.024298	0.973166	
0.170225	0.374586	0.455189	
0.003414	0.033920	0.962666	
0.164639	0.363789	0.471572	
0.009364	0.651379	0.339257	
0.114106	0.185397	0.700497	
0.015804	0.327082	0.657114	
0.098269	0.351875	0.549857	
0.030380	0.357966	0.611654	
0.013033	0.409879	0.577088	
0.014965	0.489221	0.495814	
0.014917	0.672065	0.313018	
0.292100	0.502425	0.205475	
0.003404	0.048257	0.948339	
0.012849	0.123670	0.863481	
0.002553	0.024773	0.972674	
0.039303	0.116081	0.844616	
0.021469	0.152644	0.825887	
0.487028	0.357457	0.155515	
0.374501	0.289088	0.336411	
0.013011	0.152432	0.834557	
0.013607	0.689748	0.296645	
0.012287	0.681982	0.305731	
0.010276	0.607338	0.382386	
0.010850	0.515983	0.473167	
0.017328	0.174827	0.807845	
0.011558	0.621741	0.366701	
0.009713	0.520769	0.469519	
0.011053	0.397522	0.591425	
0.007886	0.229829	0.762284	
0.013477	0.622159	0.364363	
0.011153	0.520051	0.468796	
0.016616	0.633565	0.349819	
0.590537	0.299694	0.109768	
0.417938	0.339828	0.242235	
0.009626	0.386125	0.604249	
0.035781	0.578432	0.385787	
0.005662	0.062224	0.932114	
0.111914	0.317240	0.570846	
0.458120	0.367282	0.174598	
0.727214	0.218055	0.054730	
0.007704	0.414472	0.577824	
0.036281	0.255012	0.708708	
0.014083	0.250104	0.735813	
0.012919	0.042036	0.945044	
0.010618	0.413219	0.576163	
0.750809	0.210555	0.038636	
0.426148	0.346610	0.227243	
0.403652	0.323576	0.272772	
0.029603	0.267149	0.703248	
0.192613	0.269868	0.537519	
0.459803	0.359569	0.180628	
0.594262	0.306574	0.099165	
0.731157	0.224359	0.044484	
0.011612	0.371731	0.616657	
0.211516	0.269505	0.518979	
0.014295	0.287985	0.697720	
0.261782	0.302634	0.435584	
0.629619	0.274776	0.095605	
0.709467	0.235840	0.054693	
0.354969	0.464105	0.180926	
0.046498	0.367482	0.586020	
0.016850	0.655922	0.327228	
0.374918	0.379245	0.245837	
0.805144	0.163136	0.031720	
0.300112	0.559754	0.140134	
0.003586	0.314081	0.682333	
0.505254	0.347714	0.147032	
0.013526	0.464199	0.522276	
0.584844	0.314908	0.100248	
0.013474	0.224055	0.762471	
0.778032	0.184997	0.036970	
0.475036	0.358729	0.166234	
0.743487	0.210993	0.045520	
0.439291	0.405503	0.155206	
0.633744	0.284352	0.081903	
0.564698	0.324978	0.110323	
0.564530	0.322149	0.113321	
0.000948	0.009579	0.989474	
0.411188	0.394239	0.194573	
0.010466	0.330194	0.659341	
0.564164	0.315486	0.120350	
0.544027	0.336933	0.119041	
0.576281	0.302512	0.121207	
0.434652	0.411357	0.153990	
0.034421	0.483490	0.482088	
0.887863	0.104874	0.007262	
0.008116	0.400905	0.590979	
0.696178	0.238819	0.065003	
0.005514	0.164872	0.829614	
0.010695	0.572606	0.416699	
0.015607	0.498863	0.485530	
0.010195	0.244675	0.745130	
0.260598	0.410245	0.329157	
0.565241	0.330483	0.104275	
0.420068	0.392614	0.187319	
0.537796	0.330213	0.131990	
0.013896	0.222074	0.764030	
0.000616	0.010946	0.988438	
0.401868	0.330409	0.267723	
0.027491	0.326463	0.646047	
0.042107	0.079053	0.878839	
0.009817	0.446781	0.543402	
0.009941	0.443976	0.546084	
0.020936	0.612227	0.366837	
0.456187	0.350028	0.193785	
0.011193	0.146617	0.842190	
0.050262	0.419435	0.530304	
0.509864	0.354584	0.135552	
0.579813	0.300691	0.119496	
0.499882	0.366554	0.133564	
0.026284	0.295178	0.678538	
0.002426	0.035962	0.961611	
0.653392	0.283537	0.063070	
0.667834	0.263805	0.068361	
0.205117	0.603922	0.190961	
0.752602	0.204853	0.042545	
0.211968	0.514821	0.273212	
0.347991	0.425739	0.226271	
0.009843	0.359959	0.630198	
0.571070	0.305588	0.123342	
0.598795	0.309196	0.092009	
0.013969	0.405685	0.580346	
0.583063	0.283083	0.133853	
0.009549	0.349645	0.640806	
0.085282	0.434038	0.480679	
0.013419	0.294630	0.691951	
0.285741	0.535948	0.178311	
0.564766	0.329157	0.106077	
0.014489	0.163168	0.822344	
0.240050	0.236424	0.523526	
0.004680	0.074709	0.920611	
0.008692	0.506225	0.485084	
0.000146	0.003165	0.996689	
0.000086	0.002642	0.997272	
0.000856	0.014510	0.984634	
0.008106	0.074127	0.917767	
0.010511	0.298761	0.690728	
0.088486	0.319402	0.592112	
0.004901	0.103642	0.891457	
0.006280	0.041032	0.952689	
0.000731	0.013206	0.986063	
0.004946	0.076733	0.918321	
0.010012	0.155296	0.834692	
0.000955	0.010681	0.988364	
0.051482	0.228345	0.720172	
0.013948	0.153576	0.832476	
0.002338	0.040496	0.957166	
0.538822	0.346221	0.114957	
0.002747	0.042167	0.955086	
0.012846	0.266618	0.720536	
0.001094	0.020448	0.978458	
0.003588	0.069478	0.926934	
0.000401	0.005650	0.993949	
0.004531	0.062121	0.933349	
0.000130	0.003612	0.996258	
0.000165	0.005097	0.994738	
0.076872	0.188358	0.734770	
0.095821	0.290995	0.613184	
0.010829	0.088598	0.900573	
0.009854	0.092994	0.897152	
0.000710	0.009019	0.990271	
0.000894	0.019790	0.979316	
0.718537	0.225766	0.055697	
0.000142	0.005007	0.994851	
0.152935	0.193253	0.653813	
0.014941	0.264241	0.720818	
0.007148	0.037525	0.955327	
0.255824	0.412934	0.331243	
0.204846	0.237289	0.557865	
0.024482	0.146735	0.828783	
0.007098	0.079897	0.913005	
0.000630	0.009325	0.990045	
0.000171	0.003528	0.996301	
0.007190	0.060399	0.932411	
0.297149	0.337945	0.364906	
0.460914	0.202556	0.336530	
0.008178	0.103955	0.887867	
0.005628	0.055048	0.939324	
0.003843	0.058789	0.937369	
0.044438	0.200931	0.754631	
0.000843	0.009131	0.990025	
0.038394	0.044611	0.916995	
0.000868	0.021512	0.977620	
0.013934	0.130567	0.855499	
0.002218	0.029823	0.967960	
0.006321	0.069042	0.924637	
0.008707	0.077798	0.913495	
0.140400	0.260675	0.598925	
0.000505	0.006930	0.992564	
0.003076	0.027701	0.969223	
0.000777	0.014639	0.984584	
0.004146	0.054095	0.941759	
0.000036	0.001211	0.998753	
0.000107	0.002456	0.997436	
0.008649	0.069676	0.921676	
0.007525	0.143864	0.848611	
0.001144	0.037479	0.961378	
0.161261	0.288650	0.550088	
0.009705	0.121288	0.869007	
0.064010	0.257457	0.678532	
0.003855	0.030651	0.965495	
0.000917	0.016786	0.982297	
0.000046	0.001941	0.998013	
0.026082	0.412690	0.561229	
0.005235	0.075123	0.919642	
0.001124	0.024709	0.974166	
0.000322	0.007118	0.992559	
0.011830	0.106875	0.881296	
0.012513	0.201991	0.785497	
0.009831	0.097251	0.892918	
0.017563	0.208042	0.774395	
0.000126	0.003288	0.996585	
0.026658	0.380154	0.593187	
0.494540	0.328236	0.177224	
0.007357	0.497700	0.494942	
0.561381	0.341443	0.097176	
0.299556	0.323490	0.376953	
0.383521	0.261364	0.355115	
0.003873	0.030465	0.965662	
0.025021	0.282455	0.692525	
0.007482	0.097624	0.894895	
0.011447	0.651825	0.336728	
0.009843	0.118596	0.871561	
0.054811	0.651565	0.293624	
0.037542	0.621992	0.340466	
0.182069	0.490855	0.327076	
0.510421	0.338352	0.151227	
0.008908	0.559122	0.431970	
0.029673	0.747115	0.223212	
0.423263	0.407776	0.168961	
0.009801	0.575189	0.415010	
0.018134	0.257984	0.723882	
0.013630	0.698441	0.287929	
0.038026	0.174289	0.787685	
0.006105	0.212454	0.781441	
0.013616	0.380078	0.606306	
0.013219	0.446682	0.540099	
0.012192	0.423344	0.564464	
0.009812	0.657958	0.332230	
0.005063	0.049428	0.945509	
0.009510	0.444521	0.545969	
0.010995	0.486724	0.502281	
0.010405	0.573668	0.415926	
0.349472	0.363849	0.286680	
0.015669	0.502558	0.481773	
0.057512	0.292372	0.650115	
0.026565	0.182758	0.790677	
0.496957	0.401448	0.101595	
0.019080	0.200927	0.779993	
0.023391	0.238806	0.737803	
0.350653	0.370196	0.279151	
0.328844	0.355317	0.315839	
0.008421	0.144442	0.847137	
0.007201	0.070851	0.921948	
0.015361	0.129003	0.855636	
0.597000	0.304764	0.098236	
0.016353	0.097585	0.886062	
0.481462	0.326168	0.192370	
0.588402	0.319690	0.091908	
0.479564	0.336109	0.184327	
0.012806	0.622984	0.364210	
0.087188	0.643484	0.269328	
0.375110	0.398502	0.226388	
0.682448	0.255284	0.062268	
0.673914	0.247314	0.078772	
0.027280	0.450987	0.521733	
0.003928	0.052890	0.943181	
0.032508	0.659168	0.308324	
0.008401	0.521793	0.469805	
0.008223	0.329658	0.662118	
0.068057	0.689750	0.242193	
0.009850	0.253405	0.736745	
0.008946	0.288487	0.702567	
0.250345	0.539617	0.210038	
0.010478	0.425586	0.563936	
0.385345	0.441783	0.172872	
0.308334	0.227847	0.463819	
0.012204	0.119653	0.868142	
0.013991	0.184234	0.801775	
0.358118	0.456486	0.185396	
0.350921	0.491370	0.157709	
0.010144	0.428922	0.560934	
0.050670	0.721818	0.227512	
0.400148	0.225872	0.373980	
0.427337	0.348219	0.224444	
0.588580	0.303928	0.107492	
0.034840	0.376583	0.588577	
0.510829	0.316698	0.172473	
0.013136	0.485358	0.501506	
0.066698	0.133275	0.800028	
0.210672	0.247905	0.541422	
0.232859	0.585552	0.181589	
0.009616	0.491339	0.499046	
0.012753	0.420507	0.566740	
0.663369	0.276848	0.059782	
0.244725	0.610260	0.145015	
0.017776	0.284727	0.697497	
0.008309	0.592331	0.399360	
0.007969	0.401816	0.590215	
0.016042	0.432627	0.551331	
0.101366	0.279654	0.618980	
0.215895	0.455324	0.328781	
0.489893	0.403261	0.106846	
0.474390	0.206346	0.319264	
0.045283	0.652481	0.302237	
0.011553	0.078722	0.909725	
0.542440	0.328557	0.129003	
0.011766	0.121971	0.866262	
0.025760	0.509224	0.465016	
0.581030	0.296445	0.122524	
0.252643	0.517640	0.229717	
0.266807	0.518753	0.214440	
0.065612	0.674245	0.260143	
0.007722	0.289245	0.703033	
0.040654	0.446880	0.512466	
0.494867	0.329332	0.175801	
0.202689	0.173347	0.623964	
0.008497	0.088003	0.903500	
0.348729	0.359824	0.291447	
0.151678	0.622529	0.225792	
0.123046	0.292936	0.584018	
0.225875	0.573161	0.200964	
0.604482	0.314211	0.081307	
0.018169	0.131035	0.850796	
0.029616	0.641935	0.328449	
0.012708	0.434046	0.553246	
0.097922	0.582574	0.319504	
0.564382	0.290397	0.145221	
0.150362	0.228560	0.621077	
0.125322	0.651764	0.222914	
0.298781	0.518200	0.183019	
0.009676	0.259898	0.730427	
0.373832	0.373480	0.252688	
0.014787	0.181101	0.804112	
0.013371	0.643522	0.343107	
0.492563	0.359371	0.148066	
0.023674	0.511645	0.464680	
0.071745	0.180959	0.747295	
0.011667	0.143368	0.844965	
0.015880	0.136539	0.847581	
0.029021	0.614221	0.356758	
0.582794	0.332907	0.084298	
0.015374	0.245809	0.738817	
0.564455	0.314717	0.120828	
0.010677	0.605210	0.384113	
0.009769	0.072261	0.917970	
0.000982	0.013937	0.985081	
0.049540	0.416141	0.534319	
0.031499	0.361578	0.606924	
0.362932	0.340993	0.296075	
0.365888	0.514847	0.119264	
0.000621	0.010168	0.989211	
0.102593	0.261903	0.635503	
0.011182	0.116501	0.872318	
0.374523	0.437805	0.187673	
0.162712	0.250711	0.586577	
0.561417	0.294225	0.144358	
0.119967	0.685596	0.194437	
0.040778	0.719997	0.239225	
0.030081	0.379070	0.590849	
0.355718	0.327223	0.317059	
0.134335	0.342803	0.522862	
0.694303	0.260952	0.044745	
0.017804	0.537214	0.444982	
0.412628	0.447036	0.140336	
0.138683	0.334083	0.527234	
0.624603	0.290907	0.084491	
0.051240	0.113994	0.834766	
0.042408	0.548767	0.408824	
0.622431	0.292270	0.085299	
0.387257	0.348749	0.263994	
0.424134	0.359737	0.216129	
0.236662	0.545527	0.217811	
0.043246	0.147493	0.809260	
0.381891	0.395325	0.222783	
0.201882	0.582035	0.216083	
0.094837	0.127939	0.777224	
0.008279	0.055815	0.935906	
0.008040	0.053115	0.938845	
0.002355	0.023420	0.974226	
0.009484	0.568424	0.422093	
0.011651	0.080332	0.908018	
0.043469	0.566565	0.389966	
0.295591	0.468511	0.235898	
0.678404	0.257989	0.063607	
0.118020	0.416317	0.465664	
0.007402	0.092135	0.900463	
0.008555	0.462189	0.529256	
0.039585	0.467179	0.493235	
0.010196	0.435050	0.554754	
0.026734	0.239388	0.733878	
0.090284	0.422694	0.487022	
0.486392	0.339990	0.173618	
0.011993	0.211025	0.776983	
0.017337	0.267066	0.715597	
0.011442	0.428736	0.559822	
0.008560	0.095005	0.896435	
0.641322	0.274969	0.083709	
0.007869	0.455389	0.536741	
0.008752	0.058905	0.932343	
0.022332	0.313180	0.664488	
0.017335	0.065175	0.917490	
0.009357	0.494048	0.496596	
0.009483	0.304192	0.686325	
0.329073	0.444125	0.226802	
0.009106	0.693039	0.297855	
0.357218	0.334895	0.307887	
0.107962	0.706517	0.185521	
0.199686	0.594359	0.205955	
0.032268	0.449677	0.518055	
0.641069	0.305728	0.053203	
0.223349	0.669113	0.107538	
0.798920	0.176210	0.024870	
0.541361	0.382797	0.075842	
0.636957	0.289448	0.073595	
0.628832	0.295237	0.075930	
0.671846	0.281375	0.046779	
0.738787	0.211648	0.049565	
0.073247	0.710445	0.216308	
0.466394	0.381941	0.151665	
0.692662	0.248393	0.058945	
0.588736	0.300319	0.110945	
0.668094	0.280452	0.051454	
0.055622	0.118595	0.825783	
0.439251	0.445889	0.114859	
0.710566	0.240320	0.049115	
0.400279	0.476463	0.123258	
0.456661	0.403467	0.139872	
0.621128	0.291171	0.087701	
0.237053	0.586537	0.176409	
0.733701	0.243214	0.023085	
0.740475	0.215283	0.044242	
0.485353	0.399279	0.115368	
0.016721	0.068812	0.914468	
0.333221	0.532969	0.133810	
0.038155	0.698917	0.262928	
0.628138	0.314640	0.057223	
0.455028	0.379551	0.165421	
0.712594	0.239567	0.047840	
0.014480	0.668417	0.317102	
0.335457	0.451361	0.213182	
0.623029	0.315950	0.061020	
0.286644	0.583789	0.129567	
0.531887	0.352959	0.115154	
0.612966	0.327849	0.059184	
0.631316	0.291748	0.076936	
0.843437	0.111969	0.044594	
0.472963	0.432416	0.094621	
0.686215	0.253893	0.059891	
0.665697	0.272720	0.061583	
0.210940	0.625291	0.163770	
0.759221	0.209987	0.030792	
0.668857	0.276304	0.054838	
0.573638	0.319923	0.106440	
0.618427	0.321817	0.059757	
0.411560	0.424323	0.164118	
0.543481	0.371176	0.085343	
0.768418	0.201143	0.030440	
0.541552	0.374606	0.083843	
0.605788	0.325893	0.068319	
0.311729	0.571989	0.116281	
0.182686	0.519945	0.297370	
0.781213	0.187549	0.031238	
0.499906	0.408226	0.091868	
0.011415	0.077794	0.910791	
0.533045	0.315987	0.150968	
0.649664	0.235633	0.114702	
0.529393	0.349580	0.121027	
0.530635	0.376267	0.093098	
0.717397	0.246024	0.036580	
0.010891	0.618157	0.370953	
0.406785	0.529463	0.063752	
0.447229	0.383662	0.169109	
0.172703	0.652859	0.174438	
0.462658	0.445882	0.091460	
0.012166	0.445132	0.542703	
0.575085	0.334820	0.090095	
0.568584	0.305380	0.126036	
0.830662	0.152397	0.016940	
0.805387	0.169307	0.025306	
0.356544	0.525673	0.117783	
0.532538	0.383233	0.084229	
0.444334	0.382760	0.172906	
0.583750	0.318568	0.097682	
0.730348	0.228773	0.040879	
0.761792	0.204978	0.033229	
0.002297	0.029679	0.968024	
0.705099	0.239624	0.055276	
0.562051	0.374023	0.063926	
0.591180	0.315940	0.092879	
0.185042	0.665325	0.149633	
0.079101	0.616095	0.304804	
0.835846	0.150979	0.013175	
0.666137	0.264768	0.069095	
0.612563	0.314675	0.072762	
0.270783	0.593080	0.136137	
0.464731	0.356414	0.178855	
0.635596	0.302273	0.062131	
0.591990	0.299373	0.108637	
0.477734	0.418569	0.103697	
0.553846	0.345580	0.100573	
0.043117	0.215952	0.740931	
0.653144	0.294625	0.052231	
0.002887	0.035045	0.962067	
0.603633	0.305781	0.090586	
0.670177	0.277049	0.052773	
0.585922	0.325188	0.088890	
0.021701	0.668933	0.309366	
0.578787	0.326701	0.094511	
0.459800	0.352703	0.187497	
0.178637	0.613312	0.208051	
0.666443	0.276700	0.056857	
0.470563	0.420846	0.108591	
0.125848	0.682579	0.191573	
0.006112	0.062398	0.931490	
0.019032	0.552600	0.428369	
0.044080	0.247087	0.708833	
0.006316	0.044872	0.948813	
0.167805	0.684446	0.147750	
0.282291	0.565003	0.152706	
0.300680	0.491054	0.208267	
0.003808	0.069551	0.926641	
0.600573	0.315490	0.083937	
0.016882	0.091791	0.891327	
0.053041	0.658431	0.288527	
0.061694	0.077095	0.861212	
0.347167	0.528353	0.124481	
0.631610	0.288480	0.079910	
0.746789	0.223016	0.030195	
0.409770	0.497526	0.092704	
0.541146	0.324263	0.134591	
0.014670	0.155860	0.829471	
0.664122	0.271626	0.064251	
0.011068	0.525976	0.462956	
0.704335	0.241519	0.054146	
0.012604	0.414909	0.572486	
0.045680	0.224138	0.730182	
0.290377	0.501692	0.207932	
0.306650	0.503951	0.189400	
0.000183	0.005802	0.994015	
0.661732	0.296645	0.041623	
0.259486	0.576409	0.164105	
0.250778	0.608769	0.140452	
0.792767	0.180730	0.026503	
0.535437	0.334168	0.130395	
0.262349	0.574483	0.163168	
0.012674	0.117293	0.870032	
0.008734	0.088312	0.902954	
0.013466	0.116394	0.870140	
0.319748	0.500476	0.179775	
0.864659	0.122459	0.012881	
0.552391	0.366492	0.081117	
0.134252	0.659010	0.206738	
0.003094	0.057896	0.939010	
0.213801	0.633956	0.152243	
0.489941	0.304921	0.205138	
0.551658	0.360184	0.088158	
0.443969	0.348887	0.207144	
0.650137	0.292369	0.057494	
0.589847	0.327171	0.082982	
0.315076	0.295232	0.389692	
0.013430	0.311101	0.675469	
0.232364	0.225472	0.542164	
0.007058	0.076861	0.916081	
0.472892	0.298593	0.228515	
0.390789	0.535013	0.074198	
0.294989	0.400142	0.304869	
0.731788	0.225609	0.042602	
0.586632	0.325515	0.087853	
0.138579	0.666387	0.195034	
0.209650	0.582842	0.207508	
0.666154	0.270294	0.063552	
0.082122	0.503897	0.413981	
0.696923	0.248749	0.054329	
0.138132	0.670792	0.191076	
0.118366	0.294734	0.586900	
0.647542	0.263330	0.089128	
0.435021	0.429727	0.135252	
0.020736	0.131305	0.847960	
0.142787	0.650618	0.206595	
0.660001	0.276513	0.063487	
0.388954	0.449134	0.161912	
0.741362	0.219656	0.038983	
0.481750	0.375247	0.143002	
0.051105	0.267897	0.680998	
0.283144	0.544369	0.172487	
0.389105	0.389222	0.221673	
0.626757	0.316546	0.056697	
0.335336	0.413490	0.251174	
0.514402	0.353527	0.132071	
0.262862	0.417515	0.319622	
0.066173	0.666511	0.267317	
0.155365	0.666212	0.178423	
0.012811	0.634808	0.352382	
0.539675	0.396320	0.064005	
0.055002	0.691341	0.253657	
0.100187	0.585369	0.314444	
0.645251	0.271317	0.083432	
0.039204	0.390960	0.569837	
0.181352	0.312211	0.506436	
0.679236	0.279560	0.041203	
0.558952	0.343118	0.097930	
0.050398	0.708758	0.240844	
0.445881	0.414609	0.139510	
0.405416	0.445274	0.149311	
0.363243	0.539980	0.096777	
0.170301	0.258012	0.571687	
0.286528	0.455602	0.257871	
0.103492	0.711760	0.184749	
0.239766	0.320179	0.440055	
0.172541	0.699272	0.128186	
0.238403	0.626387	0.135210	
0.008726	0.486754	0.504520	
0.421240	0.373754	0.205006	
0.093596	0.264528	0.641877	
0.325827	0.580572	0.093602	
0.056878	0.742119	0.201003	
0.323562	0.521170	0.155268	
0.215871	0.438285	0.345844	
0.111967	0.724290	0.163743	
0.048110	0.748912	0.202978	
0.112897	0.693867	0.193236	
0.078206	0.686915	0.234879	
0.610618	0.300668	0.088714	
0.815618	0.157331	0.027052	
0.280259	0.602836	0.116905	
0.753021	0.216787	0.030192	
0.368680	0.507458	0.123862	
0.139228	0.702033	0.158739	
0.509506	0.348877	0.141616	
0.637395	0.302759	0.059847	
0.527090	0.407133	0.065776	
0.378035	0.467851	0.154114	
0.276038	0.579651	0.144310	
0.260852	0.550516	0.188633	
0.746279	0.211248	0.042473	
0.696256	0.250097	0.053646	
0.076043	0.649387	0.274570	
0.249260	0.605967	0.144773	
0.522234	0.327334	0.150432	
0.484989	0.374087	0.140924	
0.602498	0.316223	0.081279	
0.323056	0.532671	0.144273	
0.106645	0.723335	0.170020	
0.021160	0.702632	0.276208	
0.099674	0.736838	0.163488	
0.256536	0.503104	0.240360	
0.313708	0.542519	0.143773	
0.244741	0.560653	0.194606	
0.487556	0.397262	0.115182	
0.288016	0.482903	0.229081	
0.194120	0.392071	0.413810	
0.014452	0.756007	0.229541	
0.134702	0.695249	0.170049	
0.362775	0.519510	0.117715	
0.167611	0.723900	0.108489	
0.020210	0.698717	0.281073	
0.235016	0.557478	0.207505	
0.009996	0.554301	0.435702	
0.348355	0.501420	0.150225	
0.054343	0.718467	0.227190	
0.512092	0.416256	0.071652	
0.535223	0.375887	0.088890	
0.111478	0.637916	0.250606	
0.505702	0.385904	0.108394	
0.010300	0.232881	0.756819	
0.552707	0.347384	0.099909	
0.678147	0.275684	0.046169	
0.321787	0.530064	0.148149	
0.103299	0.643112	0.253589	
0.471050	0.410422	0.118528	
0.644799	0.297624	0.057577	
0.274159	0.592021	0.133820	
0.452385	0.443661	0.103954	
0.013423	0.422749	0.563828	
0.238855	0.595291	0.165854	
0.324104	0.561324	0.114571	
0.449203	0.441922	0.108875	
0.018045	0.642360	0.339595	
0.031154	0.619126	0.349720	
0.100946	0.698824	0.200231	
0.335697	0.378727	0.285575	
0.148602	0.668574	0.182824	
0.067791	0.680880	0.251329	
0.265326	0.580926	0.153748	
0.234264	0.239234	0.526502	
0.463911	0.449977	0.086111	
0.232864	0.625154	0.141983	
0.013848	0.423426	0.562726	
0.557990	0.333912	0.108097	
0.590504	0.349343	0.060153	
0.507941	0.407724	0.084335	
0.389834	0.516576	0.093590	
0.305801	0.436634	0.257565	
0.502044	0.320795	0.177160	
0.230785	0.611708	0.157506	
0.013527	0.581969	0.404504	
0.413954	0.455773	0.130274	
0.022284	0.633658	0.344058	
0.448012	0.437846	0.114142	
0.370263	0.459165	0.170571	
0.710635	0.246351	0.043013	
0.263870	0.594049	0.142081	
0.274461	0.603659	0.121880	
0.546592	0.339033	0.114375	
0.459315	0.482669	0.058016	
0.135472	0.519133	0.345394	
0.602264	0.280934	0.116803	
0.384347	0.494447	0.121206	
0.630077	0.299687	0.070236	
0.311392	0.546376	0.142233	
0.013721	0.086231	0.900047	
0.006797	0.049849	0.943355	
0.178292	0.262792	0.558916	
0.565496	0.360794	0.073709	
0.657212	0.296324	0.046464	
0.069286	0.709816	0.220898	
0.617642	0.287829	0.094530	
0.163731	0.623239	0.213030	
0.482399	0.379189	0.138412	
0.645599	0.299028	0.055372	
0.548632	0.379376	0.071992	
0.012792	0.545437	0.441771	
0.080082	0.383076	0.536842	
0.096773	0.627831	0.275396	
0.311992	0.541396	0.146612	
0.371866	0.489804	0.138330	
0.780152	0.192762	0.027086	
0.223349	0.669113	0.107538	
0.799003	0.177296	0.023701	
0.020757	0.697575	0.281668	
0.209557	0.563877	0.226566	
0.630634	0.307705	0.061660	
0.223851	0.576938	0.199210	
0.430816	0.479426	0.089758	
0.707229	0.260194	0.032577	
0.456661	0.403467	0.139872	
0.557676	0.366971	0.075353	
0.367246	0.423617	0.209137	
0.080810	0.139847	0.779343	
0.324778	0.442227	0.232995	
0.726453	0.234926	0.038622	
0.338596	0.500253	0.161151	
0.751754	0.216487	0.031759	
0.030284	0.688375	0.281341	
0.700907	0.250234	0.048859	
0.602507	0.319493	0.078000	
0.549272	0.360173	0.090555	
0.521427	0.363362	0.115211	
0.258692	0.608813	0.132495	
0.770509	0.200561	0.028930	
0.432692	0.458796	0.108512	
0.614508	0.335818	0.049674	
0.460551	0.378872	0.160577	
0.151074	0.675720	0.173206	
0.838506	0.144220	0.017274	
0.426798	0.463281	0.109921	
0.175947	0.635256	0.188797	
0.663318	0.284032	0.052650	
0.072399	0.130662	0.796939	
0.657536	0.296517	0.045946	
0.712570	0.227000	0.060430	
0.228667	0.594883	0.176450	
0.168371	0.631346	0.200283	
0.679960	0.263634	0.056405	
0.119934	0.613062	0.267004	
0.453864	0.459843	0.086294	
0.458392	0.460392	0.081216	
0.610864	0.330693	0.058443	
0.050330	0.174810	0.774860	
0.082164	0.220203	0.697633	
0.172471	0.621138	0.206391	
0.004152	0.069058	0.926790	
0.263017	0.554829	0.182154	
0.000256	0.003422	0.996322	
0.022608	0.694522	0.282870	
0.027985	0.628679	0.343336	
0.015418	0.197882	0.786699	
0.287745	0.278608	0.433647	
0.006814	0.106296	0.886890	
0.578337	0.299661	0.122002	
0.202289	0.286453	0.511258	
0.047062	0.497874	0.455064	
0.005934	0.045570	0.948496	
0.002132	0.030092	0.967776	
0.017256	0.559749	0.422995	
0.028918	0.619298	0.351784	
0.589160	0.269521	0.141319	
0.008696	0.305787	0.685517	
0.483908	0.348760	0.167333	
0.012566	0.522023	0.465412	
0.014132	0.075095	0.910773	
0.054665	0.603005	0.342330	
0.018063	0.111274	0.870663	
0.018189	0.148526	0.833285	
0.010694	0.104971	0.884335	
0.009956	0.053552	0.936491	
0.011853	0.201570	0.786577	
0.483126	0.337438	0.179436	
0.507507	0.356375	0.136118	
0.091350	0.287259	0.621391	
0.010973	0.659659	0.329368	
0.010334	0.079125	0.910541	
0.002823	0.027159	0.970018	
0.011989	0.175284	0.812728	
0.309455	0.484096	0.206449	
0.012580	0.528279	0.459141	
0.035717	0.440628	0.523655	
0.073292	0.298566	0.628142	
0.088796	0.513628	0.397576	
0.009319	0.426796	0.563885	
0.579894	0.318673	0.101432	
0.014977	0.468141	0.516882	
0.012719	0.279517	0.707764	
0.010892	0.392384	0.596724	
0.002708	0.033190	0.964102	
0.386504	0.379174	0.234321	
0.009520	0.366908	0.623572	
0.129749	0.553092	0.317160	
0.001416	0.015728	0.982856	
0.521489	0.351952	0.126560	
0.506486	0.355044	0.138470	
0.011777	0.329279	0.658945	
0.369248	0.467623	0.163128	
0.067613	0.595986	0.336401	
0.014407	0.119792	0.865801	
0.287539	0.383021	0.329440	
0.013450	0.058031	0.928519	
0.016332	0.612739	0.370929	
0.318449	0.380488	0.301063	
0.002000	0.021011	0.976989	
0.012949	0.389200	0.597852	
0.026322	0.150313	0.823365	
0.010323	0.192985	0.796692	
0.011289	0.315671	0.673040	
0.009574	0.212687	0.777739	
0.649385	0.284936	0.065679	
0.013440	0.156433	0.830127	
0.382771	0.348675	0.268553	
0.365055	0.351824	0.283121	
0.035119	0.683034	0.281847	
0.022307	0.559364	0.418329	
0.626143	0.253732	0.120125	
0.008683	0.373623	0.617695	
0.048876	0.717884	0.233240	
0.237550	0.533233	0.229217	
0.669942	0.259170	0.070888	
0.010631	0.583363	0.406006	
0.485943	0.308100	0.205958	
0.380044	0.425754	0.194202	
0.015404	0.621674	0.362922	
0.013055	0.278447	0.708498	
0.092167	0.574708	0.333126	
0.377553	0.348136	0.274311	
0.006103	0.067523	0.926374	
0.751576	0.205398	0.043026	
0.008170	0.294466	0.697364	
0.058881	0.609771	0.331348	
0.057304	0.371578	0.571118	
0.514556	0.348579	0.136865	
0.015274	0.588576	0.396150	
0.398984	0.419905	0.181111	
0.009659	0.453696	0.536645	
0.017529	0.479149	0.503322	
0.691867	0.238374	0.069759	
0.340941	0.317595	0.341464	
0.011010	0.624606	0.364384	
0.443736	0.311455	0.244809	
0.007836	0.111055	0.881109	
0.014200	0.124749	0.861051	
0.044067	0.261643	0.694290	
0.117464	0.325684	0.556852	
0.002861	0.019172	0.977967	
0.007427	0.491190	0.501383	
0.034561	0.638794	0.326645	
0.005236	0.066489	0.928275	
0.009590	0.385621	0.604789	
0.423285	0.384603	0.192112	
0.452874	0.388712	0.158414	
0.176217	0.535976	0.287807	
0.016971	0.317941	0.665087	
0.528595	0.322835	0.148570	
0.166264	0.413810	0.419925	
0.009827	0.533950	0.456223	
0.081089	0.519172	0.399739	
0.004576	0.038505	0.956919	
0.014028	0.150425	0.835547	
0.012727	0.345109	0.642165	
0.029059	0.688837	0.282103	
0.000491	0.010107	0.989401	
0.189827	0.346211	0.463962	
0.467713	0.348131	0.184156	
0.058339	0.524472	0.417188	
0.022930	0.526901	0.450169	
0.673811	0.261608	0.064581	
0.002356	0.025827	0.971817	
0.059437	0.598739	0.341824	
0.002851	0.040894	0.956255	
0.308713	0.337253	0.354034	
0.013573	0.082753	0.903674	
0.012495	0.401479	0.586027	
0.012383	0.428481	0.559136	
0.005365	0.071083	0.923552	
0.010843	0.067182	0.921975	
0.395571	0.520001	0.084428	
0.436561	0.404044	0.159395	
0.023611	0.552735	0.423653	
0.247636	0.304921	0.447443	
0.011612	0.479839	0.508549	
0.493709	0.339928	0.166363	
0.030957	0.363052	0.605991	
0.001225	0.016829	0.981946	
0.009171	0.633606	0.357223	
0.112504	0.582176	0.305320	
0.001639	0.028215	0.970145	
0.058977	0.621156	0.319867	
0.011808	0.215022	0.773170	
0.010457	0.523389	0.466154	
0.018802	0.231150	0.750049	
0.022632	0.080490	0.896878	
0.010035	0.501183	0.488782	
0.740658	0.223171	0.036171	
0.025833	0.173990	0.800176	
0.033708	0.499097	0.467194	
0.035005	0.320143	0.644853	
0.519597	0.355587	0.124815	
0.008242	0.040163	0.951596	
0.034608	0.632542	0.332850	
0.007027	0.069981	0.922992	
0.010646	0.134491	0.854863	
0.374153	0.408790	0.217057	
0.401036	0.336748	0.262217	
0.109361	0.223148	0.667491	
0.098573	0.141702	0.759725	
0.026576	0.204792	0.768632	
0.482120	0.301429	0.216451	
0.004342	0.031761	0.963897	
0.379887	0.374430	0.245683	
0.013034	0.139776	0.847190	
0.317658	0.410892	0.271450	
0.005673	0.053480	0.940847	
0.603915	0.312132	0.083953	
0.010734	0.404065	0.585200	
0.117637	0.192604	0.689759	
0.016066	0.145419	0.838516	
0.018511	0.330679	0.650810	
0.117291	0.419853	0.462856	
0.010224	0.482815	0.506962	
0.240493	0.466723	0.292785	
0.070197	0.186258	0.743545	
