0.024678	0.234607	0.740715	
0.607262	0.307454	0.085283	
0.560105	0.249857	0.190037	
0.687474	0.257634	0.054891	
0.182251	0.437727	0.380022	
0.182251	0.437727	0.380022	
0.010581	0.094626	0.894793	
0.580912	0.324194	0.094894	
0.202420	0.260349	0.537232	
0.594430	0.311573	0.093996	
0.201504	0.352856	0.445641	
0.035325	0.717591	0.247084	
0.008539	0.104850	0.886611	
0.182251	0.437727	0.380022	
0.010694	0.643332	0.345974	
0.034598	0.165209	0.800193	
0.014741	0.511807	0.473452	
0.662322	0.312998	0.024680	
0.182251	0.437727	0.380022	
0.182251	0.437727	0.380022	
0.000452	0.011092	0.988456	
0.222572	0.279020	0.498408	
0.035084	0.262761	0.702155	
0.605138	0.300793	0.094070	
0.182251	0.437727	0.380022	
0.799489	0.176016	0.024495	
0.008877	0.516541	0.474582	
0.182251	0.437727	0.380022	
0.116840	0.607626	0.275534	
0.155841	0.330524	0.513635	
0.030478	0.347579	0.621943	
0.004115	0.064754	0.931131	
0.004337	0.040774	0.954889	
0.013396	0.117432	0.869172	
0.009281	0.679411	0.311309	
0.012827	0.201433	0.785740	
0.725344	0.233481	0.041175	
0.525321	0.358321	0.116358	
0.182251	0.437727	0.380022	
0.182251	0.437727	0.380022	
0.182251	0.437727	0.380022	
0.366437	0.544942	0.088621	
0.079350	0.645434	0.275217	
0.483312	0.362844	0.153845	
0.010269	0.651917	0.337815	
0.182251	0.437727	0.380022	
0.006109	0.059187	0.934704	
0.080599	0.157339	0.762062	
0.008280	0.447713	0.544006	
0.011554	0.074530	0.913916	
0.182251	0.437727	0.380022	
0.103713	0.717170	0.179117	
0.008342	0.424193	0.567465	
0.012076	0.121950	0.865974	
0.009175	0.661245	0.329580	
0.182251	0.437727	0.380022	
0.182251	0.437727	0.380022	
0.182251	0.437727	0.380022	
0.010086	0.479696	0.510219	
0.345567	0.461113	0.193320	
0.256519	0.565975	0.177506	
0.561321	0.329151	0.109528	
0.008327	0.158367	0.833306	
0.153941	0.191412	0.654647	
0.182251	0.437727	0.380022	
0.030023	0.450359	0.519618	
0.833760	0.147040	0.019200	
0.182251	0.437727	0.380022	
0.193533	0.563037	0.243429	
0.003349	0.059974	0.936677	
0.704019	0.239326	0.056655	
0.082785	0.382124	0.535092	
0.023989	0.382909	0.593102	
0.012964	0.591800	0.395236	
0.182251	0.437727	0.380022	
0.182251	0.437727	0.380022	
0.182251	0.437727	0.380022	
0.003559	0.032241	0.964200	
0.009658	0.668160	0.322183	
0.182251	0.437727	0.380022	
0.017980	0.655660	0.326360	
0.002666	0.026308	0.971026	
0.158060	0.504411	0.337529	
0.033708	0.088479	0.877812	
0.182251	0.437727	0.380022	
0.200313	0.556338	0.243350	
0.009802	0.592213	0.397985	
0.006091	0.084082	0.909828	
0.006260	0.076663	0.917078	
0.284852	0.476953	0.238196	
0.234437	0.575970	0.189593	
0.022507	0.596984	0.380509	
0.118246	0.717809	0.163945	
0.182251	0.437727	0.380022	
0.591295	0.310942	0.097762	
0.008169	0.250914	0.740916	
0.182251	0.437727	0.380022	
0.010435	0.651860	0.337705	
0.007460	0.456333	0.536207	
0.009619	0.078416	0.911965	
0.010015	0.578672	0.411313	
0.024802	0.577383	0.397814	
0.633547	0.306546	0.059908	
0.010110	0.700463	0.289427	
0.162235	0.437822	0.399943	
0.007115	0.552296	0.440589	
0.008730	0.538392	0.452879	
0.125014	0.518330	0.356656	
0.016513	0.525352	0.458135	
0.597329	0.303909	0.098762	
0.011057	0.123652	0.865291	
0.712887	0.235133	0.051980	
0.111825	0.648736	0.239439	
0.226990	0.567610	0.205400	
0.063017	0.501036	0.435947	
0.009381	0.575548	0.415070	
0.131411	0.159197	0.709392	
0.060455	0.645998	0.293547	
0.008548	0.529044	0.462408	
0.031796	0.726013	0.242191	
0.073175	0.595564	0.331261	
0.182251	0.437727	0.380022	
0.546843	0.340983	0.112174	
0.004491	0.065018	0.930492	
0.182251	0.437727	0.380022	
0.182251	0.437727	0.380022	
0.182251	0.437727	0.380022	
0.773246	0.199979	0.026775	
0.009421	0.595053	0.395526	
0.042564	0.495033	0.462403	
0.013347	0.477075	0.509578	
0.019255	0.287951	0.692794	
0.027223	0.391890	0.580887	
0.527123	0.361776	0.111101	
0.063303	0.682664	0.254033	
0.182251	0.437727	0.380022	
0.073430	0.482414	0.444156	
0.311173	0.344350	0.344477	
0.033551	0.541945	0.424504	
0.001374	0.015548	0.983078	
0.010126	0.622181	0.367693	
0.182251	0.437727	0.380022	
0.007930	0.117941	0.874129	
0.068345	0.484391	0.447264	
0.000111	0.003997	0.995891	
0.457545	0.428064	0.114390	
0.009380	0.703271	0.287350	
0.057379	0.614036	0.328585	
0.009008	0.605052	0.385940	
0.009131	0.390960	0.599910	
0.059560	0.658299	0.282141	
0.226034	0.532880	0.241086	
0.182251	0.437727	0.380022	
0.262922	0.226894	0.510184	
0.580256	0.322426	0.097317	
0.012619	0.642995	0.344386	
0.047046	0.691796	0.261159	
0.074109	0.659808	0.266083	
0.010324	0.648112	0.341565	
0.110730	0.617601	0.271669	
0.031227	0.400111	0.568663	
0.004010	0.137020	0.858971	
0.522029	0.341815	0.136156	
0.223877	0.604040	0.172083	
0.537384	0.288700	0.173916	
0.010425	0.458122	0.531453	
0.013594	0.082880	0.903526	
0.334847	0.498824	0.166329	
0.182251	0.437727	0.380022	
0.075034	0.686128	0.238837	
0.008161	0.159759	0.832079	
0.182251	0.437727	0.380022	
0.176240	0.730315	0.093445	
0.319181	0.521949	0.158870	
0.059013	0.309093	0.631894	
0.002395	0.050550	0.947056	
0.047990	0.555769	0.396241	
0.333662	0.408154	0.258184	
0.023736	0.349599	0.626665	
0.514158	0.337796	0.148047	
0.038716	0.692228	0.269056	
0.015560	0.241385	0.743054	
0.023926	0.269983	0.706091	
0.182251	0.437727	0.380022	
0.010228	0.371127	0.618646	
0.085366	0.774880	0.139754	
0.033105	0.375629	0.591266	
0.596023	0.326718	0.077259	
0.554170	0.329022	0.116808	
0.166181	0.378575	0.455244	
0.182251	0.437727	0.380022	
0.002021	0.016041	0.981937	
0.182251	0.437727	0.380022	
0.010653	0.677777	0.311570	
0.002859	0.034115	0.963027	
0.182251	0.437727	0.380022	
0.556852	0.344697	0.098450	
0.755457	0.200970	0.043573	
0.018037	0.255735	0.726227	
0.182251	0.437727	0.380022	
0.017900	0.599343	0.382757	
0.045030	0.596170	0.358801	
0.001020	0.012911	0.986069	
0.052839	0.595387	0.351774	
0.009440	0.466223	0.524338	
0.004676	0.050106	0.945217	
0.009517	0.525328	0.465155	
0.010304	0.340243	0.649453	
0.121349	0.654671	0.223980	
0.412999	0.415047	0.171954	
0.640160	0.288696	0.071145	
0.010270	0.428485	0.561245	
0.007290	0.563765	0.428945	
0.009915	0.512167	0.477918	
0.163445	0.539378	0.297177	
0.182251	0.437727	0.380022	
0.182251	0.437727	0.380022	
0.011787	0.578116	0.410096	
0.007722	0.077828	0.914450	
0.133728	0.287229	0.579043	
0.027522	0.626965	0.345513	
0.182251	0.437727	0.380022	
0.097349	0.495535	0.407116	
0.182251	0.437727	0.380022	
0.125232	0.564394	0.310374	
0.261417	0.497698	0.240885	
0.164279	0.638541	0.197179	
0.010539	0.596750	0.392712	
0.556472	0.359038	0.084490	
0.644007	0.287548	0.068445	
0.583550	0.290258	0.126191	
0.591993	0.338693	0.069313	
0.000948	0.011267	0.987784	
0.635141	0.288301	0.076558	
0.000494	0.012628	0.986878	
0.182251	0.437727	0.380022	
0.055077	0.253038	0.691885	
0.012423	0.133840	0.853736	
0.606128	0.301610	0.092261	
0.428576	0.377082	0.194342	
0.009925	0.453939	0.536136	
0.120244	0.706954	0.172802	
0.182251	0.437727	0.380022	
0.200313	0.556338	0.243350	
0.009809	0.470465	0.519726	
0.387889	0.337648	0.274463	
0.009863	0.654407	0.335730	
0.019399	0.131240	0.849361	
0.182251	0.437727	0.380022	
0.529205	0.370983	0.099812	
0.182251	0.437727	0.380022	
0.020930	0.277054	0.702016	
0.096765	0.631072	0.272163	
0.009186	0.269068	0.721747	
0.724202	0.225748	0.050050	
0.182251	0.437727	0.380022	
0.038390	0.500986	0.460623	
0.016355	0.185674	0.797971	
0.182251	0.437727	0.380022	
0.141473	0.582237	0.276291	
0.010893	0.592589	0.396518	
0.182251	0.437727	0.380022	
0.182251	0.437727	0.380022	
0.008567	0.624087	0.367346	
0.008036	0.072587	0.919378	
0.360971	0.367972	0.271057	
0.009627	0.396694	0.593678	
0.182251	0.437727	0.380022	
0.330864	0.360081	0.309055	
0.182251	0.437727	0.380022	
0.182251	0.437727	0.380022	
0.024459	0.286906	0.688635	
0.015491	0.109995	0.874515	
0.014642	0.071850	0.913509	
0.008161	0.207810	0.784029	
0.008218	0.115906	0.875877	
0.018005	0.618542	0.363453	
0.044948	0.727020	0.228032	
0.005573	0.045304	0.949123	
0.415458	0.397162	0.187380	
0.458857	0.371517	0.169626	
0.012567	0.089483	0.897950	
0.182251	0.437727	0.380022	
0.014687	0.437148	0.548165	
0.013679	0.129200	0.857121	
0.459997	0.362167	0.177836	
0.010709	0.456882	0.532408	
0.163649	0.536242	0.300109	
0.507289	0.354616	0.138095	
0.182251	0.437727	0.380022	
0.025016	0.755948	0.219036	
0.182605	0.579506	0.237890	
0.182251	0.437727	0.380022	
0.015531	0.150056	0.834413	
0.556677	0.328213	0.115110	
0.020072	0.677120	0.302809	
0.230714	0.555582	0.213704	
0.182251	0.437727	0.380022	
0.076382	0.552492	0.371126	
0.625517	0.323477	0.051006	
0.006275	0.069151	0.924574	
0.023356	0.343397	0.633246	
0.192111	0.598960	0.208929	
0.182251	0.437727	0.380022	
0.182251	0.437727	0.380022	
0.097067	0.623345	0.279589	
0.350814	0.384976	0.264210	
0.182251	0.437727	0.380022	
0.039558	0.295330	0.665112	
0.042845	0.268671	0.688484	
0.009719	0.691904	0.298377	
0.009690	0.627455	0.362856	
0.000781	0.012351	0.986868	
0.695382	0.244304	0.060314	
0.746346	0.213624	0.040030	
0.447671	0.404394	0.147934	
0.011689	0.431316	0.556995	
0.009220	0.608455	0.382325	
0.119417	0.122737	0.757845	
0.756993	0.203587	0.039420	
0.000350	0.004520	0.995130	
0.005497	0.034941	0.959562	
0.182251	0.437727	0.380022	
0.543062	0.225451	0.231486	
0.024136	0.634557	0.341307	
0.009232	0.510792	0.479976	
0.182251	0.437727	0.380022	
0.024081	0.644698	0.331220	
0.225299	0.574001	0.200699	
0.516307	0.382737	0.100955	
0.030979	0.161351	0.807670	
0.027086	0.562515	0.410399	
0.109218	0.252095	0.638687	
0.044489	0.672604	0.282908	
0.009690	0.407394	0.582916	
0.182251	0.437727	0.380022	
0.187993	0.535468	0.276540	
0.213972	0.639808	0.146220	
0.538326	0.292205	0.169469	
0.182251	0.437727	0.380022	
0.011510	0.564779	0.423711	
0.529074	0.362512	0.108414	
0.189468	0.558173	0.252360	
0.066624	0.673427	0.259949	
0.204039	0.127977	0.667984	
0.010653	0.353882	0.635465	
0.593981	0.303541	0.102478	
0.182251	0.437727	0.380022	
0.009824	0.572718	0.417458	
0.134088	0.419171	0.446741	
0.063972	0.539510	0.396517	
0.010610	0.204714	0.784676	
0.239745	0.279485	0.480771	
0.774407	0.196356	0.029237	
0.476689	0.371954	0.151357	
0.087539	0.408948	0.503513	
0.016469	0.078280	0.905251	
0.307764	0.228217	0.464019	
0.367709	0.482046	0.150245	
0.134583	0.578695	0.286721	
0.182251	0.437727	0.380022	
0.014645	0.667991	0.317364	
0.066991	0.300899	0.632111	
0.294653	0.591483	0.113864	
0.075671	0.464330	0.459999	
0.128560	0.245073	0.626367	
0.026087	0.055815	0.918098	
0.294163	0.308393	0.397444	
0.010053	0.053717	0.936230	
0.008182	0.614169	0.377650	
0.248190	0.518823	0.232988	
0.025532	0.114871	0.859597	
0.536191	0.369547	0.094261	
0.529260	0.374946	0.095794	
0.092728	0.510651	0.396621	
0.006719	0.061594	0.931687	
0.002322	0.023832	0.973845	
0.435302	0.439713	0.124985	
0.031473	0.183592	0.784935	
0.009969	0.580568	0.409463	
0.006551	0.041179	0.952270	
0.347540	0.508390	0.144069	
0.033979	0.711286	0.254736	
0.020924	0.568680	0.410396	
0.287333	0.364451	0.348217	
0.021930	0.612664	0.365406	
0.009290	0.100911	0.889799	
0.517723	0.347826	0.134450	
0.182251	0.437727	0.380022	
0.182251	0.437727	0.380022	
0.676547	0.240726	0.082727	
0.042729	0.573508	0.383764	
0.461926	0.389620	0.148454	
0.182251	0.437727	0.380022	
0.452099	0.419571	0.128330	
0.064443	0.693864	0.241693	
0.182251	0.437727	0.380022	
0.540070	0.339813	0.120117	
0.011402	0.616153	0.372445	
0.587767	0.315038	0.097195	
0.182251	0.437727	0.380022	
0.030669	0.282548	0.686782	
0.010075	0.198789	0.791136	
0.040012	0.712315	0.247673	
0.182251	0.437727	0.380022	
0.010374	0.425577	0.564049	
0.136203	0.527680	0.336117	
0.021797	0.122242	0.855960	
0.124285	0.670958	0.204757	
0.752132	0.207624	0.040244	
0.019276	0.151508	0.829216	
0.046079	0.462045	0.491875	
0.010626	0.230203	0.759171	
0.463812	0.434896	0.101292	
0.182251	0.437727	0.380022	
0.007117	0.054634	0.938250	
0.122089	0.718181	0.159731	
0.518118	0.333418	0.148464	
0.000421	0.010030	0.989549	
0.043711	0.172158	0.784132	
0.517010	0.339651	0.143339	
0.008004	0.120857	0.871138	
0.025195	0.688416	0.286388	
0.639245	0.280867	0.079889	
0.011325	0.603097	0.385578	
0.329320	0.361881	0.308800	
0.034772	0.198527	0.766701	
0.182251	0.437727	0.380022	
0.338520	0.453868	0.207612	
0.769238	0.201678	0.029084	
0.352704	0.562831	0.084465	
0.020603	0.539274	0.440123	
0.002802	0.026317	0.970881	
0.520165	0.350322	0.129513	
0.182251	0.437727	0.380022	
0.004650	0.050001	0.945350	
0.012518	0.060429	0.927053	
0.010454	0.628732	0.360814	
0.547305	0.347960	0.104735	
0.008118	0.644285	0.347597	
0.538244	0.334932	0.126824	
0.076667	0.686852	0.236481	
0.182251	0.437727	0.380022	
0.384117	0.424186	0.191697	
0.088846	0.589972	0.321183	
0.601599	0.296013	0.102388	
0.329720	0.410481	0.259799	
0.182251	0.437727	0.380022	
0.008185	0.438322	0.553494	
0.028296	0.191951	0.779753	
0.007368	0.106902	0.885729	
0.465485	0.297015	0.237501	
0.009368	0.501367	0.489265	
0.045361	0.177253	0.777386	
0.672397	0.256290	0.071313	
0.008026	0.632515	0.359460	
0.029659	0.338170	0.632170	
0.465991	0.350303	0.183706	
0.010154	0.636016	0.353830	
0.182251	0.437727	0.380022	
0.009820	0.121907	0.868273	
0.030214	0.385427	0.584359	
0.170269	0.568447	0.261284	
0.461888	0.339293	0.198819	
0.182251	0.437727	0.380022	
0.182251	0.437727	0.380022	
0.016632	0.119311	0.864057	
0.002357	0.026288	0.971356	
0.000387	0.009091	0.990522	
0.053798	0.703819	0.242384	
0.099815	0.767021	0.133164	
0.392416	0.468503	0.139081	
0.009342	0.189286	0.801372	
0.009907	0.484362	0.505731	
0.434106	0.482069	0.083825	
0.765683	0.199804	0.034513	
0.182251	0.437727	0.380022	
0.001148	0.013723	0.985128	
0.003086	0.033051	0.963862	
0.035131	0.671521	0.293348	
0.336979	0.477421	0.185601	
0.399727	0.341856	0.258417	
0.008268	0.671947	0.319784	
0.000260	0.004108	0.995632	
0.369539	0.501101	0.129360	
0.595319	0.285281	0.119400	
0.436033	0.453743	0.110224	
0.182251	0.437727	0.380022	
0.024133	0.129685	0.846182	
0.004318	0.082791	0.912892	
0.337139	0.294078	0.368784	
0.027995	0.117953	0.854052	
0.024307	0.455339	0.520354	
0.000360	0.008418	0.991223	
0.182251	0.437727	0.380022	
0.010366	0.460801	0.528832	
0.182251	0.437727	0.380022	
0.007498	0.315843	0.676659	
0.011056	0.276970	0.711975	
0.010158	0.046560	0.943282	
0.363773	0.448901	0.187326	
0.666802	0.262553	0.070645	
0.079239	0.517862	0.402899	
0.182251	0.437727	0.380022	
0.009931	0.617368	0.372701	
0.007591	0.387366	0.605042	
0.110947	0.711740	0.177312	
0.012739	0.186776	0.800485	
0.017611	0.691970	0.290419	
0.137109	0.434219	0.428672	
0.284388	0.562435	0.153178	
0.010992	0.631120	0.357888	
0.001381	0.018991	0.979629	
0.656394	0.242274	0.101332	
0.012568	0.602586	0.384846	
0.236512	0.609270	0.154218	
0.024034	0.619507	0.356459	
0.019197	0.352378	0.628424	
0.558888	0.314286	0.126826	
0.010112	0.579478	0.410411	
0.126307	0.334929	0.538764	
0.020794	0.462895	0.516311	
0.010659	0.653150	0.336191	
0.012978	0.095153	0.891869	
0.182251	0.437727	0.380022	
0.013743	0.151584	0.834673	
0.022962	0.086004	0.891034	
0.002362	0.055683	0.941955	
0.095378	0.552510	0.352112	
0.022268	0.160872	0.816860	
0.008216	0.528256	0.463528	
0.010808	0.162030	0.827162	
0.022536	0.382198	0.595267	
0.009375	0.507458	0.483168	
0.182251	0.437727	0.380022	
0.026887	0.408841	0.564272	
0.452549	0.320026	0.227426	
0.004511	0.157839	0.837650	
0.438268	0.467105	0.094627	
0.344475	0.366142	0.289382	
0.021343	0.662304	0.316353	
0.182251	0.437727	0.380022	
0.345355	0.472076	0.182569	
0.013757	0.296326	0.689917	
0.783910	0.189667	0.026423	
0.182251	0.437727	0.380022	
0.005137	0.040615	0.954248	
0.011587	0.552849	0.435564	
0.508831	0.367345	0.123824	
0.182251	0.437727	0.380022	
0.025344	0.256256	0.718399	
0.064877	0.600878	0.334245	
0.148692	0.382565	0.468743	
0.042369	0.109381	0.848250	
0.129189	0.265881	0.604931	
0.182251	0.437727	0.380022	
0.006547	0.113665	0.879789	
0.018761	0.144553	0.836686	
0.017963	0.134701	0.847336	
0.020790	0.605226	0.373984	
0.018787	0.115452	0.865761	
0.182251	0.437727	0.380022	
0.015412	0.312353	0.672235	
0.238293	0.614546	0.147161	
0.059763	0.748202	0.192036	
0.016423	0.449770	0.533807	
0.545338	0.341430	0.113232	
0.014001	0.065104	0.920895	
0.182251	0.437727	0.380022	
0.417522	0.494209	0.088269	
0.555784	0.335074	0.109141	
0.009311	0.148903	0.841786	
0.192850	0.561167	0.245983	
0.008596	0.614132	0.377272	
0.014557	0.473864	0.511579	
0.008558	0.360159	0.631283	
0.182251	0.437727	0.380022	
0.015578	0.322379	0.662043	
0.326378	0.560027	0.113595	
0.518658	0.384010	0.097331	
0.053906	0.466339	0.479755	
0.617143	0.285158	0.097699	
0.523624	0.348694	0.127681	
0.027243	0.184572	0.788184	
0.021495	0.306363	0.672143	
0.004831	0.111516	0.883653	
0.484956	0.380304	0.134740	
0.643428	0.265725	0.090847	
0.019934	0.640796	0.339270	
0.016909	0.457118	0.525974	
0.001843	0.035598	0.962559	
0.017124	0.589706	0.393169	
0.001707	0.035122	0.963171	
0.108689	0.647407	0.243904	
0.017523	0.083132	0.899345	
0.293411	0.279766	0.426823	
0.103748	0.692051	0.204202	
0.010287	0.136959	0.852754	
0.002726	0.040035	0.957239	
0.027139	0.535009	0.437852	
0.649167	0.290654	0.060179	
0.010879	0.599453	0.389668	
0.015214	0.652838	0.331949	
0.115942	0.226226	0.657833	
0.040826	0.089504	0.869670	
0.027011	0.624736	0.348253	
0.008561	0.498358	0.493081	
0.019290	0.408217	0.572493	
0.353676	0.329145	0.317179	
0.002740	0.033629	0.963631	
0.018834	0.123836	0.857330	
0.000749	0.013607	0.985644	
0.517705	0.395310	0.086985	
0.030090	0.754982	0.214928	
0.010589	0.157273	0.832138	
0.007787	0.463625	0.528589	
0.014712	0.185676	0.799612	
0.632132	0.283797	0.084071	
0.725943	0.222549	0.051508	
0.043198	0.683777	0.273024	
0.031037	0.332355	0.636608	
0.182251	0.437727	0.380022	
0.012365	0.384451	0.603184	
0.008670	0.424611	0.566720	
0.629935	0.307001	0.063064	
0.013545	0.096043	0.890412	
0.061602	0.713475	0.224923	
0.006388	0.109004	0.884608	
0.182251	0.437727	0.380022	
0.036512	0.613770	0.349718	
0.010917	0.462031	0.527051	
0.026349	0.666295	0.307357	
0.006007	0.052231	0.941762	
0.303299	0.278004	0.418697	
0.182251	0.437727	0.380022	
0.016567	0.398245	0.585188	
0.182251	0.437727	0.380022	
0.001796	0.031961	0.966243	
0.000562	0.008069	0.991369	
0.002363	0.033475	0.964162	
0.013690	0.372147	0.614163	
0.552740	0.327786	0.119474	
0.152060	0.554101	0.293840	
0.035287	0.578428	0.386284	
0.408596	0.511497	0.079907	
0.076580	0.664394	0.259026	
0.000706	0.011035	0.988260	
0.003534	0.042323	0.954142	
0.427045	0.377261	0.195694	
0.007274	0.078192	0.914533	
0.012738	0.651737	0.335525	
0.018308	0.068494	0.913199	
0.006497	0.059931	0.933572	
0.182251	0.437727	0.380022	
0.062344	0.581263	0.356393	
0.135578	0.613626	0.250795	
0.019809	0.286020	0.694171	
0.152384	0.204464	0.643151	
0.137248	0.570204	0.292548	
0.008373	0.283973	0.707654	
0.007169	0.359947	0.632884	
0.182251	0.437727	0.380022	
0.182251	0.437727	0.380022	
0.021576	0.459839	0.518585	
0.027664	0.718325	0.254011	
0.226271	0.613539	0.160191	
0.182251	0.437727	0.380022	
0.196051	0.434531	0.369417	
0.182251	0.437727	0.380022	
0.009842	0.108508	0.881650	
0.496310	0.394294	0.109396	
0.042471	0.629683	0.327846	
0.182251	0.437727	0.380022	
0.591193	0.296828	0.111979	
0.067308	0.753572	0.179121	
0.507982	0.376209	0.115809	
0.016831	0.387465	0.595704	
0.008983	0.388106	0.602911	
0.182251	0.437727	0.380022	
0.182251	0.437727	0.380022	
0.182251	0.437727	0.380022	
0.003195	0.050117	0.946688	
0.627910	0.290300	0.081791	
0.216223	0.461261	0.322516	
0.309608	0.595668	0.094724	
0.182251	0.437727	0.380022	
0.414984	0.343680	0.241336	
0.010605	0.624424	0.364970	
0.174281	0.624640	0.201079	
0.008935	0.354161	0.636904	
0.011933	0.606523	0.381544	
0.544645	0.238406	0.216949	
0.054934	0.675324	0.269742	
0.472253	0.312314	0.215434	
0.025741	0.655795	0.318464	
0.032909	0.549756	0.417336	
0.212007	0.656942	0.131051	
0.016886	0.667701	0.315413	
0.001758	0.028062	0.970180	
0.007519	0.056169	0.936312	
0.182251	0.437727	0.380022	
0.072075	0.490874	0.437051	
0.658332	0.265112	0.076557	
0.041294	0.747813	0.210893	
0.182251	0.437727	0.380022	
0.160435	0.312633	0.526932	
0.009129	0.673615	0.317256	
0.000614	0.014548	0.984839	
0.284612	0.370466	0.344922	
0.008253	0.630154	0.361593	
0.182251	0.437727	0.380022	
0.035491	0.144486	0.820023	
0.404536	0.377942	0.217522	
0.009991	0.592869	0.397139	
0.008212	0.096311	0.895476	
0.009190	0.653689	0.337122	
0.028390	0.096629	0.874981	
0.044891	0.343191	0.611918	
0.038376	0.668574	0.293050	
0.364330	0.342486	0.293184	
0.010417	0.122605	0.866978	
0.597685	0.306516	0.095799	
0.735934	0.212216	0.051849	
0.024717	0.305070	0.670213	
0.007214	0.081052	0.911733	
0.046439	0.687329	0.266232	
0.000792	0.008742	0.990466	
0.033766	0.148708	0.817526	
0.513021	0.344683	0.142296	
0.563103	0.326187	0.110710	
0.009012	0.690010	0.300979	
0.570601	0.315985	0.113414	
0.182251	0.437727	0.380022	
0.720858	0.125599	0.153543	
0.014001	0.542717	0.443282	
0.118763	0.386587	0.494650	
0.002264	0.022965	0.974771	
0.388150	0.417315	0.194535	
0.008979	0.552149	0.438872	
0.000105	0.003284	0.996611	
0.089739	0.644121	0.266140	
0.557724	0.317787	0.124489	
0.010425	0.567137	0.422438	
0.010476	0.451084	0.538440	
0.182251	0.437727	0.380022	
0.011620	0.081015	0.907365	
0.490493	0.350984	0.158522	
0.014333	0.670856	0.314812	
0.457872	0.403416	0.138712	
0.118852	0.590190	0.290958	
0.645581	0.258031	0.096388	
0.574994	0.314390	0.110616	
0.040680	0.578478	0.380842	
0.027748	0.413965	0.558287	
0.014727	0.591694	0.393579	
0.048454	0.498148	0.453398	
0.037074	0.471265	0.491662	
0.129078	0.213915	0.657008	
0.115430	0.512088	0.372483	
0.010079	0.220028	0.769893	
0.002469	0.039346	0.958185	
0.068825	0.297725	0.633450	
0.182251	0.437727	0.380022	
0.008058	0.175045	0.816897	
0.513677	0.338890	0.147434	
0.382569	0.344751	0.272680	
0.009422	0.460095	0.530484	
0.182251	0.437727	0.380022	
0.011881	0.082880	0.905240	
0.016210	0.247682	0.736108	
0.182251	0.437727	0.380022	
0.544004	0.353311	0.102685	
0.017866	0.143950	0.838184	
0.182251	0.437727	0.380022	
0.009783	0.684466	0.305751	
0.026134	0.461583	0.512283	
0.513723	0.307315	0.178961	
0.021350	0.458555	0.520095	
0.019137	0.621445	0.359418	
0.452283	0.416279	0.131438	
0.425243	0.359455	0.215303	
0.018670	0.634865	0.346465	
0.473483	0.338970	0.187548	
0.034665	0.084741	0.880594	
0.425438	0.370592	0.203970	
0.182251	0.437727	0.380022	
0.596904	0.303466	0.099630	
0.017979	0.318373	0.663648	
0.182251	0.437727	0.380022	
0.898959	0.092842	0.008200	
0.015404	0.497010	0.487587	
0.010001	0.500204	0.489796	
0.003516	0.044074	0.952410	
0.616027	0.305725	0.078248	
0.182251	0.437727	0.380022	
0.182251	0.437727	0.380022	
0.010741	0.106746	0.882513	
0.067682	0.636475	0.295842	
0.009125	0.345974	0.644902	
0.021896	0.225961	0.752142	
0.182251	0.437727	0.380022	
0.023911	0.489612	0.486477	
0.127754	0.679019	0.193228	
0.010377	0.204374	0.785249	
0.678600	0.269676	0.051724	
0.007165	0.421842	0.570994	
0.008984	0.485772	0.505244	
0.008411	0.644699	0.346891	
0.182251	0.437727	0.380022	
0.008264	0.434191	0.557545	
0.273648	0.222908	0.503443	
0.035091	0.152028	0.812880	
0.006453	0.087109	0.906438	
0.053935	0.660464	0.285601	
0.039109	0.085858	0.875033	
0.182251	0.437727	0.380022	
0.182251	0.437727	0.380022	
0.010796	0.647793	0.341411	
0.073970	0.569277	0.356753	
0.020266	0.269637	0.710097	
0.288865	0.267221	0.443914	
0.000617	0.011459	0.987924	
0.182251	0.437727	0.380022	
0.053767	0.629188	0.317045	
0.182251	0.437727	0.380022	
0.008113	0.557179	0.434708	
0.387808	0.479583	0.132610	
0.182251	0.437727	0.380022	
0.008013	0.503588	0.488399	
0.201993	0.396769	0.401238	
0.182251	0.437727	0.380022	
0.009278	0.176110	0.814613	
0.006894	0.091452	0.901654	
0.012241	0.119070	0.868689	
0.010154	0.230824	0.759022	
0.001678	0.018255	0.980067	
0.182251	0.437727	0.380022	
0.182251	0.437727	0.380022	
0.397388	0.484520	0.118092	
0.207452	0.229741	0.562807	
0.672403	0.267263	0.060334	
0.336255	0.528086	0.135660	
0.182251	0.437727	0.380022	
0.550413	0.337691	0.111896	
0.031155	0.096984	0.871861	
0.182251	0.437727	0.380022	
0.050616	0.106724	0.842660	
0.005225	0.053492	0.941283	
0.604890	0.294114	0.100996	
0.582538	0.315621	0.101841	
0.010202	0.141032	0.848765	
0.010430	0.455643	0.533926	
0.182251	0.437727	0.380022	
0.244018	0.498157	0.257824	
0.004725	0.039364	0.955911	
0.780206	0.200055	0.019738	
0.120276	0.291977	0.587747	
0.009439	0.492301	0.498260	
0.016230	0.729286	0.254484	
0.008582	0.493940	0.497477	
0.112778	0.475783	0.411439	
0.018535	0.515898	0.465567	
0.773768	0.197564	0.028669	
0.063211	0.751459	0.185330	
0.182251	0.437727	0.380022	
0.006473	0.057425	0.936101	
0.099689	0.361723	0.538588	
0.074151	0.573376	0.352473	
0.046092	0.259438	0.694470	
0.008738	0.605951	0.385311	
0.037659	0.524476	0.437865	
0.007282	0.340623	0.652095	
0.033113	0.420128	0.546759	
0.127494	0.267034	0.605472	
0.642849	0.282425	0.074726	
0.017008	0.354718	0.628274	
0.018784	0.606315	0.374901	
0.010679	0.595078	0.394243	
0.167206	0.664245	0.168550	
0.009266	0.334589	0.656145	
0.552594	0.329327	0.118079	
0.236557	0.485965	0.277478	
0.004663	0.066906	0.928431	
0.576922	0.333660	0.089419	
0.007945	0.639432	0.352623	
0.008547	0.437873	0.553579	
0.008314	0.643950	0.347736	
0.182251	0.437727	0.380022	
0.468479	0.370252	0.161269	
0.003576	0.034567	0.961857	
0.029649	0.558896	0.411455	
0.006715	0.286882	0.706403	
0.198075	0.223844	0.578081	
0.718520	0.238845	0.042635	
0.005912	0.093859	0.900229	
0.010736	0.307452	0.681812	
0.184706	0.556662	0.258632	
0.348007	0.442005	0.209987	
0.182251	0.437727	0.380022	
0.008844	0.408834	0.582322	
0.000725	0.012196	0.987080	
0.182251	0.437727	0.380022	
0.009108	0.252123	0.738769	
0.660642	0.275122	0.064236	
0.027505	0.412651	0.559844	
0.001453	0.016909	0.981638	
0.043161	0.375730	0.581109	
0.415902	0.389259	0.194840	
0.020254	0.621788	0.357958	
0.307521	0.622640	0.069839	
0.013236	0.621584	0.365180	
0.000791	0.009646	0.989563	
0.007873	0.162969	0.829158	
0.015223	0.263031	0.721746	
0.182251	0.437727	0.380022	
0.011385	0.226837	0.761778	
0.174618	0.326657	0.498725	
0.010640	0.583719	0.405641	
0.039449	0.324602	0.635949	
0.009867	0.598568	0.391565	
0.182251	0.437727	0.380022	
0.009230	0.670706	0.320064	
0.469056	0.365829	0.165115	
0.347137	0.527975	0.124888	
0.182251	0.437727	0.380022	
0.013528	0.076545	0.909926	
0.066373	0.665989	0.267638	
0.027830	0.713833	0.258337	
0.075615	0.691141	0.233244	
0.004364	0.054687	0.940949	
0.132871	0.137096	0.730033	
0.654046	0.275251	0.070703	
0.417542	0.457450	0.125008	
0.750159	0.206308	0.043533	
0.002792	0.041956	0.955251	
0.182251	0.437727	0.380022	
0.010950	0.606424	0.382626	
0.004659	0.047331	0.948010	
0.009277	0.411862	0.578860	
0.405606	0.436379	0.158015	
0.131964	0.615441	0.252594	
0.218424	0.469155	0.312421	
0.395350	0.334414	0.270236	
0.008597	0.112421	0.878982	
0.014561	0.314050	0.671390	
0.007867	0.629212	0.362920	
0.008613	0.111736	0.879651	
0.420520	0.419688	0.159792	
0.237622	0.614812	0.147566	
0.008866	0.510654	0.480480	
0.055401	0.495553	0.449047	
0.182251	0.437727	0.380022	
0.010885	0.605025	0.384090	
0.013915	0.553403	0.432682	
0.018866	0.703421	0.277713	
0.182251	0.437727	0.380022	
0.182251	0.437727	0.380022	
0.176570	0.629239	0.194191	
0.437151	0.268386	0.294463	
0.382706	0.482074	0.135220	
0.007683	0.052451	0.939866	
0.182251	0.437727	0.380022	
0.053186	0.602173	0.344641	
0.016353	0.273251	0.710396	
0.185204	0.597820	0.216976	
0.182251	0.437727	0.380022	
0.629059	0.299529	0.071411	
0.035105	0.244232	0.720662	
0.011324	0.105844	0.882833	
0.182251	0.437727	0.380022	
0.421225	0.331572	0.247204	
0.278436	0.326196	0.395368	
0.182251	0.437727	0.380022	
0.029817	0.625959	0.344224	
0.622372	0.234029	0.143598	
0.006362	0.654207	0.339432	
0.009755	0.673113	0.317131	
0.135513	0.383816	0.480671	
0.182251	0.437727	0.380022	
0.743095	0.206235	0.050670	
0.009223	0.518946	0.471830	
0.010177	0.379536	0.610287	
0.379441	0.518772	0.101787	
0.012235	0.534126	0.453639	
0.012459	0.132058	0.855483	
0.009573	0.277962	0.712466	
0.447474	0.420947	0.131579	
0.042590	0.549548	0.407863	
0.219177	0.601292	0.179531	
0.000694	0.012751	0.986555	
0.005577	0.040032	0.954391	
0.008168	0.562443	0.429390	
0.300349	0.551735	0.147916	
0.010589	0.528995	0.460416	
0.387031	0.369605	0.243364	
0.003530	0.035431	0.961039	
0.021155	0.514331	0.464514	
0.182251	0.437727	0.380022	
0.061673	0.229098	0.709228	
0.015852	0.727059	0.257088	
0.020036	0.169590	0.810374	
0.412041	0.405564	0.182394	
0.182251	0.437727	0.380022	
0.026075	0.774195	0.199731	
0.008140	0.612504	0.379357	
0.528064	0.336315	0.135621	
0.612915	0.303768	0.083316	
0.227160	0.160514	0.612327	
0.013604	0.292475	0.693920	
0.017561	0.407290	0.575150	
0.013895	0.535846	0.450259	
0.021705	0.691499	0.286795	
0.009074	0.529753	0.461173	
0.793446	0.179554	0.027000	
0.039616	0.685227	0.275157	
0.008022	0.521106	0.470872	
0.013067	0.400603	0.586330	
0.010969	0.081398	0.907633	
0.089352	0.220511	0.690138	
0.573541	0.309586	0.116873	
0.775678	0.184267	0.040055	
0.003860	0.039684	0.956456	
0.182251	0.437727	0.380022	
0.009924	0.126931	0.863144	
0.182251	0.437727	0.380022	
0.008995	0.663835	0.327171	
0.655511	0.267114	0.077375	
0.180421	0.617487	0.202092	
0.001921	0.016412	0.981667	
0.182251	0.437727	0.380022	
0.083182	0.531982	0.384836	
0.027246	0.542633	0.430122	
0.055859	0.638830	0.305310	
0.004506	0.034373	0.961121	
0.027460	0.719585	0.252955	
0.013023	0.586274	0.400703	
0.019223	0.197135	0.783642	
0.167765	0.582612	0.249624	
0.016149	0.658340	0.325510	
0.182251	0.437727	0.380022	
0.018352	0.528986	0.452662	
0.005232	0.045752	0.949016	
0.221016	0.267106	0.511878	
0.182251	0.437727	0.380022	
0.002330	0.031974	0.965696	
0.046025	0.385123	0.568852	
0.008058	0.322626	0.669316	
0.182251	0.437727	0.380022	
0.009366	0.616619	0.374015	
0.291138	0.539641	0.169221	
0.361029	0.461533	0.177438	
0.022032	0.471084	0.506884	
0.004413	0.052462	0.943125	
0.009298	0.587382	0.403320	
0.007997	0.106099	0.885904	
0.006339	0.279080	0.714582	
0.001352	0.034475	0.964172	
0.182251	0.437727	0.380022	
0.063918	0.746187	0.189895	
0.107939	0.673936	0.218125	
0.033681	0.659966	0.306353	
0.085349	0.181243	0.733408	
0.023674	0.060148	0.916178	
0.515048	0.336743	0.148209	
0.005675	0.074175	0.920150	
0.009968	0.598333	0.391699	
0.017086	0.060236	0.922678	
0.010132	0.614739	0.375129	
0.182251	0.437727	0.380022	
0.758809	0.209595	0.031596	
0.007818	0.052402	0.939780	
0.009423	0.606422	0.384155	
0.086490	0.698699	0.214811	
0.001919	0.038476	0.959605	
0.010811	0.611951	0.377238	
0.182251	0.437727	0.380022	
0.015989	0.623818	0.360194	
0.182251	0.437727	0.380022	
0.182251	0.437727	0.380022	
0.543095	0.339194	0.117711	
0.513401	0.345358	0.141241	
0.010754	0.310505	0.678741	
0.228378	0.502197	0.269425	
0.013205	0.079819	0.906975	
0.234647	0.676594	0.088759	
0.006845	0.225530	0.767625	
0.477862	0.406688	0.115450	
0.008478	0.690147	0.301375	
0.009194	0.548906	0.441900	
0.405368	0.295044	0.299588	
0.623421	0.282766	0.093813	
0.016218	0.558059	0.425722	
0.001046	0.012710	0.986244	
0.452196	0.403586	0.144217	
0.374627	0.424933	0.200439	
0.182251	0.437727	0.380022	
0.404434	0.413519	0.182046	
0.143637	0.344928	0.511435	
0.286453	0.604309	0.109238	
0.337688	0.355450	0.306862	
0.182251	0.437727	0.380022	
0.182251	0.437727	0.380022	
0.016126	0.611695	0.372179	
0.182251	0.437727	0.380022	
0.080088	0.673718	0.246194	
0.182251	0.437727	0.380022	
0.009602	0.491275	0.499123	
0.459318	0.354353	0.186329	
0.618895	0.286718	0.094387	
0.250091	0.305304	0.444605	
0.365655	0.340467	0.293878	
0.340063	0.546579	0.113358	
0.015423	0.218429	0.766148	
0.182251	0.437727	0.380022	
0.020408	0.483078	0.496514	
0.009722	0.559359	0.430919	
0.506575	0.366251	0.127174	
0.148882	0.679775	0.171343	
0.009562	0.052860	0.937578	
0.182251	0.437727	0.380022	
0.783471	0.193750	0.022778	
0.016460	0.728839	0.254701	
0.012886	0.207626	0.779488	
0.489437	0.326471	0.184093	
0.005280	0.039303	0.955417	
0.462339	0.397121	0.140541	
0.213325	0.605606	0.181069	
0.585345	0.310142	0.104512	
0.487498	0.354953	0.157549	
0.109761	0.161791	0.728448	
0.492368	0.296407	0.211225	
0.028550	0.699677	0.271773	
0.009313	0.246894	0.743793	
0.014759	0.091106	0.894136	
0.010126	0.572201	0.417673	
0.579969	0.324481	0.095550	
0.174167	0.523510	0.302323	
0.182251	0.437727	0.380022	
0.026351	0.649790	0.323859	
0.006633	0.295205	0.698162	
0.402321	0.355287	0.242392	
0.007462	0.045425	0.947113	
0.002729	0.027351	0.969919	
0.237253	0.565117	0.197630	
0.011868	0.588981	0.399151	
0.029058	0.110779	0.860163	
0.182251	0.437727	0.380022	
0.010483	0.095314	0.894203	
0.030705	0.658816	0.310479	
0.008949	0.467199	0.523852	
0.003781	0.057572	0.938647	
0.011751	0.530834	0.457415	
0.017293	0.088629	0.894079	
0.074582	0.585992	0.339426	
0.002974	0.046579	0.950447	
0.016263	0.541348	0.442389	
0.000154	0.005105	0.994741	
0.053226	0.702971	0.243803	
0.657172	0.244049	0.098779	
0.008562	0.519291	0.472148	
0.004104	0.070080	0.925817	
0.008074	0.082088	0.909838	
0.125457	0.676959	0.197585	
0.005079	0.045074	0.949847	
0.009971	0.560254	0.429775	
0.002154	0.036445	0.961401	
0.182251	0.437727	0.380022	
0.009402	0.495737	0.494860	
0.016230	0.588802	0.394969	
0.086907	0.486939	0.426154	
0.182251	0.437727	0.380022	
0.004424	0.043596	0.951980	
0.010063	0.517718	0.472219	
0.058990	0.404525	0.536485	
0.097647	0.739168	0.163185	
0.524794	0.340651	0.134555	
0.514638	0.342323	0.143040	
0.009270	0.400787	0.589943	
0.560165	0.309175	0.130660	
0.082890	0.590431	0.326679	
0.593648	0.289880	0.116473	
0.021762	0.541393	0.436845	
0.000136	0.003480	0.996385	
0.021306	0.618159	0.360535	
0.294184	0.549059	0.156757	
0.467624	0.423002	0.109374	
0.618701	0.284162	0.097137	
0.365241	0.209252	0.425507	
0.351930	0.322188	0.325882	
0.001892	0.021029	0.977079	
0.224073	0.599317	0.176609	
0.268038	0.554483	0.177479	
0.349559	0.364773	0.285669	
0.182251	0.437727	0.380022	
0.466282	0.381870	0.151848	
0.182251	0.437727	0.380022	
0.008303	0.599469	0.392228	
0.010234	0.469313	0.520453	
0.007537	0.303320	0.689143	
0.182251	0.437727	0.380022	
0.148860	0.185249	0.665891	
0.182251	0.437727	0.380022	
0.481037	0.360123	0.158841	
0.019277	0.119214	0.861509	
0.182251	0.437727	0.380022	
0.035154	0.140781	0.824064	
0.680915	0.266619	0.052466	
0.007693	0.217816	0.774491	
0.182251	0.437727	0.380022	
0.182251	0.437727	0.380022	
0.634251	0.281424	0.084325	
0.010960	0.587056	0.401984	
0.009027	0.293126	0.697847	
0.006728	0.280159	0.713113	
0.024817	0.133824	0.841359	
0.028127	0.723197	0.248676	
0.182251	0.437727	0.380022	
0.501494	0.347663	0.150843	
0.165233	0.360733	0.474034	
0.014800	0.342218	0.642982	
0.158751	0.436155	0.405093	
0.000992	0.013293	0.985715	
0.047855	0.299467	0.652677	
0.026548	0.129477	0.843975	
0.170406	0.222408	0.607186	
0.470329	0.392233	0.137438	
0.176335	0.630937	0.192729	
0.025344	0.093961	0.880695	
0.453012	0.369054	0.177934	
0.114961	0.725793	0.159246	
0.580229	0.294004	0.125767	
0.402875	0.417339	0.179785	
0.020463	0.094548	0.884989	
0.010161	0.048792	0.941048	
0.157595	0.644503	0.197903	
0.033572	0.204820	0.761608	
0.657163	0.251037	0.091800	
0.468993	0.428165	0.102841	
0.330125	0.451476	0.218399	
0.028782	0.078811	0.892406	
0.650216	0.264549	0.085236	
0.118898	0.278321	0.602781	
0.757960	0.215840	0.026200	
0.041296	0.579356	0.379348	
0.391504	0.346816	0.261680	
0.182251	0.437727	0.380022	
0.182251	0.437727	0.380022	
0.670132	0.251193	0.078676	
0.196633	0.582799	0.220568	
0.012119	0.413589	0.574292	
0.010492	0.666008	0.323500	
0.012597	0.140604	0.846799	
0.053331	0.590692	0.355977	
0.002707	0.071190	0.926103	
0.009012	0.666727	0.324260	
0.001217	0.015809	0.982974	
0.182251	0.437727	0.380022	
0.023930	0.146228	0.829842	
0.169049	0.397247	0.433704	
0.002926	0.035147	0.961928	
0.087112	0.523804	0.389084	
0.003755	0.043252	0.952993	
0.004703	0.061007	0.934290	
0.182251	0.437727	0.380022	
0.737149	0.228947	0.033904	
0.182251	0.437727	0.380022	
0.007005	0.149905	0.843090	
0.612997	0.293521	0.093483	
0.029184	0.496873	0.473943	
0.182251	0.437727	0.380022	
0.182251	0.437727	0.380022	
0.000359	0.002928	0.996714	
0.142504	0.521896	0.335600	
0.010242	0.398436	0.591322	
0.018353	0.603442	0.378205	
0.034003	0.614958	0.351039	
0.303287	0.473664	0.223049	
0.639575	0.247731	0.112695	
0.029939	0.166783	0.803279	
0.182251	0.437727	0.380022	
0.005212	0.151216	0.843572	
0.182251	0.437727	0.380022	
0.490683	0.469734	0.039583	
0.013628	0.624620	0.361752	
0.648423	0.273943	0.077633	
0.011437	0.410431	0.578132	
0.594965	0.329357	0.075678	
0.000602	0.013443	0.985955	
0.000491	0.006454	0.993054	
0.072790	0.704242	0.222968	
0.072052	0.676331	0.251617	
0.002030	0.023030	0.974940	
0.261130	0.418946	0.319924	
0.182251	0.437727	0.380022	
0.007737	0.589502	0.402760	
0.182251	0.437727	0.380022	
0.209299	0.527537	0.263163	
0.182251	0.437727	0.380022	
0.010143	0.626324	0.363533	
0.011214	0.704126	0.284660	
0.010595	0.336230	0.653175	
0.182251	0.437727	0.380022	
0.251745	0.517770	0.230485	
0.007698	0.485453	0.506850	
0.222350	0.257870	0.519780	
0.008263	0.479256	0.512480	
0.004145	0.063945	0.931909	
0.005494	0.043629	0.950877	
0.182251	0.437727	0.380022	
0.182251	0.437727	0.380022	
0.030744	0.493035	0.476221	
0.582057	0.329527	0.088416	
0.013308	0.139096	0.847595	
0.012903	0.164330	0.822767	
0.023901	0.686199	0.289901	
0.595422	0.304667	0.099910	
0.182251	0.437727	0.380022	
0.557905	0.310791	0.131304	
0.018282	0.582046	0.399672	
0.010738	0.351089	0.638173	
0.006560	0.357650	0.635790	
0.008359	0.076693	0.914947	
0.261983	0.487548	0.250468	
0.483320	0.420054	0.096626	
0.003688	0.032240	0.964071	
0.009171	0.583794	0.407035	
0.002225	0.026397	0.971377	
0.017989	0.710327	0.271684	
0.008253	0.630154	0.361593	
0.010947	0.186686	0.802368	
0.546685	0.226156	0.227158	
0.182251	0.437727	0.380022	
0.009151	0.090474	0.900375	
0.013469	0.135753	0.850778	
0.068024	0.649078	0.282898	
0.384089	0.474992	0.140919	
0.182251	0.437727	0.380022	
0.009479	0.373209	0.617312	
0.470971	0.397277	0.131752	
0.009640	0.189180	0.801180	
0.284330	0.279963	0.435707	
0.016692	0.274030	0.709278	
0.045159	0.567690	0.387152	
0.182251	0.437727	0.380022	
0.014076	0.637490	0.348433	
0.283639	0.547697	0.168664	
0.009219	0.602614	0.388168	
0.271756	0.537648	0.190596	
0.268548	0.557157	0.174295	
0.441644	0.472042	0.086314	
0.182251	0.437727	0.380022	
0.040145	0.632949	0.326906	
0.010662	0.700624	0.288714	
0.182251	0.437727	0.380022	
0.021037	0.723821	0.255142	
0.182251	0.437727	0.380022	
0.041430	0.653075	0.305495	
0.182251	0.437727	0.380022	
0.000122	0.003468	0.996410	
0.012699	0.063357	0.923944	
0.617671	0.307658	0.074671	
0.014936	0.204826	0.780238	
0.182251	0.437727	0.380022	
0.182251	0.437727	0.380022	
0.666109	0.258024	0.075867	
0.182251	0.437727	0.380022	
0.445398	0.368746	0.185857	
0.050445	0.702011	0.247544	
0.319900	0.545028	0.135072	
0.009863	0.587767	0.402369	
0.677110	0.265241	0.057649	
0.485803	0.361477	0.152720	
0.240865	0.397625	0.361510	
0.001216	0.017895	0.980889	
0.009412	0.467273	0.523315	
0.089376	0.149698	0.760926	
0.127221	0.355306	0.517473	
0.534398	0.357538	0.108065	
0.045970	0.219185	0.734846	
0.182251	0.437727	0.380022	
0.081939	0.409913	0.508148	
0.581611	0.313741	0.104648	
0.366785	0.374493	0.258722	
0.030606	0.110938	0.858456	
0.008731	0.456230	0.535039	
0.051636	0.743867	0.204498	
0.009289	0.598856	0.391855	
0.015420	0.158616	0.825964	
0.011947	0.082546	0.905507	
0.010218	0.535569	0.454212	
0.049293	0.127740	0.822967	
0.017881	0.468281	0.513838	
0.006113	0.060726	0.933161	
0.010698	0.591145	0.398157	
0.182251	0.437727	0.380022	
0.132776	0.602373	0.264851	
0.003996	0.041415	0.954590	
0.343005	0.548598	0.108398	
0.182251	0.437727	0.380022	
0.024271	0.088698	0.887031	
0.465025	0.404926	0.130049	
0.812429	0.165181	0.022390	
0.008821	0.102831	0.888348	
0.026396	0.691728	0.281875	
0.182251	0.437727	0.380022	
0.010370	0.399438	0.590192	
0.012377	0.227941	0.759682	
0.098488	0.333050	0.568462	
0.050092	0.608330	0.341578	
0.014684	0.381934	0.603381	
0.234888	0.640480	0.124632	
0.049986	0.512729	0.437285	
0.015629	0.656506	0.327865	
0.561748	0.326386	0.111865	
0.019601	0.746139	0.234260	
0.014347	0.583818	0.401835	
0.620683	0.308786	0.070531	
0.182251	0.437727	0.380022	
0.332796	0.534036	0.133168	
0.016523	0.443118	0.540359	
0.357499	0.400357	0.242144	
0.010170	0.603023	0.386807	
0.086739	0.098926	0.814335	
0.006570	0.052046	0.941384	
0.880320	0.109704	0.009976	
0.182251	0.437727	0.380022	
0.022841	0.675771	0.301388	
0.010580	0.434962	0.554458	
