0.023415	0.300719	0.675867	
0.678503	0.247068	0.074429	
0.410157	0.202884	0.386958	
0.701489	0.261280	0.037231	
0.173047	0.446027	0.380926	
0.173047	0.446027	0.380926	
0.022109	0.162899	0.814992	
0.579711	0.319155	0.101134	
0.064859	0.196179	0.738962	
0.452475	0.381477	0.166048	
0.159963	0.489742	0.350295	
0.027343	0.720939	0.251718	
0.004890	0.201083	0.794027	
0.173047	0.446027	0.380926	
0.006848	0.734730	0.258423	
0.030307	0.139049	0.830645	
0.043477	0.501719	0.454804	
0.397337	0.560985	0.041678	
0.173047	0.446027	0.380926	
0.173047	0.446027	0.380926	
0.000811	0.018945	0.980244	
0.049681	0.284724	0.665595	
0.033370	0.308628	0.658002	
0.727377	0.219189	0.053434	
0.173047	0.446027	0.380926	
0.758292	0.191094	0.050614	
0.005399	0.601286	0.393315	
0.173047	0.446027	0.380926	
0.070901	0.594447	0.334652	
0.128992	0.326117	0.544891	
0.092536	0.283584	0.623881	
0.002792	0.088216	0.908992	
0.005533	0.047101	0.947367	
0.007725	0.107606	0.884670	
0.009804	0.647117	0.343079	
0.005678	0.162406	0.831916	
0.587105	0.329726	0.083169	
0.476877	0.380081	0.143042	
0.173047	0.446027	0.380926	
0.173047	0.446027	0.380926	
0.173047	0.446027	0.380926	
0.148254	0.743464	0.108282	
0.066473	0.631885	0.301642	
0.553612	0.314253	0.132134	
0.012005	0.628435	0.359560	
0.173047	0.446027	0.380926	
0.003590	0.123999	0.872411	
0.135389	0.167589	0.697022	
0.004989	0.414020	0.580992	
0.003488	0.055965	0.940547	
0.173047	0.446027	0.380926	
0.098274	0.536338	0.365389	
0.009904	0.486566	0.503530	
0.005115	0.140965	0.853920	
0.007833	0.663896	0.328271	
0.173047	0.446027	0.380926	
0.173047	0.446027	0.380926	
0.173047	0.446027	0.380926	
0.006526	0.435408	0.558066	
0.363667	0.363692	0.272641	
0.220087	0.468672	0.311241	
0.586844	0.301046	0.112110	
0.010119	0.207575	0.782305	
0.098236	0.231610	0.670154	
0.173047	0.446027	0.380926	
0.012774	0.329396	0.657830	
0.908827	0.080046	0.011127	
0.173047	0.446027	0.380926	
0.325943	0.452023	0.222034	
0.003780	0.117750	0.878470	
0.764478	0.189557	0.045965	
0.191269	0.366090	0.442641	
0.005981	0.510124	0.483895	
0.016128	0.537638	0.446234	
0.173047	0.446027	0.380926	
0.173047	0.446027	0.380926	
0.173047	0.446027	0.380926	
0.001786	0.028648	0.969566	
0.008432	0.681916	0.309651	
0.173047	0.446027	0.380926	
0.023505	0.635382	0.341113	
0.002024	0.021407	0.976570	
0.276704	0.478018	0.245278	
0.031295	0.093620	0.875084	
0.173047	0.446027	0.380926	
0.111991	0.469322	0.418687	
0.035861	0.560599	0.403540	
0.002790	0.092304	0.904905	
0.005209	0.060920	0.933871	
0.382348	0.336601	0.281051	
0.113778	0.552679	0.333543	
0.022779	0.583854	0.393366	
0.066233	0.785506	0.148261	
0.173047	0.446027	0.380926	
0.581384	0.321954	0.096662	
0.003841	0.312648	0.683511	
0.173047	0.446027	0.380926	
0.010524	0.629096	0.360380	
0.004453	0.413769	0.581779	
0.005105	0.041759	0.953136	
0.018107	0.647751	0.334142	
0.050035	0.609689	0.340276	
0.576874	0.360254	0.062872	
0.065831	0.403177	0.530992	
0.160021	0.463474	0.376505	
0.007473	0.682296	0.310231	
0.016002	0.538745	0.445253	
0.013772	0.379761	0.606467	
0.022322	0.487711	0.489967	
0.726889	0.225171	0.047940	
0.008617	0.160786	0.830597	
0.765947	0.191849	0.042204	
0.093709	0.677648	0.228643	
0.072340	0.576247	0.351413	
0.148196	0.401052	0.450752	
0.007099	0.559130	0.433771	
0.059684	0.130134	0.810182	
0.027409	0.628061	0.344530	
0.011460	0.434306	0.554234	
0.014149	0.748417	0.237434	
0.030084	0.561728	0.408188	
0.173047	0.446027	0.380926	
0.327085	0.366882	0.306033	
0.007066	0.146964	0.845970	
0.173047	0.446027	0.380926	
0.173047	0.446027	0.380926	
0.173047	0.446027	0.380926	
0.845410	0.137962	0.016628	
0.009158	0.603157	0.387685	
0.034591	0.434963	0.530446	
0.015402	0.510530	0.474068	
0.012916	0.566454	0.420630	
0.136579	0.401079	0.462342	
0.756312	0.194591	0.049096	
0.059813	0.584644	0.355543	
0.173047	0.446027	0.380926	
0.036923	0.530778	0.432299	
0.362495	0.359475	0.278031	
0.012421	0.544521	0.443058	
0.000358	0.009973	0.989669	
0.005233	0.655967	0.338800	
0.173047	0.446027	0.380926	
0.020408	0.210306	0.769286	
0.015445	0.353987	0.630569	
0.000050	0.008158	0.991792	
0.540229	0.369834	0.089936	
0.010054	0.656356	0.333590	
0.076305	0.590660	0.333035	
0.005959	0.587147	0.406894	
0.006847	0.340998	0.652155	
0.009064	0.660100	0.330836	
0.131247	0.545702	0.323051	
0.173047	0.446027	0.380926	
0.232567	0.203834	0.563599	
0.522738	0.367080	0.110182	
0.010242	0.683937	0.305821	
0.123527	0.560698	0.315776	
0.069304	0.509140	0.421557	
0.007055	0.602648	0.390296	
0.118991	0.652066	0.228944	
0.047373	0.419625	0.533002	
0.007001	0.217803	0.775196	
0.430428	0.392043	0.177530	
0.352990	0.409869	0.237141	
0.475654	0.298577	0.225769	
0.029922	0.313361	0.656717	
0.010571	0.050647	0.938783	
0.330252	0.375511	0.294238	
0.173047	0.446027	0.380926	
0.038338	0.553500	0.408162	
0.010364	0.351608	0.638028	
0.173047	0.446027	0.380926	
0.203954	0.727195	0.068851	
0.138507	0.608754	0.252739	
0.063716	0.303163	0.633121	
0.002805	0.099633	0.897563	
0.060915	0.603653	0.335432	
0.415566	0.350572	0.233862	
0.060796	0.439968	0.499236	
0.305784	0.402838	0.291378	
0.013395	0.690246	0.296360	
0.015968	0.348244	0.635788	
0.036250	0.320947	0.642803	
0.173047	0.446027	0.380926	
0.007318	0.447249	0.545433	
0.090806	0.771116	0.138078	
0.046068	0.399308	0.554624	
0.812326	0.159566	0.028107	
0.550306	0.300652	0.149041	
0.104684	0.421920	0.473395	
0.173047	0.446027	0.380926	
0.000196	0.007457	0.992347	
0.173047	0.446027	0.380926	
0.067248	0.632183	0.300569	
0.001820	0.094255	0.903925	
0.173047	0.446027	0.380926	
0.332536	0.526471	0.140994	
0.807134	0.156206	0.036660	
0.008081	0.367464	0.624455	
0.173047	0.446027	0.380926	
0.035082	0.417705	0.547212	
0.084306	0.445544	0.470149	
0.000380	0.017444	0.982176	
0.141824	0.458354	0.399822	
0.012001	0.354866	0.633133	
0.000638	0.020854	0.978508	
0.007761	0.625635	0.366604	
0.024081	0.527988	0.447931	
0.083437	0.662373	0.254189	
0.427263	0.415662	0.157075	
0.781266	0.178364	0.040370	
0.014201	0.526973	0.458827	
0.006414	0.368632	0.624954	
0.007277	0.609815	0.382909	
0.250311	0.426420	0.323269	
0.173047	0.446027	0.380926	
0.173047	0.446027	0.380926	
0.020319	0.562063	0.417618	
0.013651	0.116312	0.870037	
0.132889	0.299740	0.567371	
0.022682	0.638962	0.338357	
0.173047	0.446027	0.380926	
0.042226	0.467573	0.490201	
0.173047	0.446027	0.380926	
0.051500	0.456280	0.492219	
0.076045	0.539483	0.384471	
0.382510	0.511322	0.106168	
0.019677	0.631332	0.348991	
0.493807	0.400752	0.105441	
0.642276	0.298958	0.058766	
0.505619	0.348579	0.145802	
0.577184	0.390567	0.032249	
0.000061	0.005029	0.994909	
0.519087	0.334873	0.146040	
0.010895	0.053851	0.935255	
0.173047	0.446027	0.380926	
0.234124	0.344433	0.421443	
0.005626	0.162467	0.831907	
0.687683	0.238800	0.073517	
0.645633	0.256964	0.097403	
0.033539	0.536011	0.430451	
0.078900	0.758311	0.162789	
0.173047	0.446027	0.380926	
0.111991	0.469322	0.418687	
0.004105	0.504347	0.491548	
0.436028	0.388138	0.175834	
0.005412	0.625752	0.368836	
0.020614	0.155859	0.823526	
0.173047	0.446027	0.380926	
0.341222	0.564306	0.094472	
0.173047	0.446027	0.380926	
0.073177	0.345469	0.581354	
0.155941	0.577511	0.266547	
0.010272	0.348143	0.641585	
0.855066	0.120966	0.023968	
0.173047	0.446027	0.380926	
0.295128	0.442034	0.262838	
0.002624	0.120300	0.877076	
0.173047	0.446027	0.380926	
0.170634	0.566234	0.263132	
0.006436	0.607619	0.385945	
0.173047	0.446027	0.380926	
0.173047	0.446027	0.380926	
0.004676	0.537092	0.458232	
0.004950	0.052399	0.942650	
0.391149	0.413578	0.195272	
0.010866	0.434431	0.554703	
0.173047	0.446027	0.380926	
0.373299	0.364529	0.262172	
0.173047	0.446027	0.380926	
0.173047	0.446027	0.380926	
0.016787	0.194108	0.789106	
0.048081	0.113481	0.838438	
0.035828	0.096985	0.867187	
0.007390	0.239815	0.752795	
0.005115	0.126438	0.868446	
0.014113	0.642390	0.343497	
0.053043	0.771349	0.175608	
0.004131	0.065180	0.930689	
0.387078	0.426148	0.186774	
0.458089	0.349588	0.192322	
0.002263	0.032067	0.965669	
0.173047	0.446027	0.380926	
0.012976	0.364195	0.622829	
0.013476	0.117985	0.868540	
0.674560	0.230761	0.094679	
0.017813	0.598153	0.384033	
0.027204	0.405874	0.566922	
0.477077	0.428281	0.094643	
0.173047	0.446027	0.380926	
0.033246	0.669847	0.296907	
0.252244	0.522501	0.225255	
0.173047	0.446027	0.380926	
0.003361	0.130128	0.866512	
0.718026	0.205842	0.076132	
0.011755	0.691694	0.296551	
0.075495	0.639518	0.284987	
0.173047	0.446027	0.380926	
0.138030	0.497253	0.364717	
0.532006	0.424167	0.043827	
0.017098	0.178547	0.804355	
0.030966	0.333986	0.635047	
0.075928	0.527550	0.396523	
0.173047	0.446027	0.380926	
0.173047	0.446027	0.380926	
0.060869	0.642545	0.296586	
0.436992	0.366028	0.196981	
0.173047	0.446027	0.380926	
0.067239	0.291964	0.640797	
0.068335	0.293150	0.638515	
0.002914	0.665026	0.332060	
0.006168	0.639581	0.354252	
0.000223	0.017705	0.982072	
0.783475	0.187063	0.029462	
0.913523	0.076465	0.010012	
0.333113	0.411036	0.255851	
0.010890	0.459005	0.530105	
0.006700	0.672883	0.320417	
0.058968	0.094582	0.846450	
0.900774	0.083943	0.015283	
0.000075	0.003312	0.996613	
0.034093	0.105126	0.860781	
0.173047	0.446027	0.380926	
0.352326	0.236480	0.411194	
0.039329	0.715111	0.245560	
0.008230	0.609198	0.382571	
0.173047	0.446027	0.380926	
0.027813	0.672415	0.299772	
0.073331	0.553492	0.373177	
0.444496	0.437100	0.118404	
0.006958	0.077546	0.915496	
0.011082	0.511455	0.477463	
0.168834	0.291373	0.539793	
0.075158	0.653345	0.271497	
0.016398	0.374982	0.608620	
0.173047	0.446027	0.380926	
0.187328	0.424136	0.388536	
0.162543	0.639665	0.197793	
0.445689	0.328537	0.225774	
0.173047	0.446027	0.380926	
0.014899	0.430447	0.554654	
0.465187	0.418967	0.115846	
0.331633	0.476358	0.192009	
0.102735	0.452772	0.444493	
0.204767	0.174377	0.620856	
0.010646	0.318599	0.670755	
0.420735	0.348406	0.230859	
0.173047	0.446027	0.380926	
0.037129	0.430974	0.531897	
0.193130	0.427829	0.379041	
0.019192	0.668398	0.312409	
0.008512	0.308690	0.682798	
0.341866	0.339104	0.319030	
0.735146	0.218762	0.046092	
0.555075	0.348889	0.096036	
0.084084	0.468869	0.447047	
0.025722	0.106102	0.868176	
0.337113	0.220961	0.441926	
0.244116	0.453576	0.302308	
0.151731	0.643932	0.204337	
0.173047	0.446027	0.380926	
0.046233	0.577054	0.376713	
0.085263	0.386862	0.527874	
0.447020	0.468184	0.084796	
0.105304	0.455173	0.439523	
0.279703	0.336669	0.383629	
0.132116	0.121732	0.746152	
0.202093	0.362077	0.435830	
0.011073	0.054862	0.934065	
0.004509	0.651211	0.344280	
0.329379	0.391869	0.278753	
0.011944	0.118031	0.870025	
0.504015	0.431676	0.064310	
0.359805	0.363494	0.276701	
0.076074	0.520847	0.403079	
0.006176	0.111546	0.882278	
0.004639	0.047914	0.947447	
0.434035	0.446769	0.119196	
0.189089	0.299755	0.511155	
0.011954	0.372079	0.615967	
0.014819	0.061774	0.923406	
0.307049	0.523819	0.169132	
0.027041	0.711016	0.261943	
0.011186	0.557718	0.431096	
0.214453	0.409166	0.376381	
0.045941	0.606491	0.347568	
0.007612	0.047672	0.944716	
0.542150	0.303513	0.154337	
0.173047	0.446027	0.380926	
0.173047	0.446027	0.380926	
0.699278	0.202934	0.097789	
0.044246	0.545637	0.410117	
0.451702	0.400663	0.147635	
0.173047	0.446027	0.380926	
0.649866	0.299995	0.050139	
0.192357	0.565552	0.242091	
0.173047	0.446027	0.380926	
0.554158	0.337908	0.107934	
0.011911	0.716996	0.271093	
0.559925	0.315902	0.124173	
0.173047	0.446027	0.380926	
0.033547	0.436356	0.530097	
0.026879	0.354756	0.618366	
0.103231	0.577113	0.319656	
0.173047	0.446027	0.380926	
0.013996	0.513913	0.472091	
0.213037	0.427031	0.359932	
0.080967	0.221997	0.697036	
0.145149	0.621132	0.233719	
0.809423	0.152668	0.037909	
0.008963	0.115782	0.875255	
0.024352	0.528436	0.447212	
0.031233	0.247400	0.721367	
0.298610	0.548256	0.153134	
0.173047	0.446027	0.380926	
0.001106	0.036518	0.962376	
0.086811	0.472365	0.440824	
0.579425	0.341615	0.078960	
0.000152	0.009789	0.990060	
0.045322	0.270239	0.684439	
0.686267	0.228433	0.085299	
0.005947	0.148134	0.845920	
0.008279	0.671936	0.319785	
0.655843	0.258988	0.085169	
0.011194	0.552661	0.436145	
0.100374	0.421846	0.477780	
0.038054	0.330894	0.631052	
0.173047	0.446027	0.380926	
0.123793	0.617380	0.258827	
0.725462	0.228549	0.045989	
0.413741	0.544739	0.041520	
0.080359	0.583389	0.336252	
0.001239	0.045211	0.953550	
0.647339	0.287885	0.064776	
0.173047	0.446027	0.380926	
0.003159	0.083416	0.913425	
0.001918	0.023175	0.974907	
0.007789	0.622129	0.370082	
0.687456	0.244526	0.068018	
0.012095	0.624016	0.363888	
0.665738	0.247934	0.086327	
0.122145	0.679779	0.198076	
0.173047	0.446027	0.380926	
0.362364	0.389941	0.247695	
0.143473	0.645213	0.211314	
0.687831	0.241284	0.070884	
0.380840	0.474755	0.144405	
0.173047	0.446027	0.380926	
0.016013	0.351543	0.632443	
0.068466	0.249402	0.682132	
0.008097	0.150875	0.841028	
0.415179	0.268260	0.316560	
0.007422	0.344339	0.648239	
0.031589	0.156283	0.812128	
0.805833	0.154456	0.039711	
0.007901	0.548036	0.444064	
0.040963	0.388149	0.570888	
0.453042	0.338325	0.208634	
0.003548	0.701739	0.294713	
0.173047	0.446027	0.380926	
0.021347	0.255805	0.722847	
0.030393	0.262271	0.707336	
0.227566	0.485847	0.286587	
0.244094	0.321664	0.434242	
0.173047	0.446027	0.380926	
0.173047	0.446027	0.380926	
0.024657	0.318968	0.656375	
0.002656	0.028957	0.968387	
0.000457	0.024843	0.974700	
0.021989	0.671955	0.306056	
0.131826	0.771808	0.096367	
0.586859	0.324245	0.088897	
0.007599	0.312333	0.680068	
0.005142	0.474155	0.520703	
0.304691	0.579768	0.115542	
0.816105	0.153865	0.030030	
0.173047	0.446027	0.380926	
0.000339	0.009188	0.990474	
0.007753	0.032125	0.960122	
0.014975	0.576023	0.409002	
0.319329	0.385627	0.295045	
0.138031	0.331358	0.530611	
0.003401	0.656477	0.340122	
0.000119	0.004557	0.995324	
0.374373	0.524963	0.100664	
0.373187	0.346754	0.280059	
0.638457	0.290539	0.071004	
0.173047	0.446027	0.380926	
0.026087	0.267323	0.706590	
0.010199	0.180195	0.809606	
0.181033	0.206583	0.612383	
0.005403	0.088918	0.905679	
0.030188	0.583541	0.386270	
0.000928	0.007034	0.992038	
0.173047	0.446027	0.380926	
0.014644	0.485680	0.499676	
0.173047	0.446027	0.380926	
0.030913	0.496957	0.472130	
0.008081	0.337294	0.654625	
0.007242	0.050677	0.942082	
0.475488	0.375753	0.148758	
0.584652	0.292440	0.122908	
0.035008	0.474096	0.490895	
0.173047	0.446027	0.380926	
0.013846	0.636664	0.349490	
0.005331	0.301158	0.693510	
0.084886	0.704769	0.210345	
0.005073	0.149804	0.845123	
0.012211	0.666367	0.321422	
0.216781	0.389377	0.393842	
0.198007	0.617876	0.184117	
0.010952	0.610813	0.378234	
0.000132	0.008786	0.991082	
0.672241	0.223969	0.103790	
0.009599	0.621533	0.368868	
0.076013	0.564314	0.359673	
0.056562	0.634088	0.309351	
0.021615	0.430793	0.547593	
0.704015	0.229527	0.066459	
0.018939	0.538239	0.442822	
0.210697	0.385827	0.403476	
0.055630	0.453739	0.490631	
0.052431	0.668768	0.278801	
0.004588	0.055031	0.940380	
0.173047	0.446027	0.380926	
0.009770	0.147592	0.842638	
0.024656	0.163614	0.811730	
0.003084	0.073671	0.923245	
0.180239	0.588872	0.230889	
0.049741	0.157701	0.792558	
0.006039	0.543934	0.450027	
0.011223	0.295087	0.693690	
0.019643	0.254511	0.725846	
0.017006	0.604955	0.378038	
0.173047	0.446027	0.380926	
0.126919	0.410180	0.462901	
0.198421	0.319283	0.482295	
0.002610	0.181253	0.816138	
0.410273	0.517979	0.071747	
0.403795	0.363198	0.233007	
0.028745	0.743943	0.227311	
0.173047	0.446027	0.380926	
0.262982	0.518799	0.218218	
0.010187	0.205413	0.784401	
0.664094	0.292496	0.043410	
0.173047	0.446027	0.380926	
0.006820	0.057485	0.935695	
0.012034	0.598038	0.389928	
0.671935	0.253759	0.074307	
0.173047	0.446027	0.380926	
0.066452	0.466395	0.467153	
0.171114	0.508084	0.320802	
0.068263	0.277441	0.654295	
0.201321	0.292160	0.506519	
0.046796	0.201508	0.751695	
0.173047	0.446027	0.380926	
0.009390	0.242782	0.747828	
0.047915	0.336496	0.615589	
0.001894	0.101991	0.896115	
0.020592	0.664664	0.314744	
0.014169	0.130164	0.855667	
0.173047	0.446027	0.380926	
0.025741	0.449922	0.524337	
0.133895	0.706113	0.159992	
0.121591	0.657273	0.221136	
0.051016	0.483862	0.465121	
0.578729	0.302988	0.118283	
0.009287	0.074394	0.916319	
0.173047	0.446027	0.380926	
0.485211	0.465267	0.049522	
0.601202	0.308162	0.090636	
0.014258	0.224196	0.761546	
0.107167	0.579412	0.313421	
0.006839	0.627188	0.365972	
0.056612	0.381687	0.561701	
0.004081	0.444341	0.551578	
0.173047	0.446027	0.380926	
0.045195	0.365842	0.588963	
0.268698	0.405182	0.326120	
0.525661	0.364590	0.109750	
0.104160	0.496787	0.399053	
0.481074	0.287607	0.231319	
0.463869	0.380792	0.155338	
0.021516	0.206828	0.771656	
0.037439	0.253975	0.708586	
0.001813	0.079850	0.918337	
0.595613	0.322248	0.082139	
0.394661	0.465387	0.139952	
0.025393	0.464022	0.510585	
0.017951	0.476028	0.506022	
0.001996	0.036777	0.961227	
0.022441	0.690062	0.287496	
0.001614	0.039869	0.958517	
0.021909	0.698155	0.279936	
0.021372	0.125816	0.852812	
0.436877	0.301743	0.261381	
0.317191	0.512836	0.169973	
0.025545	0.212266	0.762189	
0.000621	0.018202	0.981177	
0.022521	0.711326	0.266153	
0.618259	0.314816	0.066925	
0.006916	0.665238	0.327846	
0.028164	0.609237	0.362599	
0.172057	0.270073	0.557870	
0.026971	0.069345	0.903684	
0.014589	0.480192	0.505219	
0.009133	0.480869	0.509998	
0.019861	0.435241	0.544898	
0.166208	0.323563	0.510229	
0.000696	0.025224	0.974081	
0.128147	0.285614	0.586239	
0.000060	0.018071	0.981869	
0.695431	0.257616	0.046952	
0.044672	0.747866	0.207462	
0.012441	0.120304	0.867254	
0.006152	0.481858	0.511990	
0.022623	0.245261	0.732116	
0.625081	0.290417	0.084502	
0.708322	0.222648	0.069030	
0.033178	0.465860	0.500962	
0.073018	0.445823	0.481159	
0.173047	0.446027	0.380926	
0.005622	0.399058	0.595320	
0.079919	0.478737	0.441344	
0.567575	0.393472	0.038953	
0.004269	0.118775	0.876956	
0.224120	0.635339	0.140541	
0.011914	0.254545	0.733541	
0.173047	0.446027	0.380926	
0.016181	0.483457	0.500362	
0.002631	0.459470	0.537899	
0.014295	0.694146	0.291559	
0.002801	0.039401	0.957798	
0.353237	0.309466	0.337297	
0.173047	0.446027	0.380926	
0.010452	0.264591	0.724957	
0.173047	0.446027	0.380926	
0.002178	0.029208	0.968614	
0.000495	0.015614	0.983892	
0.002255	0.023075	0.974670	
0.013219	0.437575	0.549205	
0.580611	0.291572	0.127817	
0.256921	0.394520	0.348559	
0.065620	0.625593	0.308787	
0.373357	0.537411	0.089232	
0.056235	0.713907	0.229859	
0.003556	0.028647	0.967797	
0.002932	0.052694	0.944375	
0.533178	0.307206	0.159616	
0.007994	0.185958	0.806048	
0.008550	0.713955	0.277495	
0.025322	0.059030	0.915649	
0.001690	0.055926	0.942384	
0.173047	0.446027	0.380926	
0.083311	0.511836	0.404853	
0.041509	0.451059	0.507433	
0.030979	0.420203	0.548817	
0.091604	0.170972	0.737424	
0.360039	0.398124	0.241838	
0.002154	0.366673	0.631173	
0.005618	0.380756	0.613626	
0.173047	0.446027	0.380926	
0.173047	0.446027	0.380926	
0.031185	0.454043	0.514771	
0.043581	0.576708	0.379711	
0.524035	0.395540	0.080425	
0.173047	0.446027	0.380926	
0.223934	0.466875	0.309191	
0.173047	0.446027	0.380926	
0.007170	0.197746	0.795083	
0.260273	0.571739	0.167988	
0.012580	0.449144	0.538276	
0.173047	0.446027	0.380926	
0.614879	0.267872	0.117249	
0.063433	0.515015	0.421552	
0.687668	0.253703	0.058629	
0.021924	0.357890	0.620186	
0.021400	0.358025	0.620575	
0.173047	0.446027	0.380926	
0.173047	0.446027	0.380926	
0.173047	0.446027	0.380926	
0.003333	0.065035	0.931632	
0.666554	0.251903	0.081543	
0.158270	0.501547	0.340183	
0.119833	0.758726	0.121441	
0.173047	0.446027	0.380926	
0.582381	0.304875	0.112745	
0.007309	0.674925	0.317766	
0.355288	0.503030	0.141682	
0.011719	0.373065	0.615216	
0.015629	0.541924	0.442447	
0.631021	0.194465	0.174514	
0.020653	0.610338	0.369009	
0.365861	0.315981	0.318158	
0.020182	0.607319	0.372499	
0.009455	0.405517	0.585028	
0.382255	0.517508	0.100238	
0.011160	0.643081	0.345759	
0.004072	0.082403	0.913524	
0.019506	0.085527	0.894967	
0.173047	0.446027	0.380926	
0.031937	0.378818	0.589246	
0.611492	0.314648	0.073860	
0.043081	0.774564	0.182355	
0.173047	0.446027	0.380926	
0.019191	0.208695	0.772114	
0.010710	0.703943	0.285346	
0.003073	0.064007	0.932920	
0.159102	0.325934	0.514964	
0.019021	0.634077	0.346902	
0.173047	0.446027	0.380926	
0.018504	0.115596	0.865900	
0.447275	0.366362	0.186363	
0.014177	0.525655	0.460168	
0.003499	0.125683	0.870819	
0.008072	0.698566	0.293362	
0.021398	0.068452	0.910149	
0.117317	0.342672	0.540010	
0.013997	0.658270	0.327733	
0.437168	0.333853	0.228979	
0.001916	0.078624	0.919460	
0.666652	0.252356	0.080991	
0.774468	0.178313	0.047219	
0.023992	0.292846	0.683162	
0.002601	0.098759	0.898640	
0.090027	0.698916	0.211057	
0.000331	0.007714	0.991956	
0.027552	0.061958	0.910489	
0.547277	0.341490	0.111233	
0.642024	0.262481	0.095495	
0.009425	0.734007	0.256568	
0.650230	0.248756	0.101014	
0.173047	0.446027	0.380926	
0.456937	0.152383	0.390680	
0.033089	0.539624	0.427287	
0.032369	0.445441	0.522190	
0.002171	0.015185	0.982643	
0.372025	0.410094	0.217881	
0.005157	0.483885	0.510958	
0.000364	0.012089	0.987547	
0.026614	0.634679	0.338708	
0.783486	0.172252	0.044262	
0.032795	0.690883	0.276322	
0.007884	0.498524	0.493592	
0.173047	0.446027	0.380926	
0.006297	0.058586	0.935118	
0.570894	0.290370	0.138736	
0.013166	0.713477	0.273357	
0.597752	0.312253	0.089996	
0.285362	0.457630	0.257009	
0.734184	0.196294	0.069522	
0.646806	0.277649	0.075545	
0.048120	0.572819	0.379062	
0.015524	0.345540	0.638936	
0.030825	0.515936	0.453238	
0.034009	0.562651	0.403340	
0.092128	0.383250	0.524623	
0.095116	0.168185	0.736699	
0.097714	0.494419	0.407866	
0.017459	0.192137	0.790404	
0.001015	0.037031	0.961954	
0.056877	0.385367	0.557756	
0.173047	0.446027	0.380926	
0.002980	0.174067	0.822953	
0.682855	0.234530	0.082615	
0.561931	0.327466	0.110603	
0.008048	0.343103	0.648848	
0.173047	0.446027	0.380926	
0.009518	0.078834	0.911649	
0.008865	0.407873	0.583262	
0.173047	0.446027	0.380926	
0.517028	0.345896	0.137077	
0.011753	0.084769	0.903478	
0.173047	0.446027	0.380926	
0.008362	0.713408	0.278230	
0.077963	0.402514	0.519523	
0.472006	0.336763	0.191231	
0.077657	0.473025	0.449317	
0.010184	0.565594	0.424222	
0.521559	0.359207	0.119234	
0.345284	0.338994	0.315722	
0.036826	0.682552	0.280622	
0.605413	0.291624	0.102963	
0.160673	0.177940	0.661388	
0.492141	0.329760	0.178099	
0.173047	0.446027	0.380926	
0.623366	0.269465	0.107170	
0.029209	0.312114	0.658677	
0.173047	0.446027	0.380926	
0.913242	0.077819	0.008939	
0.036302	0.415098	0.548600	
0.008978	0.593019	0.398003	
0.001577	0.056939	0.941485	
0.726060	0.214278	0.059662	
0.173047	0.446027	0.380926	
0.173047	0.446027	0.380926	
0.001840	0.154396	0.843764	
0.108668	0.547347	0.343985	
0.005726	0.441382	0.552892	
0.027910	0.176156	0.795933	
0.173047	0.446027	0.380926	
0.050477	0.287032	0.662490	
0.065587	0.627957	0.306456	
0.015517	0.408878	0.575605	
0.653520	0.270738	0.075742	
0.005200	0.426984	0.567817	
0.022877	0.381885	0.595238	
0.008054	0.662102	0.329845	
0.173047	0.446027	0.380926	
0.010926	0.531641	0.457433	
0.096011	0.125789	0.778201	
0.062668	0.248270	0.689062	
0.004581	0.135382	0.860037	
0.100710	0.694485	0.204806	
0.017242	0.080242	0.902516	
0.173047	0.446027	0.380926	
0.173047	0.446027	0.380926	
0.033902	0.731851	0.234247	
0.079194	0.563656	0.357150	
0.037579	0.334599	0.627822	
0.391440	0.304697	0.303863	
0.000063	0.018954	0.980983	
0.173047	0.446027	0.380926	
0.015467	0.596288	0.388245	
0.173047	0.446027	0.380926	
0.009806	0.557519	0.432675	
0.378922	0.485621	0.135456	
0.173047	0.446027	0.380926	
0.004708	0.408908	0.586384	
0.187736	0.490882	0.321382	
0.173047	0.446027	0.380926	
0.012860	0.187641	0.799499	
0.003137	0.158761	0.838102	
0.036190	0.127537	0.836273	
0.013063	0.330878	0.656060	
0.000608	0.017535	0.981857	
0.173047	0.446027	0.380926	
0.173047	0.446027	0.380926	
0.503363	0.398869	0.097768	
0.407440	0.282201	0.310359	
0.770641	0.181801	0.047557	
0.239173	0.620553	0.140275	
0.173047	0.446027	0.380926	
0.740639	0.229457	0.029904	
0.019590	0.097496	0.882914	
0.173047	0.446027	0.380926	
0.050746	0.078523	0.870731	
0.002183	0.031693	0.966125	
0.324975	0.383301	0.291724	
0.630833	0.301132	0.068035	
0.024259	0.232479	0.743262	
0.008274	0.585790	0.405936	
0.173047	0.446027	0.380926	
0.368782	0.414798	0.216421	
0.007246	0.084192	0.908562	
0.778712	0.202116	0.019173	
0.270431	0.333157	0.396413	
0.010988	0.331214	0.657798	
0.018828	0.799287	0.181885	
0.005674	0.448602	0.545724	
0.526342	0.334567	0.139091	
0.086669	0.495514	0.417816	
0.846914	0.141928	0.011158	
0.042702	0.770465	0.186833	
0.173047	0.446027	0.380926	
0.076244	0.119468	0.804287	
0.073465	0.499992	0.426543	
0.099185	0.534854	0.365960	
0.030635	0.362666	0.606700	
0.025751	0.727041	0.247208	
0.038159	0.470413	0.491428	
0.005212	0.315131	0.679658	
0.081760	0.246524	0.671717	
0.043842	0.164266	0.791892	
0.444000	0.395420	0.160580	
0.034253	0.367300	0.598447	
0.025186	0.601270	0.373544	
0.010282	0.607485	0.382232	
0.322137	0.537630	0.140233	
0.017074	0.308644	0.674283	
0.722015	0.216337	0.061647	
0.215550	0.569093	0.215357	
0.012224	0.101383	0.886393	
0.580047	0.334536	0.085417	
0.007072	0.534195	0.458734	
0.013641	0.517338	0.469022	
0.005356	0.648783	0.345861	
0.173047	0.446027	0.380926	
0.376914	0.411725	0.211361	
0.002211	0.022721	0.975068	
0.075433	0.663171	0.261395	
0.004070	0.340620	0.655310	
0.046023	0.148928	0.805049	
0.749836	0.202525	0.047639	
0.010677	0.184701	0.804622	
0.024921	0.510041	0.465037	
0.216339	0.558156	0.225505	
0.331321	0.363876	0.304804	
0.173047	0.446027	0.380926	
0.002864	0.301867	0.695269	
0.000683	0.022184	0.977133	
0.173047	0.446027	0.380926	
0.004278	0.135216	0.860507	
0.458703	0.361298	0.179999	
0.014125	0.599684	0.386191	
0.000477	0.007017	0.992507	
0.045289	0.401418	0.553294	
0.378318	0.456749	0.164933	
0.016444	0.665403	0.318153	
0.382724	0.564161	0.053115	
0.005770	0.652814	0.341416	
0.000290	0.010156	0.989554	
0.007942	0.403563	0.588495	
0.004177	0.347373	0.648450	
0.173047	0.446027	0.380926	
0.004487	0.283753	0.711759	
0.227730	0.355412	0.416858	
0.023262	0.518570	0.458168	
0.032267	0.368739	0.598994	
0.009395	0.640091	0.350514	
0.173047	0.446027	0.380926	
0.010825	0.710691	0.278484	
0.357895	0.446093	0.196012	
0.408228	0.479654	0.112118	
0.173047	0.446027	0.380926	
0.004424	0.050119	0.945457	
0.026277	0.659874	0.313848	
0.113032	0.661637	0.225331	
0.025226	0.611965	0.362808	
0.002554	0.096505	0.900941	
0.284763	0.220601	0.494636	
0.701399	0.253158	0.045443	
0.454728	0.441008	0.104264	
0.644177	0.266970	0.088853	
0.001772	0.036599	0.961629	
0.173047	0.446027	0.380926	
0.020577	0.715446	0.263976	
0.040420	0.160514	0.799065	
0.009235	0.445329	0.545437	
0.327093	0.366954	0.305953	
0.274074	0.574143	0.151784	
0.011271	0.466579	0.522150	
0.320967	0.348509	0.330524	
0.004722	0.124978	0.870300	
0.015780	0.395774	0.588445	
0.005331	0.617481	0.377188	
0.007318	0.151025	0.841657	
0.209977	0.599228	0.190795	
0.164210	0.656572	0.179218	
0.009297	0.707799	0.282904	
0.141321	0.460589	0.398090	
0.173047	0.446027	0.380926	
0.015856	0.592634	0.391509	
0.005220	0.580605	0.414175	
0.019268	0.746733	0.233999	
0.173047	0.446027	0.380926	
0.173047	0.446027	0.380926	
0.256881	0.521022	0.222096	
0.754235	0.174548	0.071217	
0.261511	0.382844	0.355645	
0.003655	0.038041	0.958304	
0.173047	0.446027	0.380926	
0.192821	0.445245	0.361934	
0.005458	0.414751	0.579792	
0.259041	0.518211	0.222749	
0.173047	0.446027	0.380926	
0.563257	0.389857	0.046886	
0.029152	0.363757	0.607090	
0.006968	0.113714	0.879318	
0.173047	0.446027	0.380926	
0.407328	0.322096	0.270575	
0.025364	0.312919	0.661717	
0.173047	0.446027	0.380926	
0.022445	0.420732	0.556823	
0.634581	0.209370	0.156049	
0.004182	0.699934	0.295884	
0.031698	0.789006	0.179296	
0.049618	0.410061	0.540321	
0.173047	0.446027	0.380926	
0.770638	0.175479	0.053883	
0.014639	0.476964	0.508397	
0.018242	0.379056	0.602701	
0.197175	0.707321	0.095504	
0.014164	0.492152	0.493684	
0.011530	0.122517	0.865953	
0.002391	0.295318	0.702291	
0.490093	0.359319	0.150588	
0.406848	0.340556	0.252596	
0.074218	0.657106	0.268676	
0.000700	0.014727	0.984573	
0.007207	0.038351	0.954443	
0.011341	0.626800	0.361859	
0.160198	0.674056	0.165745	
0.010837	0.504089	0.485074	
0.394425	0.413773	0.191803	
0.003854	0.038166	0.957980	
0.065534	0.439071	0.495395	
0.173047	0.446027	0.380926	
0.045663	0.324206	0.630131	
0.017095	0.505123	0.477783	
0.017899	0.130473	0.851628	
0.253612	0.524754	0.221634	
0.173047	0.446027	0.380926	
0.149850	0.716840	0.133310	
0.005131	0.654496	0.340373	
0.578738	0.281429	0.139833	
0.718462	0.233401	0.048138	
0.480102	0.207334	0.312564	
0.007257	0.387390	0.605353	
0.055174	0.350062	0.594764	
0.008832	0.353272	0.637896	
0.012978	0.674421	0.312601	
0.004585	0.315213	0.680202	
0.877265	0.105738	0.016998	
0.030409	0.651594	0.317996	
0.013071	0.495787	0.491143	
0.042706	0.536205	0.421089	
0.006347	0.098247	0.895406	
0.125426	0.224469	0.650105	
0.364763	0.398586	0.236650	
0.900416	0.085158	0.014427	
0.005877	0.073040	0.921082	
0.173047	0.446027	0.380926	
0.027190	0.140310	0.832500	
0.173047	0.446027	0.380926	
0.005092	0.546215	0.448694	
0.403338	0.427432	0.169230	
0.088530	0.625037	0.286433	
0.001833	0.016688	0.981479	
0.173047	0.446027	0.380926	
0.326287	0.400195	0.273518	
0.064759	0.544498	0.390743	
0.045926	0.676736	0.277337	
0.010929	0.078415	0.910657	
0.046486	0.769832	0.183682	
0.010418	0.663428	0.326154	
0.016961	0.163728	0.819311	
0.134580	0.524832	0.340587	
0.012130	0.563137	0.424734	
0.173047	0.446027	0.380926	
0.008327	0.448351	0.543323	
0.002018	0.044305	0.953677	
0.327796	0.342517	0.329687	
0.173047	0.446027	0.380926	
0.001666	0.023930	0.974404	
0.054425	0.415479	0.530096	
0.008887	0.560349	0.430764	
0.173047	0.446027	0.380926	
0.005569	0.586308	0.408124	
0.078280	0.586689	0.335031	
0.461276	0.379008	0.159715	
0.119735	0.491180	0.389084	
0.002647	0.085407	0.911946	
0.012416	0.573586	0.413998	
0.004103	0.052638	0.943260	
0.004145	0.416365	0.579490	
0.000697	0.037708	0.961595	
0.173047	0.446027	0.380926	
0.113785	0.713201	0.173014	
0.124423	0.408451	0.467126	
0.016055	0.478030	0.505915	
0.146617	0.151574	0.701809	
0.005478	0.031327	0.963195	
0.633616	0.270515	0.095868	
0.006539	0.175674	0.817787	
0.006802	0.647945	0.345253	
0.014734	0.060086	0.925180	
0.016277	0.601423	0.382299	
0.173047	0.446027	0.380926	
0.783483	0.186905	0.029612	
0.002344	0.028861	0.968795	
0.011620	0.659702	0.328678	
0.032524	0.557733	0.409743	
0.000710	0.033885	0.965405	
0.011054	0.631721	0.357225	
0.173047	0.446027	0.380926	
0.009614	0.601885	0.388501	
0.173047	0.446027	0.380926	
0.173047	0.446027	0.380926	
0.364281	0.419989	0.215730	
0.679366	0.267012	0.053622	
0.012396	0.375223	0.612381	
0.257294	0.413328	0.329378	
0.082097	0.190302	0.727601	
0.171952	0.743829	0.084220	
0.015887	0.243848	0.740265	
0.434648	0.450276	0.115076	
0.006708	0.705644	0.287648	
0.007510	0.573461	0.419028	
0.396191	0.325160	0.278649	
0.651884	0.250174	0.097943	
0.012289	0.604845	0.382866	
0.000266	0.014841	0.984893	
0.300929	0.471041	0.228030	
0.332205	0.457170	0.210625	
0.173047	0.446027	0.380926	
0.336458	0.437616	0.225926	
0.073527	0.399398	0.527075	
0.168448	0.671024	0.160529	
0.468902	0.334656	0.196442	
0.173047	0.446027	0.380926	
0.173047	0.446027	0.380926	
0.038789	0.587388	0.373823	
0.173047	0.446027	0.380926	
0.036265	0.675316	0.288419	
0.173047	0.446027	0.380926	
0.006517	0.324501	0.668982	
0.068720	0.541621	0.389659	
0.735113	0.201851	0.063036	
0.222718	0.298313	0.478969	
0.207565	0.337287	0.455148	
0.163235	0.708511	0.128255	
0.006762	0.313078	0.680160	
0.173047	0.446027	0.380926	
0.038914	0.529298	0.431788	
0.006385	0.543956	0.449659	
0.378358	0.458245	0.163397	
0.474693	0.450192	0.075115	
0.030592	0.109063	0.860345	
0.173047	0.446027	0.380926	
0.718466	0.241923	0.039611	
0.032811	0.701228	0.265960	
0.014722	0.244413	0.740865	
0.399641	0.356600	0.243760	
0.028880	0.078319	0.892801	
0.445226	0.426997	0.127777	
0.286704	0.405180	0.308116	
0.672404	0.242802	0.084794	
0.371088	0.506224	0.122688	
0.024538	0.090631	0.884831	
0.588322	0.269377	0.142301	
0.013672	0.640062	0.346266	
0.004239	0.233912	0.761849	
0.009420	0.048404	0.942176	
0.005600	0.659323	0.335077	
0.579493	0.326293	0.094214	
0.071212	0.531434	0.397354	
0.173047	0.446027	0.380926	
0.076367	0.484181	0.439452	
0.010281	0.256280	0.733439	
0.465000	0.338607	0.196393	
0.003717	0.041086	0.955198	
0.000190	0.010788	0.989022	
0.238374	0.584100	0.177526	
0.034980	0.583079	0.381942	
0.002393	0.065314	0.932293	
0.173047	0.446027	0.380926	
0.017582	0.115847	0.866571	
0.020423	0.603945	0.375633	
0.003821	0.472125	0.524054	
0.004343	0.054923	0.940734	
0.033328	0.370591	0.596081	
0.007339	0.075735	0.916926	
0.326791	0.442372	0.230837	
0.005879	0.065486	0.928635	
0.029430	0.638282	0.332288	
0.001586	0.018428	0.979986	
0.036514	0.695448	0.268039	
0.790395	0.160069	0.049536	
0.004690	0.398327	0.596982	
0.002814	0.062616	0.934571	
0.040855	0.197116	0.762029	
0.415527	0.506407	0.078066	
0.001045	0.024412	0.974543	
0.012348	0.410498	0.577154	
0.005031	0.059903	0.935067	
0.173047	0.446027	0.380926	
0.005271	0.435042	0.559687	
0.047849	0.727928	0.224223	
0.074084	0.389729	0.536188	
0.173047	0.446027	0.380926	
0.002198	0.028209	0.969592	
0.015614	0.509960	0.474426	
0.129977	0.319942	0.550081	
0.228769	0.652381	0.118850	
0.752048	0.187817	0.060136	
0.424221	0.369811	0.205968	
0.034255	0.414305	0.551439	
0.839073	0.129746	0.031180	
0.073444	0.544591	0.381965	
0.585492	0.295362	0.119146	
0.013285	0.505431	0.481284	
0.004050	0.031211	0.964739	
0.038823	0.631742	0.329435	
0.381461	0.525550	0.092990	
0.588966	0.315528	0.095506	
0.684186	0.255937	0.059877	
0.162250	0.221257	0.616493	
0.264906	0.317501	0.417593	
0.007789	0.030734	0.961477	
0.173849	0.605833	0.220318	
0.164976	0.600072	0.234952	
0.347418	0.410253	0.242329	
0.173047	0.446027	0.380926	
0.375252	0.479836	0.144912	
0.173047	0.446027	0.380926	
0.006020	0.602799	0.391181	
0.012669	0.606285	0.381046	
0.009700	0.337411	0.652890	
0.173047	0.446027	0.380926	
0.187185	0.204301	0.608514	
0.173047	0.446027	0.380926	
0.607415	0.286277	0.106309	
0.010045	0.154019	0.835937	
0.173047	0.446027	0.380926	
0.093303	0.232090	0.674607	
0.603444	0.330426	0.066130	
0.019968	0.335589	0.644442	
0.173047	0.446027	0.380926	
0.173047	0.446027	0.380926	
0.771503	0.180557	0.047940	
0.034822	0.609065	0.356113	
0.015048	0.332984	0.651968	
0.002641	0.098388	0.898971	
0.107002	0.240467	0.652530	
0.072634	0.669629	0.257737	
0.173047	0.446027	0.380926	
0.522696	0.332049	0.145255	
0.101057	0.362009	0.536934	
0.015957	0.350631	0.633412	
0.142320	0.559410	0.298270	
0.000286	0.018374	0.981340	
0.090156	0.658566	0.251277	
0.080749	0.188080	0.731171	
0.287797	0.298805	0.413399	
0.424002	0.418157	0.157840	
0.239011	0.525336	0.235652	
0.061570	0.255348	0.683082	
0.541530	0.346871	0.111599	
0.283085	0.642435	0.074480	
0.494727	0.307182	0.198092	
0.444449	0.397080	0.158471	
0.137067	0.244138	0.618795	
0.022143	0.057624	0.920232	
0.138863	0.670914	0.190223	
0.009498	0.235810	0.754692	
0.594084	0.267316	0.138600	
0.663185	0.286191	0.050624	
0.099338	0.662643	0.238019	
0.042762	0.074134	0.883104	
0.745443	0.183797	0.070760	
0.123044	0.344366	0.532590	
0.800535	0.168731	0.030734	
0.264074	0.487609	0.248317	
0.439776	0.362229	0.197995	
0.173047	0.446027	0.380926	
0.173047	0.446027	0.380926	
0.503102	0.345913	0.150985	
0.076629	0.600471	0.322900	
0.011541	0.339670	0.648788	
0.012067	0.519635	0.468298	
0.006777	0.158384	0.834839	
0.153046	0.497577	0.349377	
0.002017	0.105268	0.892715	
0.007532	0.703410	0.289057	
0.004759	0.023518	0.971723	
0.173047	0.446027	0.380926	
0.018624	0.266459	0.714917	
0.454113	0.347153	0.198734	
0.001566	0.021039	0.977396	
0.072441	0.284341	0.643218	
0.000682	0.031500	0.967818	
0.008457	0.103014	0.888529	
0.173047	0.446027	0.380926	
0.516567	0.400798	0.082635	
0.173047	0.446027	0.380926	
0.006147	0.278302	0.715551	
0.496247	0.327657	0.176096	
0.065674	0.542543	0.391783	
0.173047	0.446027	0.380926	
0.173047	0.446027	0.380926	
0.000632	0.009389	0.989979	
0.235392	0.422491	0.342117	
0.020436	0.432891	0.546672	
0.012094	0.609954	0.377952	
0.069451	0.569676	0.360872	
0.459919	0.384038	0.156043	
0.605522	0.212169	0.182308	
0.014861	0.188043	0.797096	
0.173047	0.446027	0.380926	
0.002044	0.079563	0.918393	
0.173047	0.446027	0.380926	
0.535404	0.439850	0.024747	
0.018025	0.648756	0.333219	
0.490540	0.320835	0.188625	
0.012007	0.596496	0.391497	
0.633322	0.290506	0.076173	
0.002625	0.039365	0.958010	
0.000130	0.005764	0.994106	
0.022754	0.666952	0.310295	
0.206170	0.598150	0.195680	
0.000802	0.013996	0.985202	
0.312271	0.456012	0.231717	
0.173047	0.446027	0.380926	
0.002771	0.626803	0.370426	
0.173047	0.446027	0.380926	
0.060664	0.515714	0.423622	
0.173047	0.446027	0.380926	
0.093925	0.610338	0.295737	
0.027384	0.827324	0.145293	
0.006944	0.400963	0.592093	
0.173047	0.446027	0.380926	
0.354353	0.463670	0.181978	
0.009248	0.584749	0.406003	
0.431649	0.265697	0.302655	
0.009841	0.469657	0.520502	
0.002840	0.050435	0.946725	
0.007512	0.059548	0.932940	
0.173047	0.446027	0.380926	
0.173047	0.446027	0.380926	
0.008779	0.440883	0.550338	
0.684361	0.259082	0.056556	
0.008190	0.207681	0.784128	
0.002783	0.093437	0.903780	
0.016491	0.750992	0.232517	
0.846621	0.129667	0.023712	
0.173047	0.446027	0.380926	
0.469987	0.340649	0.189364	
0.029774	0.324591	0.645636	
0.017538	0.363488	0.618974	
0.002740	0.505362	0.491898	
0.006169	0.089654	0.904176	
0.326405	0.451398	0.222197	
0.664749	0.284012	0.051239	
0.001867	0.061965	0.936168	
0.005826	0.554212	0.439962	
0.002823	0.022963	0.974214	
0.008686	0.506623	0.484691	
0.019021	0.634077	0.346902	
0.003846	0.077196	0.918958	
0.464626	0.261543	0.273831	
0.173047	0.446027	0.380926	
0.007164	0.091683	0.901153	
0.017837	0.115311	0.866853	
0.009020	0.666933	0.324047	
0.524572	0.376097	0.099331	
0.173047	0.446027	0.380926	
0.007756	0.479858	0.512387	
0.497009	0.398307	0.104684	
0.005170	0.213855	0.780975	
0.429632	0.272897	0.297470	
0.008109	0.299144	0.692748	
0.030967	0.568754	0.400279	
0.173047	0.446027	0.380926	
0.023233	0.683379	0.293388	
0.364625	0.464893	0.170482	
0.021382	0.343858	0.634759	
0.241416	0.553792	0.204792	
0.524879	0.350970	0.124151	
0.586082	0.359827	0.054091	
0.173047	0.446027	0.380926	
0.079943	0.648862	0.271196	
0.015460	0.704788	0.279751	
0.173047	0.446027	0.380926	
0.012714	0.719679	0.267607	
0.173047	0.446027	0.380926	
0.022311	0.609830	0.367859	
0.173047	0.446027	0.380926	
0.000194	0.005932	0.993874	
0.017618	0.065856	0.916526	
0.504591	0.389733	0.105675	
0.005677	0.186928	0.807394	
0.173047	0.446027	0.380926	
0.173047	0.446027	0.380926	
0.883276	0.097865	0.018859	
0.173047	0.446027	0.380926	
0.382512	0.433931	0.183557	
0.047912	0.521945	0.430144	
0.352550	0.537853	0.109598	
0.013501	0.657202	0.329296	
0.612777	0.314543	0.072681	
0.712831	0.234503	0.052665	
0.388934	0.343728	0.267339	
0.000207	0.013336	0.986457	
0.008149	0.617958	0.373892	
0.081811	0.174279	0.743910	
0.036422	0.278850	0.684727	
0.409838	0.414968	0.175194	
0.026148	0.187867	0.785985	
0.173047	0.446027	0.380926	
0.053985	0.505279	0.440736	
0.439154	0.345933	0.214914	
0.654827	0.253235	0.091938	
0.026807	0.138337	0.834856	
0.006046	0.625651	0.368303	
0.070302	0.794685	0.135013	
0.006217	0.647804	0.345979	
0.013149	0.256209	0.730642	
0.003475	0.043247	0.953277	
0.008373	0.545561	0.446066	
0.006602	0.070039	0.923359	
0.014604	0.331997	0.653399	
0.006383	0.107025	0.886592	
0.009389	0.610858	0.379753	
0.173047	0.446027	0.380926	
0.308732	0.514959	0.176308	
0.002495	0.042901	0.954604	
0.218421	0.645961	0.135618	
0.173047	0.446027	0.380926	
0.010756	0.077894	0.911349	
0.499600	0.355768	0.144632	
0.867616	0.118980	0.013403	
0.004439	0.146316	0.849245	
0.018555	0.651891	0.329555	
0.173047	0.446027	0.380926	
0.005427	0.402503	0.592069	
0.160799	0.410919	0.428282	
0.164947	0.330857	0.504196	
0.014699	0.608466	0.376835	
0.013430	0.433977	0.552593	
0.274371	0.647493	0.078135	
0.031736	0.353197	0.615068	
0.021086	0.649270	0.329644	
0.420070	0.397108	0.182821	
0.014474	0.731347	0.254179	
0.026663	0.621237	0.352100	
0.490677	0.370623	0.138700	
0.173047	0.446027	0.380926	
0.313063	0.550536	0.136402	
0.027995	0.446876	0.525129	
0.606496	0.296825	0.096678	
0.015670	0.655027	0.329303	
0.068743	0.110060	0.821197	
0.003946	0.037490	0.958564	
0.888853	0.097927	0.013220	
0.173047	0.446027	0.380926	
0.021761	0.752114	0.226125	
0.012537	0.453748	0.533715	
