0.187826	0.517304	0.294869	
0.128518	0.377943	0.493540	
0.065520	0.261593	0.672887	
0.006203	0.559795	0.434002	
0.009415	0.697547	0.293038	
0.009074	0.476729	0.514197	
0.085275	0.577112	0.337612	
0.282460	0.346898	0.370642	
0.032241	0.646328	0.321431	
0.680029	0.242407	0.077564	
0.101692	0.379887	0.518420	
0.006355	0.553223	0.440422	
0.014138	0.631447	0.354415	
0.010118	0.081199	0.908683	
0.145375	0.640193	0.214432	
0.093715	0.266941	0.639344	
0.004041	0.494044	0.501915	
0.006413	0.419198	0.574389	
0.059712	0.451873	0.488414	
0.072385	0.585451	0.342164	
0.025751	0.654464	0.319785	
0.420717	0.295929	0.283354	
0.369959	0.381387	0.248654	
0.001027	0.049115	0.949857	
0.070585	0.279213	0.650201	
0.005249	0.523818	0.470933	
0.010919	0.491886	0.497195	
0.012430	0.715342	0.272227	
0.263347	0.508913	0.227739	
0.323063	0.490916	0.186021	
0.006887	0.047271	0.945841	
0.699926	0.217954	0.082120	
0.604134	0.321002	0.074864	
0.008205	0.087304	0.904490	
0.011013	0.395583	0.593404	
0.503420	0.334403	0.162177	
0.043852	0.643100	0.313048	
0.005244	0.639574	0.355182	
0.252045	0.400788	0.347167	
0.032982	0.486348	0.480669	
0.029851	0.615296	0.354853	
0.307149	0.454104	0.238747	
0.006610	0.635360	0.358031	
0.010890	0.634328	0.354782	
0.507028	0.362594	0.130378	
0.684754	0.249570	0.065676	
0.254945	0.243161	0.501894	
0.229033	0.603629	0.167338	
0.565894	0.361650	0.072456	
0.395114	0.499088	0.105798	
0.636265	0.259112	0.104623	
0.009687	0.378307	0.612006	
0.059445	0.291936	0.648619	
0.005399	0.198893	0.795708	
0.057514	0.613096	0.329390	
0.013243	0.666846	0.319912	
0.024948	0.381857	0.593195	
0.236791	0.406778	0.356431	
0.119520	0.374500	0.505980	
0.609312	0.269982	0.120707	
0.059050	0.128183	0.812767	
0.119358	0.675795	0.204848	
0.001305	0.014051	0.984644	
0.014655	0.561214	0.424131	
0.012165	0.429410	0.558425	
0.005367	0.657650	0.336982	
0.312411	0.390196	0.297393	
0.017087	0.531771	0.451142	
0.045715	0.452884	0.501402	
0.409414	0.367175	0.223411	
0.016021	0.629074	0.354905	
0.013263	0.625306	0.361431	
0.019764	0.492033	0.488203	
0.602631	0.332941	0.064428	
0.462116	0.361363	0.176520	
0.005625	0.335003	0.659372	
0.030035	0.595063	0.374901	
0.077436	0.345364	0.577200	
0.003226	0.363121	0.633653	
0.008152	0.559178	0.432671	
0.041123	0.233920	0.724957	
0.084990	0.446094	0.468916	
0.521364	0.371046	0.107590	
0.002642	0.538018	0.459340	
0.090761	0.576689	0.332550	
0.013950	0.501126	0.484924	
0.057501	0.211054	0.731446	
0.350278	0.466951	0.182771	
0.204512	0.474461	0.321027	
0.010762	0.122587	0.866651	
0.010261	0.579322	0.410417	
0.001371	0.141965	0.856663	
0.105200	0.570478	0.324322	
0.283829	0.423826	0.292345	
0.018557	0.231099	0.750344	
0.006722	0.385586	0.607692	
0.208811	0.415875	0.375315	
0.009453	0.083289	0.907257	
0.025325	0.358565	0.616110	
0.386912	0.418234	0.194853	
0.482940	0.318547	0.198514	
0.008899	0.288922	0.702179	
0.008801	0.174916	0.816283	
0.005908	0.609118	0.384974	
0.163652	0.449052	0.387296	
0.003973	0.395844	0.600183	
0.225107	0.421775	0.353118	
0.002449	0.408608	0.588943	
0.053404	0.292544	0.654053	
0.010439	0.641840	0.347721	
0.247947	0.464595	0.287458	
0.871189	0.106869	0.021942	
0.003523	0.271104	0.725373	
0.004347	0.064914	0.930739	
0.026474	0.542809	0.430718	
0.021297	0.685451	0.293253	
0.011630	0.453170	0.535200	
0.008164	0.236808	0.755028	
0.066728	0.210322	0.722950	
0.027107	0.445131	0.527762	
0.044064	0.351052	0.604884	
0.025773	0.469338	0.504889	
0.047858	0.589759	0.362383	
0.016019	0.307711	0.676270	
0.007059	0.038303	0.954638	
0.041078	0.594296	0.364626	
0.696669	0.239610	0.063721	
0.393975	0.350728	0.255297	
0.005497	0.461182	0.533321	
0.001854	0.021957	0.976189	
0.004178	0.075825	0.919996	
0.008244	0.643421	0.348335	
0.008236	0.492272	0.499492	
0.010105	0.434630	0.555265	
0.013082	0.297643	0.689275	
0.093180	0.276268	0.630552	
0.024919	0.585621	0.389460	
0.002016	0.124103	0.873882	
0.004100	0.065502	0.930398	
0.479284	0.334450	0.186266	
0.010666	0.624566	0.364768	
0.005669	0.238436	0.755895	
0.113266	0.406641	0.480093	
0.002144	0.181124	0.816732	
0.034745	0.418892	0.546363	
0.011479	0.467488	0.521033	
0.013437	0.487791	0.498772	
0.359038	0.411562	0.229400	
0.131838	0.400620	0.467542	
0.689316	0.228468	0.082216	
0.004334	0.235782	0.759884	
0.023078	0.364344	0.612578	
0.004140	0.645931	0.349930	
0.013152	0.572580	0.414268	
0.007462	0.586232	0.406306	
0.193409	0.247339	0.559251	
0.006178	0.460903	0.532919	
0.024698	0.381405	0.593898	
0.012013	0.207212	0.780775	
0.002267	0.055512	0.942221	
0.202996	0.384007	0.412997	
0.006345	0.263003	0.730652	
0.007031	0.610145	0.382823	
0.097402	0.423119	0.479479	
0.005060	0.611027	0.383913	
0.256153	0.364706	0.379140	
0.002394	0.050246	0.947360	
0.003111	0.030530	0.966360	
0.497498	0.355584	0.146918	
0.013963	0.315856	0.670181	
0.028265	0.311159	0.660576	
0.014972	0.584087	0.400941	
0.008975	0.148945	0.842080	
0.194377	0.361076	0.444547	
0.013126	0.397727	0.589147	
0.096627	0.511133	0.392240	
0.004838	0.363578	0.631583	
0.021269	0.364762	0.613969	
0.017130	0.627480	0.355389	
0.006996	0.363241	0.629763	
0.000179	0.006341	0.993480	
0.007072	0.415773	0.577155	
0.037991	0.343319	0.618690	
0.030000	0.539259	0.430741	
0.418591	0.341506	0.239903	
0.089751	0.615406	0.294843	
0.013556	0.700696	0.285748	
0.021054	0.358807	0.620139	
0.006277	0.466904	0.526819	
0.011335	0.349263	0.639402	
0.526836	0.382620	0.090543	
0.008795	0.650235	0.340970	
0.741331	0.222382	0.036287	
0.308912	0.398014	0.293074	
0.094153	0.315485	0.590362	
0.116129	0.562870	0.321002	
0.036115	0.503609	0.460276	
0.032394	0.397203	0.570403	
0.324129	0.529700	0.146171	
0.042315	0.562271	0.395414	
0.028569	0.637705	0.333726	
0.016361	0.547854	0.435785	
0.020333	0.374754	0.604914	
0.019035	0.237953	0.743012	
0.004175	0.047191	0.948634	
0.044492	0.377332	0.578176	
0.007157	0.071374	0.921469	
0.055961	0.555829	0.388211	
0.199205	0.244441	0.556353	
0.443424	0.302405	0.254170	
0.013513	0.651799	0.334689	
0.028423	0.102749	0.868828	
0.029110	0.437170	0.533720	
0.004017	0.115461	0.880522	
0.008044	0.340961	0.650995	
0.018877	0.229244	0.751879	
0.016672	0.448805	0.534524	
0.156172	0.428014	0.415814	
0.212306	0.614031	0.173663	
0.027033	0.609101	0.363867	
0.326345	0.381637	0.292018	
0.012016	0.051997	0.935987	
0.003235	0.035227	0.961538	
0.332410	0.526194	0.141396	
0.032291	0.328320	0.639388	
0.003477	0.051861	0.944661	
0.033484	0.625048	0.341468	
0.052747	0.176430	0.770822	
0.354776	0.488109	0.157115	
0.208032	0.515794	0.276174	
0.010170	0.623119	0.366711	
0.010781	0.511830	0.477389	
0.009184	0.694834	0.295982	
0.160951	0.686331	0.152718	
0.189726	0.433238	0.377036	
0.733685	0.206802	0.059513	
0.017282	0.659054	0.323664	
0.211587	0.540328	0.248085	
0.034856	0.632352	0.332792	
0.025253	0.649596	0.325151	
0.021440	0.167475	0.811084	
0.011685	0.524772	0.463543	
0.012923	0.632508	0.354569	
0.004670	0.053015	0.942316	
0.013025	0.570327	0.416649	
0.022904	0.497175	0.479921	
0.092208	0.355649	0.552144	
0.027538	0.649493	0.322968	
0.358903	0.501514	0.139583	
0.893174	0.091487	0.015338	
0.132148	0.508211	0.359640	
0.008253	0.580745	0.411002	
0.261463	0.374988	0.363549	
0.238547	0.389458	0.371994	
0.002544	0.036847	0.960609	
0.231801	0.348274	0.419925	
0.345093	0.462867	0.192039	
0.047236	0.392041	0.560723	
0.201437	0.524775	0.273788	
0.017162	0.408158	0.574680	
0.202323	0.692607	0.105070	
0.003378	0.072922	0.923699	
0.171459	0.642723	0.185818	
0.039452	0.445794	0.514754	
0.008594	0.110960	0.880445	
0.046793	0.394157	0.559050	
0.055404	0.679015	0.265580	
0.024625	0.419883	0.555493	
0.008121	0.050670	0.941208	
0.088757	0.590201	0.321042	
0.024965	0.546813	0.428221	
0.049738	0.113573	0.836689	
0.071349	0.450647	0.478004	
0.083712	0.544641	0.371647	
0.073781	0.616535	0.309685	
0.005910	0.161165	0.832925	
0.015632	0.181053	0.803316	
0.041235	0.336618	0.622147	
0.667467	0.227621	0.104911	
0.272074	0.498036	0.229890	
0.090651	0.381134	0.528215	
0.025694	0.659821	0.314485	
0.833976	0.134051	0.031973	
0.010456	0.137446	0.852098	
0.207913	0.578090	0.213998	
0.352846	0.193714	0.453441	
0.007931	0.159627	0.832442	
0.070467	0.449210	0.480323	
0.685489	0.237078	0.077433	
0.004705	0.384751	0.610544	
0.109133	0.619509	0.271358	
0.464704	0.412043	0.123253	
0.457349	0.395609	0.147043	
0.000419	0.015596	0.983985	
0.089557	0.498253	0.412190	
0.019065	0.584705	0.396230	
0.096137	0.203483	0.700379	
0.416384	0.409112	0.174504	
0.129444	0.533560	0.336995	
0.012976	0.615339	0.371685	
0.111524	0.606188	0.282288	
0.745175	0.201898	0.052927	
0.040430	0.624735	0.334836	
0.065591	0.136712	0.797697	
0.009340	0.072479	0.918180	
0.025806	0.580740	0.393454	
0.541412	0.301323	0.157266	
0.475533	0.341792	0.182675	
0.006694	0.345499	0.647807	
0.709217	0.213768	0.077016	
0.858901	0.118814	0.022285	
0.429036	0.407621	0.163343	
0.818465	0.148470	0.033065	
0.897239	0.089043	0.013718	
0.051689	0.251010	0.697301	
0.434222	0.387016	0.178762	
0.011606	0.511936	0.476458	
0.646992	0.262135	0.090873	
0.048829	0.352340	0.598831	
0.385419	0.440968	0.173613	
0.033212	0.708511	0.258278	
0.037108	0.634080	0.328813	
0.010910	0.689540	0.299550	
0.176854	0.274331	0.548816	
0.772691	0.179083	0.048227	
0.173041	0.518174	0.308785	
0.642757	0.282662	0.074581	
0.570114	0.345068	0.084817	
0.170050	0.462552	0.367397	
0.618428	0.358817	0.022755	
0.582246	0.260726	0.157028	
0.363606	0.466383	0.170011	
0.692390	0.275862	0.031747	
0.372964	0.418623	0.208413	
0.012575	0.275581	0.711843	
0.749929	0.214695	0.035376	
0.051043	0.596292	0.352665	
0.034796	0.527213	0.437991	
0.655032	0.261433	0.083534	
0.087493	0.513603	0.398904	
0.034840	0.169959	0.795201	
0.003828	0.153104	0.843068	
0.363892	0.451668	0.184439	
0.106725	0.584153	0.309122	
0.304438	0.419299	0.276264	
0.003604	0.487832	0.508564	
0.017398	0.625174	0.357428	
0.645952	0.279742	0.074306	
0.087378	0.204026	0.708596	
0.107790	0.674824	0.217385	
0.083950	0.523912	0.392138	
0.639744	0.315841	0.044415	
0.279558	0.532554	0.187888	
0.353583	0.464223	0.182193	
0.000421	0.025794	0.973785	
0.061200	0.549606	0.389194	
0.262965	0.512980	0.224055	
0.125009	0.207006	0.667985	
0.078413	0.385555	0.536032	
0.044221	0.642617	0.313162	
0.065466	0.283359	0.651175	
0.043828	0.574890	0.381282	
0.013214	0.462783	0.524003	
0.018062	0.543549	0.438389	
0.005314	0.178173	0.816514	
0.119560	0.523530	0.356911	
0.011727	0.494712	0.493561	
0.062314	0.614232	0.323454	
0.005228	0.209423	0.785349	
0.166985	0.618642	0.214373	
0.109501	0.355523	0.534975	
0.004334	0.334362	0.661304	
0.002082	0.049621	0.948297	
0.653424	0.247913	0.098663	
0.007139	0.298780	0.694081	
0.008562	0.087129	0.904308	
0.010523	0.129488	0.859989	
0.090855	0.496159	0.412986	
0.109412	0.423723	0.466865	
0.128387	0.373392	0.498221	
0.311558	0.428980	0.259462	
0.010109	0.519814	0.470076	
0.001444	0.073748	0.924808	
0.000148	0.004439	0.995413	
0.009125	0.184936	0.805940	
0.013155	0.581525	0.405320	
0.013760	0.405446	0.580793	
0.069671	0.217823	0.712506	
0.034673	0.353190	0.612137	
0.002834	0.175471	0.821694	
0.009346	0.523283	0.467371	
0.902478	0.080462	0.017060	
0.286463	0.422970	0.290567	
0.013302	0.610619	0.376079	
0.037559	0.514004	0.448437	
0.690760	0.217457	0.091783	
0.462622	0.313715	0.223663	
0.233709	0.546236	0.220055	
0.016798	0.483527	0.499675	
0.005103	0.042087	0.952810	
0.051805	0.515715	0.432480	
0.004771	0.279131	0.716098	
0.020881	0.242792	0.736327	
0.025261	0.338316	0.636422	
0.572554	0.292297	0.135149	
0.010369	0.374239	0.615392	
0.004816	0.106829	0.888355	
0.000922	0.029043	0.970035	
0.598730	0.262454	0.138816	
0.188119	0.332465	0.479416	
0.010265	0.514013	0.475722	
0.014031	0.473776	0.512194	
0.013609	0.484207	0.502183	
0.007586	0.463542	0.528872	
0.014538	0.366253	0.619209	
0.657345	0.247988	0.094668	
0.036715	0.582215	0.381070	
0.009358	0.323748	0.666894	
0.418279	0.356722	0.225000	
0.334793	0.386474	0.278733	
0.173713	0.485100	0.341187	
0.017342	0.496508	0.486149	
0.004774	0.428102	0.567125	
0.103838	0.443799	0.452364	
0.178720	0.541834	0.279446	
0.004635	0.141998	0.853368	
0.012563	0.665228	0.322208	
0.016478	0.252971	0.730551	
0.007029	0.212862	0.780110	
0.032019	0.526924	0.441058	
0.017144	0.453546	0.529310	
0.055034	0.192859	0.752108	
0.010458	0.161583	0.827959	
0.008866	0.306652	0.684482	
0.007682	0.364622	0.627696	
0.005995	0.515472	0.478533	
0.001579	0.045083	0.953338	
0.016614	0.477930	0.505456	
0.090951	0.538407	0.370642	
0.560725	0.276970	0.162305	
0.550685	0.317576	0.131740	
0.108246	0.369793	0.521961	
0.002770	0.056995	0.940234	
0.131799	0.316756	0.551445	
0.340985	0.356953	0.302062	
0.005478	0.492722	0.501801	
0.004325	0.078453	0.917223	
0.003858	0.059094	0.937048	
0.002981	0.040445	0.956574	
0.006450	0.154702	0.838849	
0.006288	0.377480	0.616232	
0.018649	0.052161	0.929190	
0.005539	0.063066	0.931395	
0.624592	0.270475	0.104934	
0.010121	0.214958	0.774921	
0.002499	0.038882	0.958619	
0.002906	0.031645	0.965449	
0.018621	0.150709	0.830670	
0.006176	0.395787	0.598038	
0.017875	0.452586	0.529539	
0.006516	0.041663	0.951821	
0.719112	0.213466	0.067422	
0.056374	0.431588	0.512038	
0.003992	0.342867	0.653141	
0.013600	0.569499	0.416901	
0.058567	0.382033	0.559400	
0.011359	0.106342	0.882300	
0.018619	0.202655	0.778726	
0.014728	0.518283	0.466989	
0.443147	0.322715	0.234138	
0.003076	0.094765	0.902159	
0.005728	0.041249	0.953024	
0.077982	0.208049	0.713969	
0.016884	0.626884	0.356232	
0.128261	0.444603	0.427136	
0.006906	0.348345	0.644749	
0.035418	0.127040	0.837542	
0.002408	0.020355	0.977237	
0.261865	0.435760	0.302375	
0.002077	0.019553	0.978369	
0.232164	0.375880	0.391956	
0.035945	0.652456	0.311599	
0.063988	0.152935	0.783077	
0.006031	0.399343	0.594626	
0.219780	0.366285	0.413935	
0.013795	0.359972	0.626233	
0.010253	0.618470	0.371277	
0.021357	0.571930	0.406712	
0.019054	0.763810	0.217136	
0.184225	0.595961	0.219814	
0.001222	0.013846	0.984932	
0.021570	0.146130	0.832300	
0.012329	0.048022	0.939649	
0.026702	0.079358	0.893941	
0.042081	0.201464	0.756455	
0.327731	0.372219	0.300050	
0.633767	0.199741	0.166492	
0.034999	0.223832	0.741168	
0.014428	0.695919	0.289653	
0.009937	0.678330	0.311733	
0.006137	0.552237	0.441626	
0.006394	0.399631	0.593975	
0.036148	0.216226	0.747626	
0.019378	0.655969	0.324653	
0.006900	0.415928	0.577172	
0.024113	0.397257	0.578630	
0.009285	0.168206	0.822508	
0.016460	0.604991	0.378549	
0.022719	0.393241	0.584040	
0.091998	0.577788	0.330214	
0.666109	0.242780	0.091111	
0.586003	0.285121	0.128876	
0.007333	0.318777	0.673890	
0.037805	0.349878	0.612317	
0.001973	0.068022	0.930005	
0.362558	0.355049	0.282392	
0.377788	0.350975	0.271237	
0.680025	0.235262	0.084713	
0.006869	0.429548	0.563583	
0.042754	0.334602	0.622644	
0.022353	0.339134	0.638513	
0.044176	0.073720	0.882104	
0.007760	0.562382	0.429858	
0.672459	0.258734	0.068807	
0.576477	0.275352	0.148171	
0.411258	0.311370	0.277372	
0.011885	0.313728	0.674387	
0.151790	0.394879	0.453331	
0.427396	0.366540	0.206065	
0.621250	0.287564	0.091187	
0.855274	0.122427	0.022299	
0.042183	0.375081	0.582736	
0.192551	0.245182	0.562267	
0.006333	0.411342	0.582325	
0.321758	0.349295	0.328947	
0.577197	0.278882	0.143921	
0.663938	0.262296	0.073766	
0.189200	0.519377	0.291423	
0.118546	0.322847	0.558608	
0.032713	0.576010	0.391277	
0.397273	0.352242	0.250485	
0.871857	0.099801	0.028341	
0.067962	0.616968	0.315070	
0.001124	0.393836	0.605040	
0.548118	0.287451	0.164431	
0.011409	0.359114	0.629477	
0.776279	0.173186	0.050535	
0.004809	0.446930	0.548261	
0.758690	0.179857	0.061453	
0.437077	0.366241	0.196682	
0.816077	0.150712	0.033211	
0.336566	0.391990	0.271444	
0.542749	0.313584	0.143668	
0.518294	0.351915	0.129791	
0.476895	0.369158	0.153947	
0.000539	0.019209	0.980252	
0.181551	0.493990	0.324459	
0.014335	0.247566	0.738100	
0.678269	0.252255	0.069476	
0.363024	0.471346	0.165630	
0.725360	0.216897	0.057743	
0.115583	0.486777	0.397640	
0.026420	0.461816	0.511764	
0.745414	0.219856	0.034730	
0.003960	0.455575	0.540464	
0.711156	0.215870	0.072974	
0.006121	0.227595	0.766284	
0.007535	0.589970	0.402495	
0.026016	0.426573	0.547411	
0.008185	0.245982	0.745833	
0.118746	0.424625	0.456628	
0.570682	0.281506	0.147811	
0.141860	0.529307	0.328833	
0.610244	0.287903	0.101852	
0.007907	0.177114	0.814979	
0.000568	0.019045	0.980387	
0.274334	0.313096	0.412571	
0.045446	0.400027	0.554528	
0.061809	0.073494	0.864697	
0.007449	0.526688	0.465863	
0.004759	0.590189	0.405052	
0.012775	0.563841	0.423384	
0.629868	0.262230	0.107903	
0.007489	0.229620	0.762891	
0.013036	0.463405	0.523560	
0.227059	0.483839	0.289102	
0.403271	0.351278	0.245452	
0.487918	0.320147	0.191935	
0.056680	0.415606	0.527714	
0.003278	0.171335	0.825387	
0.805067	0.163956	0.030977	
0.704843	0.221742	0.073415	
0.048000	0.658438	0.293562	
0.852601	0.125603	0.021796	
0.035814	0.610823	0.353363	
0.229225	0.497300	0.273475	
0.003253	0.348480	0.648267	
0.624806	0.271199	0.103995	
0.535034	0.350727	0.114239	
0.037286	0.482784	0.479930	
0.524066	0.320584	0.155350	
0.006036	0.342488	0.651477	
0.053131	0.476115	0.470754	
0.004177	0.459427	0.536395	
0.270149	0.554381	0.175470	
0.440093	0.324446	0.235461	
0.019162	0.203650	0.777188	
0.215661	0.266126	0.518213	
0.003276	0.129725	0.866999	
0.010562	0.293432	0.696007	
0.000202	0.007659	0.992140	
0.000040	0.002748	0.997212	
0.000671	0.044070	0.955260	
0.000520	0.035193	0.964288	
0.016166	0.259964	0.723870	
0.033383	0.354182	0.612435	
0.000943	0.079371	0.919687	
0.008840	0.102954	0.888206	
0.001815	0.019048	0.979137	
0.008362	0.110197	0.881441	
0.015362	0.224491	0.760147	
0.001198	0.021530	0.977272	
0.089969	0.270941	0.639090	
0.004214	0.212644	0.783142	
0.004768	0.051737	0.943496	
0.469788	0.332529	0.197682	
0.004353	0.065514	0.930133	
0.039417	0.330438	0.630145	
0.001351	0.062793	0.935856	
0.003086	0.119432	0.877482	
0.000047	0.007073	0.992881	
0.001981	0.104870	0.893149	
0.000894	0.009619	0.989487	
0.001239	0.016713	0.982048	
0.138269	0.260369	0.601362	
0.112047	0.324704	0.563249	
0.002378	0.084700	0.912922	
0.008565	0.153024	0.838412	
0.000250	0.007849	0.991901	
0.001671	0.030400	0.967928	
0.882109	0.096328	0.021563	
0.000880	0.039936	0.959184	
0.079931	0.172174	0.747895	
0.009924	0.296844	0.693232	
0.013239	0.106557	0.880204	
0.393725	0.315929	0.290347	
0.142421	0.257518	0.600061	
0.044339	0.263173	0.692488	
0.001245	0.066150	0.932605	
0.001463	0.024636	0.973901	
0.000054	0.002435	0.997511	
0.001677	0.066043	0.932281	
0.125090	0.280905	0.594005	
0.705738	0.176807	0.117455	
0.006953	0.184137	0.808910	
0.000912	0.041855	0.957233	
0.007068	0.125252	0.867680	
0.026744	0.257501	0.715755	
0.000424	0.010224	0.989352	
0.019918	0.055231	0.924851	
0.001383	0.018439	0.980179	
0.002478	0.067278	0.930244	
0.007141	0.061700	0.931159	
0.002842	0.096677	0.900481	
0.004928	0.063205	0.931867	
0.100769	0.299039	0.600192	
0.000251	0.009263	0.990485	
0.022462	0.065328	0.912209	
0.001105	0.027326	0.971569	
0.007729	0.107417	0.884854	
0.000118	0.004409	0.995472	
0.000453	0.009454	0.990093	
0.000485	0.017106	0.982409	
0.005310	0.174818	0.819872	
0.000929	0.049339	0.949732	
0.142691	0.280200	0.577109	
0.005138	0.176851	0.818011	
0.209740	0.319855	0.470405	
0.009220	0.037877	0.952903	
0.001885	0.073078	0.925037	
0.000331	0.007919	0.991750	
0.070860	0.375971	0.553169	
0.014795	0.137398	0.847807	
0.003447	0.093992	0.902561	
0.000820	0.018432	0.980748	
0.014986	0.202485	0.782529	
0.019065	0.336149	0.644786	
0.024885	0.342757	0.632358	
0.007545	0.168603	0.823852	
0.000080	0.008957	0.990962	
0.030427	0.356870	0.612702	
0.507552	0.315745	0.176703	
0.004743	0.466433	0.528824	
0.793039	0.168574	0.038387	
0.369353	0.324558	0.306090	
0.400926	0.301906	0.297168	
0.000576	0.041220	0.958204	
0.038160	0.165274	0.796566	
0.012449	0.153379	0.834171	
0.007105	0.657034	0.335861	
0.004611	0.169204	0.826185	
0.058976	0.702869	0.238156	
0.059584	0.537808	0.402609	
0.178282	0.408356	0.413362	
0.244187	0.592296	0.163517	
0.010180	0.604094	0.385727	
0.020308	0.782493	0.197199	
0.341247	0.505243	0.153510	
0.005759	0.613729	0.380512	
0.027803	0.306114	0.666082	
0.021416	0.748944	0.229639	
0.017255	0.102097	0.880648	
0.007061	0.283369	0.709570	
0.017021	0.508328	0.474650	
0.024728	0.600925	0.374347	
0.036306	0.591036	0.372657	
0.007183	0.664537	0.328280	
0.003640	0.079255	0.917105	
0.011172	0.488596	0.500232	
0.014332	0.540032	0.445636	
0.017128	0.609475	0.373397	
0.133896	0.389631	0.476472	
0.020327	0.394113	0.585560	
0.127209	0.315548	0.557243	
0.038027	0.220699	0.741274	
0.515226	0.325558	0.159216	
0.006384	0.251315	0.742301	
0.024424	0.395508	0.580069	
0.323686	0.373597	0.302717	
0.336024	0.373042	0.290935	
0.005108	0.141791	0.853100	
0.005024	0.089918	0.905057	
0.013017	0.107101	0.879883	
0.689645	0.229388	0.080967	
0.100674	0.213590	0.685736	
0.553884	0.306402	0.139714	
0.496080	0.381280	0.122639	
0.606151	0.278035	0.115813	
0.206971	0.564003	0.229027	
0.064540	0.645130	0.290330	
0.495890	0.378196	0.125914	
0.775568	0.194557	0.029874	
0.673191	0.237273	0.089536	
0.023136	0.337429	0.639434	
0.008652	0.129528	0.861820	
0.075472	0.585647	0.338881	
0.007783	0.582252	0.409965	
0.007548	0.511304	0.481148	
0.033295	0.590275	0.376430	
0.007523	0.275102	0.717375	
0.007768	0.286116	0.706116	
0.555282	0.361253	0.083464	
0.054385	0.469531	0.476084	
0.461037	0.394212	0.144751	
0.143008	0.259878	0.597114	
0.025787	0.177880	0.796333	
0.007098	0.182547	0.810354	
0.374696	0.465854	0.159450	
0.305966	0.510158	0.183876	
0.008390	0.397012	0.594598	
0.041260	0.731594	0.227146	
0.358662	0.276046	0.365292	
0.380533	0.418875	0.200592	
0.614428	0.294062	0.091511	
0.047699	0.474921	0.477380	
0.604008	0.307779	0.088212	
0.020497	0.559031	0.420472	
0.082491	0.201118	0.716392	
0.121337	0.264780	0.613883	
0.555482	0.366836	0.077682	
0.005655	0.357018	0.637327	
0.026030	0.496794	0.477176	
0.633667	0.312260	0.054073	
0.351092	0.501776	0.147132	
0.022483	0.296564	0.680953	
0.018850	0.429678	0.551472	
0.021299	0.406907	0.571794	
0.077593	0.349970	0.572437	
0.097047	0.318222	0.584731	
0.283428	0.403338	0.313234	
0.598219	0.293402	0.108378	
0.388362	0.208823	0.402815	
0.169998	0.505454	0.324548	
0.010280	0.077599	0.912121	
0.586082	0.307625	0.106294	
0.006290	0.149344	0.844366	
0.027455	0.592065	0.380480	
0.646749	0.261867	0.091384	
0.386505	0.418140	0.195354	
0.309561	0.517811	0.172628	
0.200970	0.613039	0.185992	
0.004897	0.503913	0.491189	
0.116525	0.439289	0.444186	
0.345896	0.392675	0.261430	
0.138080	0.150513	0.711407	
0.010428	0.129389	0.860183	
0.234843	0.394176	0.370981	
0.180470	0.566655	0.252874	
0.122129	0.331528	0.546343	
0.051737	0.730630	0.217634	
0.523869	0.326156	0.149975	
0.020405	0.151725	0.827869	
0.109310	0.599849	0.290842	
0.008120	0.553203	0.438677	
0.254240	0.383145	0.362614	
0.309136	0.369425	0.321440	
0.211195	0.261168	0.527637	
0.362904	0.416632	0.220464	
0.411192	0.451351	0.137457	
0.010907	0.227200	0.761893	
0.335531	0.397216	0.267253	
0.008139	0.197415	0.794446	
0.017122	0.508650	0.474227	
0.188586	0.376538	0.434876	
0.029236	0.449033	0.521732	
0.075713	0.153341	0.770945	
0.005870	0.083305	0.910824	
0.023247	0.162408	0.814345	
0.067185	0.510528	0.422287	
0.543903	0.329250	0.126847	
0.012367	0.289861	0.697773	
0.561079	0.280854	0.158067	
0.018990	0.597207	0.383803	
0.007441	0.155145	0.837414	
0.000442	0.010356	0.989203	
0.163464	0.398543	0.437993	
0.063065	0.466668	0.470266	
0.467317	0.289951	0.242733	
0.446383	0.478083	0.075534	
0.001150	0.013283	0.985567	
0.104847	0.302892	0.592262	
0.007358	0.204837	0.787805	
0.089189	0.591517	0.319294	
0.097036	0.248724	0.654240	
0.354772	0.321504	0.323725	
0.113626	0.640916	0.245458	
0.023150	0.756837	0.220013	
0.045235	0.377104	0.577661	
0.428310	0.364135	0.207555	
0.130233	0.463389	0.406378	
0.520672	0.432423	0.046905	
0.042465	0.696901	0.260633	
0.379119	0.426084	0.194797	
0.084597	0.464022	0.451381	
0.609894	0.266814	0.123292	
0.068602	0.155594	0.775804	
0.046734	0.570195	0.383071	
0.591403	0.290694	0.117903	
0.628505	0.265520	0.105975	
0.267883	0.424757	0.307360	
0.169709	0.541946	0.288345	
0.046761	0.128890	0.824349	
0.228839	0.390927	0.380234	
0.303557	0.377881	0.318562	
0.144499	0.169218	0.686282	
0.018930	0.060475	0.920595	
0.004926	0.054315	0.940759	
0.001127	0.014284	0.984588	
0.008016	0.432275	0.559709	
0.014819	0.114056	0.871125	
0.147553	0.501089	0.351358	
0.105428	0.431220	0.463352	
0.647892	0.277816	0.074292	
0.317744	0.387258	0.294999	
0.002766	0.051338	0.945896	
0.004387	0.444268	0.551345	
0.045738	0.487365	0.466898	
0.006843	0.430048	0.563109	
0.117230	0.388385	0.494384	
0.276403	0.353727	0.369870	
0.162315	0.615784	0.221901	
0.002381	0.231904	0.765715	
0.056043	0.330116	0.613841	
0.015015	0.595208	0.389778	
0.009270	0.180798	0.809932	
0.721130	0.225738	0.053132	
0.003612	0.477874	0.518514	
0.020313	0.077242	0.902445	
0.015080	0.221719	0.763201	
0.004449	0.061326	0.934225	
0.038784	0.445282	0.515934	
0.007348	0.382918	0.609734	
0.185553	0.346430	0.468016	
0.005317	0.681602	0.313081	
0.197920	0.348375	0.453705	
0.035019	0.766834	0.198147	
0.480916	0.358957	0.160128	
0.043571	0.283945	0.672484	
0.464154	0.460571	0.075275	
0.354720	0.553818	0.091462	
0.883926	0.105231	0.010842	
0.479598	0.424481	0.095921	
0.648217	0.300644	0.051138	
0.587486	0.311561	0.100953	
0.681547	0.274363	0.044089	
0.732987	0.207300	0.059713	
0.105556	0.621456	0.272988	
0.456209	0.384395	0.159396	
0.708063	0.211838	0.080100	
0.459911	0.395097	0.144991	
0.475890	0.420824	0.103287	
0.092424	0.150587	0.756989	
0.346431	0.494754	0.158815	
0.502430	0.390371	0.107200	
0.390168	0.480399	0.129432	
0.301386	0.354998	0.343616	
0.658059	0.279167	0.062774	
0.141937	0.578120	0.279943	
0.726552	0.254782	0.018666	
0.743731	0.194620	0.061649	
0.134638	0.614759	0.250603	
0.039961	0.136554	0.823485	
0.417088	0.450342	0.132570	
0.144222	0.705512	0.150266	
0.596283	0.342457	0.061260	
0.312290	0.445310	0.242401	
0.787225	0.188168	0.024607	
0.061498	0.654949	0.283552	
0.370687	0.417443	0.211870	
0.582930	0.356453	0.060617	
0.487158	0.359118	0.153724	
0.579781	0.320497	0.099722	
0.533044	0.398991	0.067965	
0.455441	0.390434	0.154126	
0.627860	0.211577	0.160563	
0.631894	0.312381	0.055725	
0.795557	0.165380	0.039063	
0.694339	0.252677	0.052984	
0.237292	0.623730	0.138978	
0.763257	0.215556	0.021187	
0.555622	0.381764	0.062614	
0.544292	0.385669	0.070039	
0.636523	0.322008	0.041469	
0.231854	0.387717	0.380429	
0.577077	0.354814	0.068109	
0.731521	0.235241	0.033237	
0.570597	0.335566	0.093838	
0.511820	0.387718	0.100462	
0.432839	0.488222	0.078939	
0.301230	0.458426	0.240344	
0.736870	0.223444	0.039686	
0.556020	0.381343	0.062637	
0.080366	0.225987	0.693647	
0.482350	0.310911	0.206740	
0.711147	0.217158	0.071695	
0.456748	0.424606	0.118646	
0.622056	0.286937	0.091007	
0.584085	0.376339	0.039576	
0.013834	0.679929	0.306237	
0.423751	0.519276	0.056973	
0.531014	0.362919	0.106067	
0.248961	0.554699	0.196340	
0.439673	0.510444	0.049883	
0.006171	0.358688	0.635141	
0.541900	0.355276	0.102824	
0.769038	0.190682	0.040280	
0.802854	0.172758	0.024389	
0.829026	0.149011	0.021963	
0.397708	0.514937	0.087354	
0.397038	0.505121	0.097841	
0.396702	0.367874	0.235423	
0.621689	0.303800	0.074511	
0.718804	0.249293	0.031903	
0.693123	0.266249	0.040629	
0.005364	0.060326	0.934310	
0.714990	0.227513	0.057497	
0.645634	0.307394	0.046972	
0.527375	0.346396	0.126229	
0.362129	0.526795	0.111076	
0.250862	0.563240	0.185899	
0.825939	0.161126	0.012934	
0.693614	0.252813	0.053573	
0.593833	0.301831	0.104336	
0.537674	0.399635	0.062691	
0.449943	0.366092	0.183965	
0.596089	0.350872	0.053038	
0.656332	0.272900	0.070768	
0.405414	0.417946	0.176641	
0.524073	0.408186	0.067742	
0.097214	0.294648	0.608138	
0.637334	0.314649	0.048017	
0.011453	0.042821	0.945725	
0.628613	0.253855	0.117532	
0.649987	0.303643	0.046371	
0.482458	0.397168	0.120374	
0.055677	0.665120	0.279203	
0.603127	0.307850	0.089022	
0.629845	0.269858	0.100297	
0.272055	0.510859	0.217086	
0.756292	0.212080	0.031629	
0.304384	0.555784	0.139832	
0.216746	0.654039	0.129215	
0.021834	0.170440	0.807726	
0.060561	0.715555	0.223884	
0.346606	0.335136	0.318259	
0.007588	0.053519	0.938893	
0.266167	0.643660	0.090173	
0.447182	0.438004	0.114814	
0.357958	0.410939	0.231103	
0.004425	0.062879	0.932696	
0.485487	0.386976	0.127537	
0.016438	0.130269	0.853293	
0.189471	0.560233	0.250295	
0.032427	0.063864	0.903709	
0.416582	0.475753	0.107665	
0.544390	0.390085	0.065525	
0.726047	0.248781	0.025172	
0.276556	0.531191	0.192253	
0.467673	0.393273	0.139054	
0.003150	0.115872	0.880978	
0.719773	0.248817	0.031410	
0.049136	0.666628	0.284236	
0.777434	0.199886	0.022680	
0.022838	0.353323	0.623839	
0.071873	0.212692	0.715435	
0.367558	0.507973	0.124469	
0.425138	0.392362	0.182501	
0.000333	0.020604	0.979063	
0.761906	0.223510	0.014583	
0.224509	0.503168	0.272322	
0.222079	0.666582	0.111339	
0.914552	0.078698	0.006751	
0.606631	0.329859	0.063510	
0.034370	0.648115	0.317515	
0.013301	0.068345	0.918355	
0.011575	0.083205	0.905220	
0.141460	0.268697	0.589844	
0.375079	0.342529	0.282392	
0.830378	0.151432	0.018190	
0.579880	0.352101	0.068019	
0.151722	0.579877	0.268401	
0.022075	0.137572	0.840353	
0.251400	0.570457	0.178143	
0.520652	0.288391	0.190957	
0.437812	0.464360	0.097828	
0.519508	0.290254	0.190238	
0.497815	0.349687	0.152498	
0.337374	0.517358	0.145268	
0.144509	0.204698	0.650792	
0.160154	0.358914	0.480932	
0.339944	0.269121	0.390935	
0.020960	0.132329	0.846711	
0.497160	0.319044	0.183796	
0.341352	0.597833	0.060816	
0.340206	0.372275	0.287519	
0.708681	0.232063	0.059256	
0.578342	0.332737	0.088921	
0.063992	0.693662	0.242346	
0.251024	0.505695	0.243281	
0.568490	0.325331	0.106179	
0.062009	0.348689	0.589302	
0.582284	0.359345	0.058371	
0.034139	0.657897	0.307964	
0.155838	0.232681	0.611481	
0.652764	0.289880	0.057357	
0.449341	0.364645	0.186014	
0.053078	0.153555	0.793366	
0.105928	0.670021	0.224051	
0.657744	0.281877	0.060379	
0.617886	0.318219	0.063895	
0.687271	0.253182	0.059547	
0.422499	0.396660	0.180841	
0.141234	0.229613	0.629153	
0.431972	0.450015	0.118012	
0.199556	0.408407	0.392036	
0.457980	0.467770	0.074250	
0.089796	0.452772	0.457433	
0.579741	0.304596	0.115663	
0.271263	0.346919	0.381818	
0.190781	0.640896	0.168323	
0.378660	0.505945	0.115395	
0.021173	0.721606	0.257221	
0.447373	0.457311	0.095316	
0.257199	0.535408	0.207393	
0.370193	0.424512	0.205295	
0.612509	0.294669	0.092822	
0.203593	0.350878	0.445530	
0.392837	0.374210	0.232953	
0.535127	0.416718	0.048155	
0.557088	0.331455	0.111457	
0.065214	0.800369	0.134416	
0.430362	0.422653	0.146985	
0.601054	0.314122	0.084825	
0.407870	0.510661	0.081469	
0.303071	0.366042	0.330887	
0.233246	0.551848	0.214906	
0.027465	0.757459	0.215077	
0.218509	0.338477	0.443014	
0.218106	0.661783	0.120111	
0.228159	0.634920	0.136920	
0.037957	0.746542	0.215502	
0.433910	0.398657	0.167433	
0.139718	0.316874	0.543408	
0.171526	0.747555	0.080920	
0.126729	0.748866	0.124405	
0.406959	0.489564	0.103478	
0.170014	0.399574	0.430412	
0.073807	0.816298	0.109895	
0.078715	0.794549	0.126737	
0.178710	0.725449	0.095842	
0.194299	0.667683	0.138018	
0.506820	0.367301	0.125879	
0.874195	0.110409	0.015397	
0.295224	0.612837	0.091939	
0.675651	0.285737	0.038612	
0.301345	0.590238	0.108417	
0.194010	0.676840	0.129150	
0.383454	0.467030	0.149515	
0.648507	0.285326	0.066166	
0.631676	0.328348	0.039976	
0.397977	0.490056	0.111967	
0.359523	0.454876	0.185601	
0.134992	0.616741	0.248267	
0.687738	0.240469	0.071792	
0.550224	0.368981	0.080794	
0.043240	0.662084	0.294676	
0.442359	0.475806	0.081834	
0.492160	0.324617	0.183223	
0.432432	0.414340	0.153229	
0.642685	0.300761	0.056554	
0.364631	0.505641	0.129728	
0.150004	0.703324	0.146672	
0.174732	0.591823	0.233445	
0.188850	0.662488	0.148662	
0.304449	0.509147	0.186404	
0.320355	0.471712	0.207932	
0.166466	0.647932	0.185603	
0.323243	0.556069	0.120688	
0.152722	0.463210	0.384068	
0.130754	0.374451	0.494794	
0.063213	0.778404	0.158383	
0.108248	0.646889	0.244863	
0.225637	0.564910	0.209453	
0.130140	0.788452	0.081408	
0.018737	0.698358	0.282906	
0.317948	0.476245	0.205807	
0.009123	0.543880	0.446997	
0.068763	0.709170	0.222067	
0.078243	0.733838	0.187920	
0.613259	0.354995	0.031745	
0.533505	0.366743	0.099752	
0.067561	0.463286	0.469152	
0.244001	0.537378	0.218621	
0.031434	0.312475	0.656091	
0.578850	0.368819	0.052331	
0.707017	0.255479	0.037505	
0.307933	0.550890	0.141177	
0.067203	0.680925	0.251872	
0.241870	0.647919	0.110210	
0.559804	0.352196	0.088000	
0.399752	0.478204	0.122044	
0.423034	0.442600	0.134367	
0.047928	0.583320	0.368752	
0.342463	0.535577	0.121960	
0.348217	0.538995	0.112788	
0.276652	0.404817	0.318531	
0.032738	0.439748	0.527514	
0.034249	0.669788	0.295962	
0.104870	0.531103	0.364027	
0.343403	0.250738	0.405859	
0.182145	0.633157	0.184698	
0.224880	0.588739	0.186382	
0.124047	0.617219	0.258733	
0.196471	0.279486	0.524043	
0.479585	0.456261	0.064154	
0.193866	0.645296	0.160837	
0.011491	0.650743	0.337765	
0.574467	0.344507	0.081025	
0.701436	0.278338	0.020226	
0.345359	0.566374	0.088267	
0.180430	0.682232	0.137338	
0.406458	0.425649	0.167893	
0.270619	0.283902	0.445480	
0.369304	0.497535	0.133161	
0.014262	0.452899	0.532839	
0.518235	0.403693	0.078072	
0.053659	0.659248	0.287092	
0.402290	0.483482	0.114228	
0.316972	0.442654	0.240373	
0.726326	0.242933	0.030741	
0.213578	0.672605	0.113817	
0.426056	0.506218	0.067726	
0.137565	0.473522	0.388913	
0.503745	0.464670	0.031585	
0.345370	0.432034	0.222596	
0.736329	0.187428	0.076243	
0.597313	0.344481	0.058207	
0.659813	0.295476	0.044711	
0.087905	0.710198	0.201896	
0.074239	0.219009	0.706752	
0.002178	0.033136	0.964685	
0.133131	0.247780	0.619089	
0.503356	0.415979	0.080665	
0.655234	0.288065	0.056701	
0.035057	0.748503	0.216440	
0.704743	0.254555	0.040702	
0.195494	0.477790	0.326716	
0.395412	0.475109	0.129479	
0.610791	0.339466	0.049743	
0.424816	0.505155	0.070029	
0.023536	0.367207	0.609257	
0.160423	0.296292	0.543286	
0.168194	0.634236	0.197570	
0.370289	0.534456	0.095255	
0.299413	0.543239	0.157348	
0.808857	0.172613	0.018530	
0.354720	0.553818	0.091462	
0.832135	0.154123	0.013742	
0.028463	0.628955	0.342582	
0.246374	0.406915	0.346712	
0.647067	0.303526	0.049407	
0.308932	0.569275	0.121793	
0.442257	0.462509	0.095235	
0.745016	0.233834	0.021150	
0.301386	0.354998	0.343616	
0.309764	0.584608	0.105628	
0.376557	0.504803	0.118640	
0.013008	0.063677	0.923315	
0.401506	0.437895	0.160599	
0.688766	0.272088	0.039145	
0.393454	0.504365	0.102182	
0.779705	0.204840	0.015456	
0.013428	0.681576	0.304995	
0.592148	0.329664	0.078188	
0.556650	0.340406	0.102944	
0.421756	0.427916	0.150328	
0.550221	0.350390	0.099389	
0.186413	0.705790	0.107797	
0.782897	0.196823	0.020280	
0.486318	0.427126	0.086557	
0.336330	0.601891	0.061778	
0.307866	0.554606	0.137527	
0.138321	0.689977	0.171701	
0.728869	0.236702	0.034428	
0.346280	0.554135	0.099585	
0.282266	0.526797	0.190937	
0.552004	0.394067	0.053929	
0.070465	0.115916	0.813619	
0.690834	0.274857	0.034309	
0.789555	0.152305	0.058140	
0.233903	0.625742	0.140355	
0.201880	0.574042	0.224078	
0.816133	0.161319	0.022548	
0.136824	0.418521	0.444655	
0.334174	0.550784	0.115042	
0.546246	0.389650	0.064104	
0.519140	0.391932	0.088928	
0.193951	0.161837	0.644212	
0.052265	0.190843	0.756893	
0.332202	0.490394	0.177405	
0.000990	0.054126	0.944884	
0.394592	0.444601	0.160807	
0.000201	0.005175	0.994624	
0.019766	0.704702	0.275532	
0.087171	0.438870	0.473960	
0.012849	0.239551	0.747599	
0.395991	0.345010	0.259000	
0.003235	0.154515	0.842250	
0.426808	0.346145	0.227047	
0.156891	0.288318	0.554792	
0.050637	0.401932	0.547431	
0.007898	0.114997	0.877104	
0.001965	0.062006	0.936029	
0.026143	0.625672	0.348186	
0.011304	0.508002	0.480694	
0.545782	0.290828	0.163390	
0.005051	0.394348	0.600601	
0.462837	0.406946	0.130217	
0.016801	0.429527	0.553672	
0.012134	0.067583	0.920282	
0.029815	0.692496	0.277688	
0.044879	0.229851	0.725269	
0.008953	0.097819	0.893228	
0.006783	0.095752	0.897466	
0.006431	0.051018	0.942551	
0.040745	0.243594	0.715661	
0.474621	0.311990	0.213389	
0.519265	0.321340	0.159395	
0.165071	0.280854	0.554075	
0.005691	0.458618	0.535691	
0.007148	0.075783	0.917068	
0.002050	0.031128	0.966822	
0.043105	0.378231	0.578664	
0.129651	0.532860	0.337489	
0.009562	0.545557	0.444881	
0.045503	0.328704	0.625793	
0.091094	0.373256	0.535650	
0.066320	0.358965	0.574715	
0.006015	0.378975	0.615010	
0.406433	0.339169	0.254398	
0.206079	0.359422	0.434499	
0.008665	0.255713	0.735622	
0.008977	0.400926	0.590097	
0.001507	0.144800	0.853694	
0.327930	0.421779	0.250291	
0.012440	0.388790	0.598770	
0.194261	0.563575	0.242164	
0.001447	0.047636	0.950917	
0.271173	0.393922	0.334905	
0.533814	0.377879	0.088307	
0.010928	0.375254	0.613818	
0.443498	0.380143	0.176359	
0.121801	0.501493	0.376706	
0.012093	0.158744	0.829163	
0.296461	0.369467	0.334072	
0.008550	0.090938	0.900512	
0.021711	0.356492	0.621798	
0.337597	0.346970	0.315433	
0.000436	0.024033	0.975531	
0.035791	0.348630	0.615579	
0.026812	0.335709	0.637480	
0.033662	0.174564	0.791774	
0.014698	0.387543	0.597759	
0.006304	0.195044	0.798652	
0.766551	0.192063	0.041386	
0.007657	0.113663	0.878680	
0.290482	0.365008	0.344510	
0.500384	0.348294	0.151323	
0.018280	0.612124	0.369596	
0.061857	0.599608	0.338536	
0.536357	0.264421	0.199222	
0.025245	0.439538	0.535218	
0.011718	0.608709	0.379572	
0.207040	0.571805	0.221155	
0.812954	0.156557	0.030488	
0.009942	0.520473	0.469585	
0.535327	0.294490	0.170183	
0.374936	0.391139	0.233925	
0.017906	0.607329	0.374765	
0.013495	0.259383	0.727122	
0.058477	0.413019	0.528503	
0.256371	0.382329	0.361300	
0.008392	0.093664	0.897945	
0.682887	0.254903	0.062210	
0.002489	0.364989	0.632523	
0.010000	0.413066	0.576933	
0.100259	0.348151	0.551590	
0.595581	0.290632	0.113787	
0.012910	0.574440	0.412650	
0.327826	0.454325	0.217850	
0.015626	0.496888	0.487486	
0.014289	0.447353	0.538358	
0.861586	0.119207	0.019208	
0.540738	0.302580	0.156682	
0.016677	0.499046	0.484277	
0.436021	0.294005	0.269974	
0.007621	0.124633	0.867746	
0.010290	0.142390	0.847319	
0.028658	0.381454	0.589888	
0.034359	0.282705	0.682936	
0.005875	0.021000	0.973125	
0.008744	0.509598	0.481658	
0.026525	0.429926	0.543549	
0.002647	0.033437	0.963916	
0.041173	0.368457	0.590370	
0.237401	0.447282	0.315317	
0.470696	0.349157	0.180147	
0.065744	0.327715	0.606540	
0.012331	0.409872	0.577797	
0.682557	0.241711	0.075731	
0.151390	0.508880	0.339730	
0.019626	0.424436	0.555938	
0.034341	0.586827	0.378832	
0.000983	0.026334	0.972683	
0.010083	0.181371	0.808546	
0.014312	0.584388	0.401300	
0.089738	0.641814	0.268448	
0.000428	0.019620	0.979952	
0.158667	0.460252	0.381081	
0.522584	0.317008	0.160408	
0.267948	0.488753	0.243299	
0.023221	0.421820	0.554959	
0.636808	0.264378	0.098814	
0.001358	0.034837	0.963805	
0.046989	0.530376	0.422635	
0.002590	0.087127	0.910284	
0.329385	0.385901	0.284713	
0.007881	0.126253	0.865866	
0.023909	0.463625	0.512466	
0.018527	0.539411	0.442062	
0.008544	0.105853	0.885603	
0.006090	0.043733	0.950177	
0.430650	0.493858	0.075492	
0.214251	0.497745	0.288004	
0.013798	0.622665	0.363537	
0.191390	0.338286	0.470324	
0.014927	0.445405	0.539668	
0.359355	0.374242	0.266403	
0.105111	0.405077	0.489812	
0.001433	0.027312	0.971255	
0.012229	0.659841	0.327930	
0.130869	0.481184	0.387947	
0.004019	0.052957	0.943023	
0.100781	0.523406	0.375813	
0.008085	0.295581	0.696334	
0.024437	0.592927	0.382637	
0.052901	0.347116	0.599983	
0.010730	0.078919	0.910352	
0.013900	0.263672	0.722428	
0.809262	0.167782	0.022956	
0.027715	0.127334	0.844951	
0.085654	0.438812	0.475533	
0.066338	0.482555	0.451107	
0.397233	0.427463	0.175304	
0.009408	0.054225	0.936367	
0.037374	0.659137	0.303489	
0.007804	0.116855	0.875341	
0.015910	0.176420	0.807671	
0.432322	0.404762	0.162916	
0.599074	0.252091	0.148836	
0.012461	0.116112	0.871427	
0.063449	0.127327	0.809224	
0.038025	0.271754	0.690221	
0.348360	0.317098	0.334542	
0.022459	0.064006	0.913534	
0.046262	0.482127	0.471611	
0.003316	0.098846	0.897838	
0.032889	0.639909	0.327202	
0.026597	0.130641	0.842763	
0.680452	0.253056	0.066491	
0.009150	0.557848	0.433003	
0.088206	0.183469	0.728325	
0.014438	0.236883	0.748679	
0.010731	0.298856	0.690413	
0.295527	0.434520	0.269953	
0.036008	0.445731	0.518261	
0.122719	0.473922	0.403359	
0.046903	0.192142	0.760956	
