0.037585	0.284023	0.678392	
0.726143	0.240923	0.032934	
0.717244	0.169196	0.113560	
0.830262	0.157303	0.012435	
0.193429	0.424599	0.381973	
0.193429	0.424599	0.381973	
0.033090	0.151010	0.815900	
0.666863	0.282022	0.051115	
0.264044	0.349042	0.386914	
0.706833	0.266366	0.026801	
0.388216	0.410090	0.201694	
0.057342	0.774797	0.167862	
0.010363	0.156456	0.833181	
0.193429	0.424599	0.381973	
0.015311	0.799315	0.185374	
0.014906	0.101618	0.883477	
0.048641	0.748327	0.203032	
0.494624	0.494087	0.011290	
0.193429	0.424599	0.381973	
0.193429	0.424599	0.381973	
0.000126	0.008097	0.991777	
0.210539	0.488957	0.300505	
0.044091	0.218643	0.737266	
0.664365	0.282785	0.052851	
0.193429	0.424599	0.381973	
0.880173	0.113166	0.006660	
0.025119	0.807241	0.167640	
0.193429	0.424599	0.381973	
0.109920	0.723149	0.166931	
0.155419	0.312635	0.531946	
0.147022	0.327011	0.525968	
0.004053	0.101416	0.894531	
0.005654	0.051828	0.942518	
0.013817	0.121461	0.864723	
0.005181	0.777899	0.216920	
0.006360	0.251033	0.742607	
0.772336	0.209911	0.017753	
0.490514	0.418883	0.090603	
0.193429	0.424599	0.381973	
0.193429	0.424599	0.381973	
0.193429	0.424599	0.381973	
0.290929	0.665492	0.043579	
0.143297	0.709268	0.147435	
0.746880	0.218324	0.034796	
0.009794	0.716492	0.273714	
0.193429	0.424599	0.381973	
0.003774	0.082264	0.913961	
0.168142	0.219630	0.612228	
0.006668	0.479280	0.514052	
0.006745	0.072880	0.920375	
0.193429	0.424599	0.381973	
0.044903	0.789332	0.165765	
0.027774	0.704847	0.267379	
0.006261	0.138334	0.855405	
0.008443	0.812588	0.178969	
0.193429	0.424599	0.381973	
0.193429	0.424599	0.381973	
0.193429	0.424599	0.381973	
0.007070	0.523423	0.469506	
0.178664	0.665689	0.155647	
0.268642	0.634038	0.097320	
0.803603	0.176335	0.020062	
0.006056	0.168421	0.825523	
0.145414	0.279448	0.575138	
0.193429	0.424599	0.381973	
0.011932	0.474609	0.513459	
0.938622	0.057879	0.003499	
0.193429	0.424599	0.381973	
0.259000	0.621904	0.119096	
0.004309	0.077736	0.917956	
0.918750	0.075099	0.006151	
0.353368	0.435753	0.210879	
0.024953	0.698821	0.276225	
0.032910	0.722667	0.244422	
0.193429	0.424599	0.381973	
0.193429	0.424599	0.381973	
0.193429	0.424599	0.381973	
0.006021	0.053589	0.940391	
0.017787	0.828106	0.154107	
0.193429	0.424599	0.381973	
0.007368	0.790031	0.202601	
0.003159	0.038779	0.958062	
0.178818	0.567675	0.253507	
0.071157	0.184036	0.744807	
0.193429	0.424599	0.381973	
0.174834	0.608972	0.216195	
0.064786	0.696687	0.238528	
0.006161	0.116733	0.877106	
0.005537	0.095145	0.899318	
0.545876	0.339400	0.114724	
0.073588	0.760764	0.165648	
0.009114	0.826934	0.163952	
0.112758	0.773484	0.113758	
0.193429	0.424599	0.381973	
0.663981	0.288713	0.047306	
0.011392	0.397126	0.591482	
0.193429	0.424599	0.381973	
0.018872	0.817733	0.163395	
0.004879	0.631278	0.363843	
0.005301	0.049151	0.945548	
0.012643	0.711805	0.275552	
0.058241	0.680613	0.261146	
0.566127	0.361973	0.071900	
0.019128	0.485726	0.495145	
0.093564	0.713808	0.192628	
0.004919	0.804207	0.190874	
0.009444	0.706600	0.283956	
0.173672	0.638180	0.188148	
0.113730	0.726673	0.159597	
0.884281	0.105571	0.010148	
0.008829	0.172008	0.819163	
0.837915	0.143149	0.018936	
0.309818	0.568622	0.121560	
0.485182	0.419099	0.095719	
0.067801	0.449998	0.482201	
0.006663	0.517528	0.475809	
0.170216	0.154888	0.674896	
0.068420	0.791425	0.140155	
0.007185	0.721871	0.270944	
0.015452	0.847442	0.137106	
0.029600	0.719888	0.250513	
0.193429	0.424599	0.381973	
0.378975	0.389318	0.231707	
0.021708	0.222087	0.756205	
0.193429	0.424599	0.381973	
0.193429	0.424599	0.381973	
0.193429	0.424599	0.381973	
0.919095	0.077996	0.002909	
0.009712	0.715038	0.275249	
0.056832	0.661437	0.281731	
0.019930	0.443399	0.536671	
0.022415	0.706953	0.270632	
0.117987	0.488230	0.393783	
0.833233	0.155869	0.010898	
0.161705	0.627114	0.211182	
0.193429	0.424599	0.381973	
0.060864	0.650233	0.288903	
0.381368	0.373220	0.245412	
0.061243	0.672820	0.265937	
0.000677	0.017591	0.981732	
0.006720	0.762751	0.230529	
0.193429	0.424599	0.381973	
0.004884	0.131651	0.863465	
0.008954	0.541723	0.449324	
0.000104	0.005394	0.994502	
0.478252	0.397899	0.123850	
0.020062	0.831311	0.148628	
0.192588	0.620505	0.186907	
0.010513	0.692341	0.297146	
0.006458	0.429807	0.563736	
0.040073	0.777653	0.182274	
0.252761	0.578927	0.168312	
0.193429	0.424599	0.381973	
0.437850	0.221383	0.340767	
0.639613	0.296929	0.063458	
0.032113	0.844139	0.123748	
0.170563	0.652961	0.176476	
0.171315	0.619178	0.209507	
0.005654	0.700418	0.293928	
0.289121	0.566130	0.144749	
0.183948	0.370161	0.445892	
0.007415	0.164817	0.827768	
0.722769	0.237195	0.040036	
0.330815	0.542204	0.126981	
0.719450	0.205853	0.074697	
0.038403	0.319033	0.642564	
0.019182	0.052067	0.928751	
0.206054	0.696721	0.097225	
0.193429	0.424599	0.381973	
0.032770	0.813897	0.153333	
0.004159	0.234699	0.761142	
0.193429	0.424599	0.381973	
0.102313	0.858962	0.038725	
0.279200	0.514651	0.206149	
0.045045	0.409838	0.545117	
0.001426	0.078674	0.919899	
0.067814	0.796020	0.136165	
0.431516	0.407112	0.161372	
0.029469	0.680144	0.290387	
0.442484	0.426732	0.130784	
0.036979	0.759629	0.203392	
0.010906	0.448368	0.540726	
0.072234	0.337697	0.590068	
0.193429	0.424599	0.381973	
0.009960	0.491954	0.498087	
0.056106	0.859530	0.084364	
0.067944	0.450725	0.481331	
0.777052	0.198189	0.024759	
0.771210	0.191719	0.037071	
0.157254	0.555489	0.287257	
0.193429	0.424599	0.381973	
0.001081	0.013271	0.985649	
0.193429	0.424599	0.381973	
0.096280	0.791662	0.112058	
0.002117	0.060290	0.937593	
0.193429	0.424599	0.381973	
0.534865	0.423799	0.041336	
0.918337	0.075792	0.005871	
0.052284	0.291567	0.656149	
0.193429	0.424599	0.381973	
0.028434	0.660602	0.310963	
0.069720	0.739384	0.190897	
0.000927	0.013818	0.985255	
0.104767	0.676190	0.219043	
0.019424	0.574017	0.406559	
0.001787	0.036367	0.961846	
0.014884	0.779454	0.205662	
0.019567	0.603714	0.376719	
0.206302	0.672821	0.120877	
0.614347	0.329904	0.055749	
0.777421	0.192481	0.030099	
0.021768	0.717163	0.261069	
0.005337	0.619567	0.375097	
0.017890	0.661858	0.320252	
0.225157	0.634156	0.140687	
0.193429	0.424599	0.381973	
0.193429	0.424599	0.381973	
0.020722	0.677001	0.302277	
0.007462	0.147384	0.845155	
0.303084	0.347141	0.349775	
0.151437	0.611797	0.236766	
0.193429	0.424599	0.381973	
0.164372	0.523959	0.311669	
0.193429	0.424599	0.381973	
0.113325	0.681208	0.205468	
0.452066	0.418115	0.129820	
0.435969	0.429814	0.134217	
0.017701	0.797825	0.184475	
0.611692	0.329176	0.059132	
0.568684	0.392954	0.038362	
0.642845	0.286038	0.071117	
0.744906	0.236221	0.018873	
0.000271	0.005196	0.994533	
0.731183	0.239213	0.029604	
0.000535	0.012705	0.986760	
0.193429	0.424599	0.381973	
0.264643	0.341176	0.394180	
0.009961	0.188185	0.801854	
0.774010	0.204026	0.021964	
0.590666	0.298786	0.110548	
0.020711	0.702427	0.276862	
0.033834	0.854546	0.111621	
0.193429	0.424599	0.381973	
0.174834	0.608972	0.216195	
0.005655	0.678848	0.315498	
0.480266	0.423244	0.096490	
0.008640	0.807046	0.184315	
0.016081	0.143615	0.840304	
0.193429	0.424599	0.381973	
0.630020	0.349946	0.020033	
0.193429	0.424599	0.381973	
0.039778	0.400022	0.560200	
0.171934	0.654407	0.173659	
0.008034	0.383389	0.608577	
0.932911	0.061759	0.005330	
0.193429	0.424599	0.381973	
0.437041	0.406357	0.156602	
0.008742	0.307024	0.684234	
0.193429	0.424599	0.381973	
0.362205	0.473191	0.164603	
0.008180	0.787486	0.204335	
0.193429	0.424599	0.381973	
0.193429	0.424599	0.381973	
0.004016	0.806602	0.189381	
0.009887	0.081224	0.908889	
0.531216	0.353568	0.115216	
0.011098	0.465157	0.523745	
0.193429	0.424599	0.381973	
0.430472	0.390169	0.179359	
0.193429	0.424599	0.381973	
0.193429	0.424599	0.381973	
0.226571	0.403490	0.369939	
0.031847	0.158586	0.809567	
0.055090	0.136047	0.808862	
0.002588	0.214509	0.782902	
0.007571	0.139052	0.853377	
0.034608	0.755153	0.210239	
0.011567	0.878918	0.109515	
0.007038	0.076021	0.916941	
0.295221	0.586978	0.117801	
0.602005	0.345994	0.052001	
0.015641	0.069063	0.915296	
0.193429	0.424599	0.381973	
0.069698	0.620629	0.309673	
0.028570	0.229153	0.742276	
0.727479	0.224021	0.048499	
0.028392	0.788511	0.183097	
0.024939	0.631911	0.343149	
0.539128	0.390642	0.070230	
0.193429	0.424599	0.381973	
0.015545	0.850276	0.134178	
0.078252	0.752441	0.169308	
0.193429	0.424599	0.381973	
0.004726	0.338234	0.657040	
0.751864	0.213375	0.034761	
0.009042	0.864692	0.126265	
0.272562	0.623077	0.104361	
0.193429	0.424599	0.381973	
0.083657	0.794449	0.121894	
0.543784	0.418804	0.037412	
0.038372	0.218661	0.742967	
0.008823	0.561130	0.430047	
0.046969	0.696058	0.256973	
0.193429	0.424599	0.381973	
0.193429	0.424599	0.381973	
0.139821	0.715748	0.144430	
0.483688	0.389056	0.127256	
0.193429	0.424599	0.381973	
0.060657	0.343639	0.595704	
0.090545	0.330859	0.578597	
0.008058	0.802582	0.189361	
0.012134	0.866708	0.121159	
0.001225	0.018718	0.980057	
0.812931	0.170988	0.016081	
0.915933	0.076730	0.007337	
0.338062	0.505828	0.156110	
0.012829	0.504199	0.482972	
0.015249	0.778021	0.206731	
0.225808	0.147231	0.626962	
0.907633	0.080602	0.011766	
0.000514	0.004392	0.995094	
0.007582	0.049263	0.943154	
0.193429	0.424599	0.381973	
0.761049	0.156261	0.082689	
0.178775	0.709158	0.112067	
0.023290	0.731905	0.244805	
0.193429	0.424599	0.381973	
0.082033	0.811333	0.106634	
0.035718	0.793635	0.170647	
0.540411	0.387295	0.072294	
0.014576	0.110438	0.874985	
0.016174	0.742781	0.241044	
0.190301	0.260725	0.548974	
0.032265	0.761873	0.205862	
0.005920	0.376032	0.618048	
0.193429	0.424599	0.381973	
0.180143	0.688414	0.131443	
0.137489	0.760421	0.102090	
0.648893	0.248090	0.103017	
0.193429	0.424599	0.381973	
0.020303	0.588101	0.391596	
0.683198	0.289525	0.027277	
0.392321	0.539722	0.067957	
0.217073	0.641353	0.141574	
0.323804	0.139607	0.536589	
0.193991	0.521694	0.284315	
0.414145	0.409087	0.176768	
0.193429	0.424599	0.381973	
0.020520	0.599449	0.380031	
0.039867	0.479046	0.481086	
0.024855	0.778457	0.196688	
0.021596	0.387026	0.591378	
0.538917	0.226506	0.234577	
0.768840	0.210967	0.020193	
0.625207	0.313048	0.061744	
0.064872	0.593891	0.341237	
0.007445	0.056407	0.936148	
0.629339	0.191932	0.178729	
0.492055	0.428046	0.079898	
0.084169	0.799078	0.116753	
0.193429	0.424599	0.381973	
0.014560	0.761059	0.224381	
0.102503	0.522641	0.374856	
0.236795	0.693687	0.069518	
0.169875	0.592060	0.238065	
0.461353	0.327926	0.210720	
0.457399	0.194358	0.348243	
0.428214	0.343109	0.228678	
0.045132	0.132701	0.822167	
0.005532	0.721992	0.272476	
0.468751	0.411486	0.119763	
0.042981	0.180101	0.776919	
0.425344	0.491648	0.083008	
0.466974	0.427133	0.105892	
0.185028	0.547775	0.267197	
0.013749	0.110210	0.876041	
0.003042	0.040505	0.956453	
0.398312	0.462083	0.139605	
0.045987	0.301858	0.652155	
0.009372	0.723287	0.267341	
0.015410	0.074441	0.910149	
0.386466	0.528582	0.084952	
0.068018	0.807171	0.124812	
0.020331	0.727400	0.252268	
0.420693	0.375640	0.203667	
0.029831	0.848217	0.121952	
0.004965	0.059358	0.935678	
0.739175	0.226101	0.034724	
0.193429	0.424599	0.381973	
0.193429	0.424599	0.381973	
0.811816	0.146373	0.041811	
0.020769	0.643038	0.336193	
0.627278	0.310026	0.062696	
0.193429	0.424599	0.381973	
0.787328	0.188655	0.024017	
0.188871	0.669504	0.141625	
0.193429	0.424599	0.381973	
0.641183	0.299017	0.059800	
0.026043	0.804566	0.169391	
0.608534	0.329517	0.061949	
0.193429	0.424599	0.381973	
0.046900	0.433355	0.519745	
0.035066	0.457877	0.507057	
0.073898	0.764709	0.161394	
0.193429	0.424599	0.381973	
0.011910	0.563292	0.424799	
0.190739	0.510335	0.298926	
0.016968	0.187458	0.795574	
0.129063	0.716425	0.154513	
0.887638	0.103428	0.008933	
0.034780	0.285266	0.679954	
0.038237	0.679248	0.282515	
0.029278	0.273998	0.696724	
0.409438	0.521017	0.069545	
0.193429	0.424599	0.381973	
0.001771	0.060965	0.937263	
0.194720	0.710892	0.094388	
0.759156	0.209032	0.031813	
0.000099	0.003598	0.996303	
0.044580	0.220068	0.735353	
0.844385	0.138139	0.017476	
0.003360	0.097300	0.899340	
0.042945	0.843216	0.113838	
0.651089	0.292823	0.056088	
0.095748	0.641571	0.262681	
0.140560	0.501300	0.358140	
0.100798	0.270783	0.628420	
0.193429	0.424599	0.381973	
0.420659	0.434161	0.145180	
0.844319	0.144718	0.010963	
0.296731	0.656755	0.046513	
0.077773	0.651266	0.270961	
0.003452	0.122017	0.874532	
0.660759	0.279296	0.059945	
0.193429	0.424599	0.381973	
0.001428	0.051005	0.947567	
0.011785	0.073725	0.914491	
0.007268	0.777710	0.215022	
0.743616	0.220184	0.036200	
0.028159	0.830852	0.140989	
0.710920	0.246508	0.042572	
0.125742	0.741172	0.133086	
0.193429	0.424599	0.381973	
0.475091	0.404004	0.120905	
0.015794	0.713585	0.270621	
0.812296	0.158071	0.029633	
0.547487	0.373630	0.078883	
0.193429	0.424599	0.381973	
0.012478	0.559048	0.428474	
0.064379	0.170435	0.765186	
0.003477	0.148537	0.847986	
0.510580	0.286562	0.202858	
0.064072	0.685605	0.250323	
0.011623	0.144240	0.844137	
0.821843	0.151668	0.026489	
0.007502	0.675086	0.317412	
0.010122	0.595130	0.394748	
0.710678	0.246449	0.042873	
0.011806	0.836722	0.151472	
0.193429	0.424599	0.381973	
0.089293	0.272529	0.638178	
0.018773	0.332849	0.648378	
0.159624	0.726028	0.114348	
0.436854	0.342852	0.220294	
0.193429	0.424599	0.381973	
0.193429	0.424599	0.381973	
0.021262	0.224951	0.753788	
0.001466	0.048394	0.950140	
0.000483	0.018977	0.980539	
0.035289	0.766520	0.198191	
0.061467	0.831106	0.107428	
0.498824	0.428317	0.072860	
0.012235	0.236797	0.750968	
0.016526	0.586986	0.396488	
0.235447	0.691211	0.073342	
0.958340	0.040193	0.001467	
0.193429	0.424599	0.381973	
0.000468	0.008308	0.991223	
0.000936	0.015989	0.983075	
0.076886	0.809286	0.113828	
0.417804	0.463332	0.118864	
0.548315	0.296263	0.155422	
0.006983	0.846576	0.146441	
0.000429	0.003741	0.995831	
0.177599	0.743060	0.079341	
0.585200	0.338454	0.076346	
0.795367	0.183650	0.020983	
0.193429	0.424599	0.381973	
0.071894	0.288592	0.639514	
0.003147	0.122069	0.874784	
0.521404	0.276354	0.202242	
0.030475	0.145240	0.824285	
0.161078	0.694301	0.144621	
0.000466	0.018219	0.981315	
0.193429	0.424599	0.381973	
0.034618	0.671028	0.294355	
0.193429	0.424599	0.381973	
0.018121	0.643912	0.337967	
0.021695	0.550174	0.428130	
0.002592	0.025557	0.971851	
0.483577	0.459734	0.056689	
0.878450	0.110158	0.011393	
0.208875	0.564059	0.227066	
0.193429	0.424599	0.381973	
0.024901	0.752056	0.223044	
0.008114	0.546431	0.445455	
0.052616	0.742263	0.205121	
0.011446	0.281840	0.706714	
0.026273	0.792354	0.181373	
0.188150	0.616897	0.194953	
0.254924	0.614168	0.130909	
0.012200	0.771960	0.215840	
0.003043	0.030730	0.966227	
0.834275	0.133595	0.032131	
0.034473	0.700167	0.265360	
0.137230	0.759888	0.102882	
0.009973	0.662174	0.327853	
0.027789	0.671090	0.301122	
0.664882	0.289551	0.045566	
0.020840	0.731863	0.247296	
0.250434	0.379439	0.370127	
0.093375	0.532292	0.374332	
0.009198	0.842552	0.148250	
0.005909	0.082947	0.911144	
0.193429	0.424599	0.381973	
0.060864	0.331811	0.607326	
0.005064	0.047535	0.947401	
0.001922	0.057391	0.940686	
0.347158	0.465937	0.186906	
0.030894	0.171586	0.797520	
0.008960	0.740317	0.250723	
0.026106	0.381707	0.592188	
0.026865	0.337540	0.635595	
0.009768	0.636545	0.353687	
0.193429	0.424599	0.381973	
0.183811	0.516424	0.299765	
0.417598	0.304306	0.278096	
0.006254	0.668026	0.325720	
0.488985	0.462018	0.048996	
0.265215	0.543026	0.191759	
0.103400	0.746548	0.150053	
0.193429	0.424599	0.381973	
0.365790	0.534232	0.099978	
0.014221	0.365970	0.619810	
0.895885	0.099149	0.004966	
0.193429	0.424599	0.381973	
0.007859	0.069890	0.922251	
0.019366	0.761147	0.219487	
0.724143	0.244547	0.031309	
0.193429	0.424599	0.381973	
0.085299	0.627937	0.286765	
0.102585	0.708600	0.188815	
0.232593	0.354965	0.412442	
0.112902	0.237070	0.650028	
0.053780	0.336001	0.610219	
0.193429	0.424599	0.381973	
0.006237	0.175314	0.818449	
0.162345	0.442079	0.395576	
0.007527	0.084854	0.907619	
0.034549	0.744605	0.220846	
0.042317	0.174072	0.783611	
0.193429	0.424599	0.381973	
0.022640	0.388043	0.589317	
0.030199	0.822893	0.146908	
0.140887	0.780235	0.078879	
0.100505	0.563519	0.335976	
0.527729	0.409506	0.062765	
0.004656	0.037436	0.957908	
0.193429	0.424599	0.381973	
0.256313	0.705803	0.037884	
0.760772	0.213444	0.025785	
0.006459	0.269093	0.724448	
0.240010	0.622118	0.137872	
0.006542	0.682033	0.311425	
0.036441	0.322213	0.641346	
0.008350	0.541407	0.450243	
0.193429	0.424599	0.381973	
0.015642	0.422480	0.561878	
0.381990	0.554391	0.063619	
0.614108	0.348637	0.037254	
0.055742	0.626525	0.317733	
0.696219	0.257222	0.046559	
0.737576	0.224944	0.037480	
0.046097	0.269520	0.684383	
0.084422	0.448314	0.467264	
0.002592	0.170326	0.827082	
0.766227	0.211898	0.021875	
0.640917	0.297730	0.061354	
0.022213	0.800423	0.177364	
0.028384	0.530909	0.440707	
0.001159	0.038811	0.960030	
0.028903	0.738026	0.233071	
0.001976	0.032764	0.965260	
0.136798	0.720919	0.142283	
0.026483	0.156926	0.816592	
0.319002	0.304802	0.376196	
0.133566	0.700634	0.165800	
0.012188	0.365903	0.621909	
0.002982	0.023987	0.973031	
0.148028	0.665517	0.186455	
0.602823	0.363142	0.034035	
0.009280	0.742952	0.247768	
0.071336	0.794224	0.134440	
0.172965	0.294624	0.532411	
0.046563	0.069302	0.884135	
0.008353	0.677477	0.314170	
0.019420	0.774856	0.205724	
0.014608	0.502899	0.482493	
0.424495	0.332406	0.243099	
0.001862	0.037741	0.960396	
0.018070	0.137723	0.844208	
0.001653	0.025310	0.973037	
0.768697	0.209249	0.022054	
0.022890	0.805193	0.171917	
0.002835	0.092220	0.904945	
0.005805	0.503897	0.490298	
0.019643	0.212727	0.767630	
0.764506	0.209586	0.025908	
0.854515	0.133495	0.011989	
0.016683	0.815541	0.167776	
0.040392	0.365308	0.594300	
0.193429	0.424599	0.381973	
0.014579	0.469686	0.515735	
0.017881	0.554455	0.427664	
0.756911	0.229536	0.013554	
0.010148	0.186631	0.803221	
0.117544	0.785772	0.096684	
0.007132	0.237877	0.754991	
0.193429	0.424599	0.381973	
0.037057	0.844365	0.118578	
0.007676	0.647389	0.344936	
0.017140	0.804342	0.178518	
0.002299	0.037647	0.960054	
0.615854	0.281604	0.102542	
0.193429	0.424599	0.381973	
0.012604	0.519457	0.467939	
0.193429	0.424599	0.381973	
0.001193	0.047820	0.950987	
0.001342	0.026100	0.972558	
0.003641	0.031375	0.964985	
0.025512	0.628965	0.345523	
0.711853	0.241153	0.046993	
0.283896	0.538128	0.177976	
0.174593	0.688891	0.136516	
0.604865	0.378298	0.016837	
0.119862	0.750782	0.129356	
0.004722	0.036554	0.958723	
0.003974	0.067482	0.928544	
0.671511	0.258601	0.069888	
0.018338	0.165892	0.815770	
0.015152	0.776987	0.207861	
0.027622	0.059897	0.912481	
0.002365	0.110627	0.887008	
0.193429	0.424599	0.381973	
0.020896	0.589539	0.389564	
0.150266	0.658044	0.191690	
0.032093	0.313758	0.654149	
0.104010	0.165754	0.730237	
0.371930	0.453612	0.174458	
0.004078	0.283427	0.712495	
0.017338	0.686631	0.296031	
0.193429	0.424599	0.381973	
0.193429	0.424599	0.381973	
0.073163	0.623196	0.303640	
0.026396	0.828350	0.145254	
0.551225	0.407439	0.041335	
0.193429	0.424599	0.381973	
0.214774	0.400109	0.385117	
0.193429	0.424599	0.381973	
0.008529	0.165635	0.825837	
0.451878	0.460720	0.087402	
0.025639	0.721477	0.252884	
0.193429	0.424599	0.381973	
0.718245	0.237663	0.044093	
0.034955	0.848900	0.116145	
0.759249	0.214674	0.026076	
0.063414	0.442148	0.494438	
0.019186	0.688572	0.292242	
0.193429	0.424599	0.381973	
0.193429	0.424599	0.381973	
0.193429	0.424599	0.381973	
0.002535	0.071937	0.925527	
0.526315	0.383421	0.090264	
0.306344	0.426549	0.267107	
0.176403	0.766612	0.056986	
0.193429	0.424599	0.381973	
0.575276	0.319864	0.104860	
0.006873	0.768278	0.224848	
0.454358	0.453337	0.092306	
0.010739	0.504274	0.484986	
0.040958	0.763711	0.195331	
0.829612	0.121512	0.048876	
0.030126	0.702774	0.267100	
0.423200	0.314830	0.261969	
0.015239	0.572188	0.412574	
0.050088	0.660834	0.289079	
0.324373	0.591579	0.084049	
0.069229	0.779095	0.151677	
0.001060	0.038030	0.960910	
0.039307	0.171389	0.789305	
0.193429	0.424599	0.381973	
0.022019	0.484256	0.493724	
0.667210	0.284769	0.048021	
0.032245	0.852941	0.114814	
0.193429	0.424599	0.381973	
0.044629	0.288974	0.666397	
0.017759	0.814001	0.168240	
0.000162	0.011962	0.987876	
0.267457	0.372291	0.360252	
0.005832	0.773154	0.221014	
0.193429	0.424599	0.381973	
0.008536	0.070536	0.920928	
0.474021	0.398269	0.127709	
0.020538	0.769084	0.210377	
0.006255	0.234824	0.758921	
0.023740	0.830313	0.145946	
0.051767	0.145531	0.802702	
0.377809	0.398133	0.224058	
0.010750	0.797643	0.191607	
0.691734	0.233292	0.074974	
0.005779	0.140057	0.854164	
0.834772	0.151834	0.013394	
0.878935	0.108100	0.012965	
0.325026	0.396564	0.278410	
0.005002	0.125995	0.869003	
0.043941	0.862618	0.093441	
0.000461	0.011992	0.987547	
0.093360	0.164276	0.742364	
0.651877	0.283297	0.064827	
0.829137	0.146927	0.023936	
0.014392	0.856704	0.128905	
0.775300	0.191380	0.033320	
0.193429	0.424599	0.381973	
0.920557	0.058901	0.020543	
0.026037	0.760139	0.213824	
0.043015	0.533232	0.423753	
0.000397	0.011378	0.988226	
0.452195	0.444388	0.103416	
0.010411	0.684102	0.305487	
0.000155	0.006063	0.993782	
0.153570	0.673091	0.173339	
0.897060	0.087622	0.015318	
0.033523	0.866983	0.099494	
0.010141	0.444111	0.545748	
0.193429	0.424599	0.381973	
0.035026	0.116229	0.848745	
0.715823	0.229930	0.054246	
0.057765	0.759775	0.182460	
0.566296	0.331541	0.102162	
0.103763	0.678249	0.217988	
0.743197	0.197342	0.059462	
0.679626	0.273783	0.046592	
0.050545	0.636002	0.313453	
0.036033	0.407611	0.556356	
0.067288	0.758139	0.174574	
0.129939	0.462571	0.407490	
0.056358	0.694674	0.248967	
0.096500	0.153187	0.750313	
0.055496	0.546474	0.398029	
0.038712	0.371754	0.589534	
0.003021	0.039255	0.957723	
0.290969	0.340964	0.368067	
0.193429	0.424599	0.381973	
0.003749	0.163814	0.832437	
0.802969	0.175014	0.022017	
0.668562	0.267930	0.063508	
0.008102	0.659254	0.332645	
0.193429	0.424599	0.381973	
0.012725	0.166937	0.820338	
0.012229	0.290351	0.697419	
0.193429	0.424599	0.381973	
0.583249	0.345001	0.071750	
0.015987	0.118833	0.865180	
0.193429	0.424599	0.381973	
0.010583	0.853086	0.136332	
0.034952	0.540249	0.424799	
0.689477	0.245482	0.065041	
0.018446	0.681239	0.300315	
0.012930	0.729853	0.257217	
0.673908	0.293768	0.032324	
0.374313	0.443037	0.182650	
0.104657	0.696555	0.198787	
0.654307	0.265701	0.079992	
0.135533	0.151318	0.713149	
0.511532	0.343568	0.144900	
0.193429	0.424599	0.381973	
0.696658	0.230005	0.073336	
0.016710	0.649095	0.334195	
0.193429	0.424599	0.381973	
0.967742	0.031124	0.001134	
0.021820	0.605866	0.372314	
0.017082	0.705541	0.277377	
0.003339	0.049067	0.947594	
0.858740	0.129886	0.011374	
0.193429	0.424599	0.381973	
0.193429	0.424599	0.381973	
0.002117	0.131125	0.866758	
0.164232	0.702035	0.133732	
0.009172	0.668790	0.322039	
0.008545	0.159058	0.832397	
0.193429	0.424599	0.381973	
0.031640	0.496759	0.471600	
0.078466	0.792534	0.129000	
0.037859	0.458096	0.504045	
0.807896	0.173386	0.018718	
0.006320	0.497760	0.495920	
0.018053	0.630745	0.351203	
0.080484	0.795225	0.124291	
0.193429	0.424599	0.381973	
0.007260	0.611301	0.381439	
0.581672	0.203993	0.214335	
0.049006	0.325582	0.625412	
0.004972	0.187156	0.807873	
0.330766	0.533860	0.135375	
0.029864	0.065324	0.904812	
0.193429	0.424599	0.381973	
0.193429	0.424599	0.381973	
0.014906	0.788184	0.196910	
0.149426	0.587356	0.263218	
0.117190	0.349634	0.533175	
0.456170	0.332135	0.211696	
0.001523	0.020607	0.977870	
0.193429	0.424599	0.381973	
0.145443	0.610947	0.243610	
0.193429	0.424599	0.381973	
0.004291	0.760205	0.235503	
0.485489	0.427609	0.086902	
0.193429	0.424599	0.381973	
0.004732	0.707480	0.287788	
0.338022	0.498998	0.162980	
0.193429	0.424599	0.381973	
0.005439	0.622131	0.372430	
0.007217	0.239266	0.753517	
0.006625	0.174310	0.819066	
0.009057	0.434825	0.556119	
0.000709	0.010877	0.988415	
0.193429	0.424599	0.381973	
0.193429	0.424599	0.381973	
0.599375	0.351631	0.048994	
0.300814	0.321156	0.378030	
0.820400	0.156985	0.022615	
0.235614	0.644831	0.119556	
0.193429	0.424599	0.381973	
0.687055	0.270754	0.042192	
0.021263	0.090291	0.888447	
0.193429	0.424599	0.381973	
0.037954	0.126512	0.835534	
0.010099	0.060383	0.929517	
0.729633	0.219778	0.050589	
0.707513	0.241060	0.051427	
0.005443	0.072173	0.922384	
0.009223	0.608331	0.382446	
0.193429	0.424599	0.381973	
0.499703	0.352544	0.147754	
0.006681	0.045328	0.947991	
0.848384	0.144243	0.007372	
0.313638	0.327009	0.359353	
0.014479	0.730831	0.254690	
0.031669	0.857557	0.110774	
0.012299	0.682171	0.305530	
0.481986	0.387121	0.130893	
0.088020	0.731501	0.180479	
0.700017	0.263211	0.036772	
0.037994	0.853435	0.108571	
0.193429	0.424599	0.381973	
0.210367	0.254687	0.534946	
0.072641	0.651893	0.275466	
0.323712	0.510771	0.165517	
0.157702	0.584406	0.257892	
0.009044	0.784246	0.206710	
0.065148	0.630285	0.304568	
0.009472	0.441829	0.548699	
0.030546	0.680567	0.288886	
0.089195	0.283487	0.627318	
0.626428	0.330013	0.043560	
0.053919	0.496962	0.449119	
0.025226	0.695967	0.278807	
0.018135	0.723089	0.258775	
0.221096	0.657139	0.121764	
0.008052	0.362101	0.629848	
0.711996	0.237412	0.050592	
0.240343	0.567350	0.192308	
0.004829	0.086613	0.908558	
0.699498	0.279210	0.021292	
0.002307	0.906590	0.091102	
0.010646	0.679725	0.309630	
0.004903	0.838097	0.157001	
0.193429	0.424599	0.381973	
0.550988	0.354021	0.094991	
0.001409	0.024832	0.973759	
0.224551	0.443160	0.332289	
0.006585	0.551111	0.442304	
0.244768	0.292638	0.462594	
0.814498	0.164761	0.020741	
0.004752	0.128698	0.866551	
0.010732	0.684070	0.305198	
0.095990	0.741015	0.162996	
0.339626	0.486884	0.173490	
0.193429	0.424599	0.381973	
0.009821	0.540375	0.449804	
0.000796	0.017699	0.981505	
0.193429	0.424599	0.381973	
0.009244	0.375706	0.615050	
0.693476	0.262832	0.043692	
0.180511	0.493663	0.325825	
0.000910	0.019105	0.979985	
0.070794	0.417193	0.512013	
0.564475	0.369698	0.065827	
0.056109	0.755043	0.188848	
0.246407	0.725164	0.028429	
0.042046	0.844598	0.113356	
0.000064	0.004912	0.995024	
0.006211	0.370057	0.623732	
0.006708	0.403643	0.589649	
0.193429	0.424599	0.381973	
0.007293	0.328004	0.664703	
0.261561	0.504801	0.233637	
0.022136	0.637457	0.340407	
0.077358	0.501423	0.421219	
0.013853	0.804285	0.181862	
0.193429	0.424599	0.381973	
0.036218	0.840508	0.123273	
0.493006	0.411149	0.095844	
0.520337	0.438532	0.041131	
0.193429	0.424599	0.381973	
0.012589	0.074596	0.912814	
0.137784	0.732292	0.129924	
0.009064	0.844257	0.146679	
0.171619	0.690450	0.137931	
0.004811	0.081883	0.913307	
0.442647	0.198177	0.359177	
0.863010	0.128186	0.008805	
0.359671	0.501699	0.138630	
0.842207	0.141242	0.016551	
0.000652	0.028878	0.970471	
0.193429	0.424599	0.381973	
0.123171	0.714076	0.162753	
0.030375	0.101719	0.867906	
0.048233	0.546368	0.405399	
0.492232	0.387539	0.120229	
0.232379	0.615310	0.152312	
0.106719	0.683865	0.209416	
0.480774	0.392915	0.126311	
0.060999	0.289843	0.649158	
0.186591	0.455061	0.358348	
0.005046	0.802927	0.192027	
0.011178	0.248785	0.740038	
0.366325	0.483556	0.150119	
0.134918	0.762744	0.102338	
0.035585	0.697513	0.266902	
0.328835	0.385081	0.286085	
0.193429	0.424599	0.381973	
0.029882	0.734854	0.235264	
0.004366	0.872190	0.123444	
0.026789	0.855759	0.117453	
0.193429	0.424599	0.381973	
0.193429	0.424599	0.381973	
0.344633	0.562213	0.093155	
0.720506	0.177306	0.102187	
0.377503	0.435328	0.187169	
0.017606	0.117733	0.864661	
0.193429	0.424599	0.381973	
0.050745	0.822689	0.126566	
0.058851	0.456206	0.484943	
0.394133	0.532772	0.073095	
0.193429	0.424599	0.381973	
0.560544	0.383931	0.055525	
0.038151	0.528787	0.433062	
0.018249	0.123376	0.858375	
0.193429	0.424599	0.381973	
0.558003	0.292726	0.149270	
0.180210	0.311788	0.508003	
0.193429	0.424599	0.381973	
0.161830	0.700191	0.137980	
0.796039	0.153422	0.050539	
0.006415	0.791332	0.202254	
0.018058	0.820984	0.160958	
0.280526	0.373632	0.345842	
0.193429	0.424599	0.381973	
0.916952	0.077038	0.006011	
0.012128	0.607727	0.380144	
0.011590	0.441917	0.546493	
0.466565	0.493819	0.039617	
0.026813	0.609178	0.364009	
0.016425	0.158053	0.825522	
0.005935	0.481020	0.513045	
0.622047	0.330259	0.047694	
0.135920	0.389999	0.474081	
0.190728	0.662165	0.147107	
0.000072	0.006388	0.993540	
0.004657	0.044092	0.951251	
0.004820	0.675415	0.319765	
0.211991	0.727145	0.060863	
0.008750	0.624802	0.366448	
0.653626	0.268300	0.078074	
0.002717	0.045463	0.951819	
0.259010	0.554724	0.186267	
0.193429	0.424599	0.381973	
0.068189	0.422607	0.509204	
0.038022	0.843220	0.118758	
0.021785	0.165463	0.812752	
0.462205	0.412186	0.125609	
0.193429	0.424599	0.381973	
0.021921	0.865524	0.112555	
0.005934	0.748473	0.245592	
0.692500	0.237491	0.070010	
0.815890	0.164952	0.019158	
0.715477	0.135022	0.149501	
0.007856	0.517958	0.474186	
0.017060	0.532721	0.450219	
0.015881	0.750096	0.234022	
0.018933	0.774904	0.206163	
0.002934	0.212432	0.784635	
0.916965	0.078213	0.004822	
0.154761	0.703330	0.141908	
0.011990	0.740340	0.247670	
0.030111	0.590206	0.379683	
0.004048	0.080787	0.915165	
0.151398	0.237694	0.610908	
0.512996	0.373725	0.113280	
0.937002	0.059517	0.003481	
0.006865	0.063730	0.929405	
0.193429	0.424599	0.381973	
0.008703	0.125093	0.866204	
0.193429	0.424599	0.381973	
0.005743	0.855150	0.139107	
0.672421	0.269076	0.058502	
0.359658	0.492781	0.147562	
0.005667	0.053604	0.940729	
0.193429	0.424599	0.381973	
0.614231	0.305744	0.080025	
0.009194	0.466805	0.524001	
0.025018	0.783972	0.191011	
0.001925	0.030837	0.967238	
0.011979	0.872270	0.115751	
0.010539	0.707264	0.282198	
0.014937	0.348941	0.636122	
0.210233	0.647672	0.142095	
0.016014	0.724302	0.259684	
0.193429	0.424599	0.381973	
0.047260	0.708633	0.244107	
0.003045	0.049162	0.947794	
0.465105	0.335102	0.199793	
0.193429	0.424599	0.381973	
0.000777	0.028771	0.970452	
0.041898	0.459406	0.498696	
0.008746	0.688046	0.303208	
0.193429	0.424599	0.381973	
0.006360	0.801409	0.192231	
0.329539	0.494107	0.176354	
0.550476	0.369073	0.080451	
0.020057	0.548538	0.431404	
0.001584	0.062999	0.935417	
0.028958	0.674240	0.296802	
0.012596	0.082207	0.905197	
0.006344	0.568365	0.425292	
0.001486	0.043332	0.955183	
0.193429	0.424599	0.381973	
0.022317	0.831878	0.145804	
0.125035	0.733985	0.140979	
0.125594	0.633452	0.240954	
0.210120	0.187929	0.601951	
0.014867	0.087628	0.897505	
0.676772	0.266773	0.056455	
0.013167	0.229455	0.757377	
0.013885	0.769757	0.216358	
0.031117	0.099325	0.869558	
0.069810	0.719788	0.210402	
0.193429	0.424599	0.381973	
0.875674	0.118202	0.006124	
0.008242	0.060225	0.931533	
0.010601	0.757140	0.232259	
0.055237	0.829566	0.115197	
0.000609	0.026378	0.973013	
0.012200	0.689907	0.297893	
0.193429	0.424599	0.381973	
0.047587	0.767191	0.185222	
0.193429	0.424599	0.381973	
0.193429	0.424599	0.381973	
0.644820	0.317222	0.037958	
0.590395	0.320673	0.088932	
0.059809	0.421224	0.518967	
0.389417	0.452025	0.158558	
0.028858	0.145057	0.826085	
0.220869	0.734837	0.044294	
0.007969	0.360934	0.631098	
0.359521	0.496431	0.144048	
0.006265	0.787643	0.206092	
0.008002	0.663371	0.328627	
0.299927	0.344950	0.355122	
0.681329	0.259590	0.059081	
0.056056	0.734277	0.209667	
0.000920	0.013228	0.985851	
0.390265	0.468657	0.141078	
0.621687	0.329181	0.049132	
0.193429	0.424599	0.381973	
0.376503	0.470548	0.152949	
0.068746	0.514672	0.416582	
0.334637	0.617872	0.047491	
0.577850	0.316532	0.105618	
0.193429	0.424599	0.381973	
0.193429	0.424599	0.381973	
0.041540	0.733015	0.225446	
0.193429	0.424599	0.381973	
0.108840	0.703493	0.187667	
0.193429	0.424599	0.381973	
0.003355	0.442472	0.554173	
0.377267	0.478251	0.144481	
0.861046	0.126946	0.012008	
0.375873	0.285061	0.339065	
0.346948	0.340752	0.312301	
0.077915	0.810877	0.111208	
0.009946	0.350550	0.639504	
0.193429	0.424599	0.381973	
0.014161	0.558654	0.427185	
0.007544	0.678467	0.313989	
0.544405	0.398906	0.056689	
0.162828	0.710634	0.126538	
0.025108	0.104198	0.870694	
0.193429	0.424599	0.381973	
0.835886	0.150667	0.013448	
0.034609	0.839610	0.125781	
0.025225	0.397516	0.577259	
0.435331	0.368943	0.195726	
0.005173	0.023801	0.971026	
0.399610	0.516096	0.084294	
0.192679	0.592001	0.215320	
0.740343	0.210329	0.049328	
0.377133	0.507971	0.114896	
0.107675	0.180048	0.712277	
0.701284	0.211181	0.087535	
0.053433	0.797820	0.148747	
0.002899	0.102650	0.894451	
0.006669	0.068944	0.924387	
0.013998	0.785371	0.200632	
0.764556	0.216337	0.019106	
0.027154	0.723431	0.249415	
0.193429	0.424599	0.381973	
0.073880	0.709890	0.216229	
0.007382	0.429199	0.563419	
0.648032	0.260812	0.091156	
0.005825	0.054872	0.939303	
0.002190	0.017847	0.979962	
0.319259	0.569099	0.111642	
0.008821	0.736605	0.254574	
0.028750	0.139556	0.831695	
0.193429	0.424599	0.381973	
0.011974	0.110061	0.877965	
0.018341	0.865681	0.115978	
0.012896	0.747797	0.239307	
0.006229	0.085378	0.908393	
0.037264	0.626394	0.336342	
0.003780	0.065749	0.930471	
0.234420	0.621186	0.144394	
0.000691	0.020342	0.978967	
0.044962	0.764933	0.190104	
0.000241	0.012258	0.987500	
0.085486	0.810155	0.104358	
0.764058	0.184524	0.051418	
0.004902	0.555149	0.439950	
0.001978	0.051238	0.946783	
0.005408	0.100702	0.893891	
0.451314	0.489004	0.059682	
0.001343	0.051807	0.946850	
0.022631	0.771119	0.206250	
0.001240	0.035845	0.962914	
0.193429	0.424599	0.381973	
0.006705	0.610628	0.382667	
0.082511	0.808476	0.109013	
0.150813	0.576424	0.272763	
0.193429	0.424599	0.381973	
0.004453	0.082078	0.913469	
0.008409	0.669289	0.322302	
0.257784	0.379595	0.362622	
0.098878	0.813333	0.087789	
0.743822	0.204602	0.051575	
0.512739	0.408749	0.078512	
0.024882	0.523488	0.451630	
0.893386	0.091104	0.015510	
0.223181	0.560735	0.216084	
0.656781	0.280213	0.063007	
0.053430	0.808404	0.138166	
0.000161	0.002054	0.997785	
0.039519	0.742931	0.217550	
0.429990	0.521708	0.048302	
0.570783	0.347520	0.081697	
0.689867	0.261078	0.049056	
0.463956	0.220202	0.315842	
0.471135	0.322248	0.206618	
0.001633	0.025388	0.972979	
0.203027	0.665974	0.130999	
0.316157	0.564820	0.119023	
0.429003	0.412489	0.158508	
0.193429	0.424599	0.381973	
0.541215	0.389918	0.068867	
0.193429	0.424599	0.381973	
0.006616	0.747666	0.245718	
0.011375	0.742955	0.245670	
0.010025	0.659175	0.330799	
0.193429	0.424599	0.381973	
0.209958	0.203303	0.586739	
0.193429	0.424599	0.381973	
0.612918	0.308319	0.078763	
0.061025	0.280509	0.658466	
0.193429	0.424599	0.381973	
0.022340	0.154171	0.823490	
0.768215	0.218544	0.013241	
0.019346	0.246234	0.734420	
0.193429	0.424599	0.381973	
0.193429	0.424599	0.381973	
0.824544	0.153415	0.022041	
0.011611	0.664347	0.324042	
0.005717	0.533274	0.461009	
0.006416	0.365000	0.628584	
0.030148	0.151107	0.818745	
0.047644	0.829568	0.122787	
0.193429	0.424599	0.381973	
0.622386	0.294049	0.083565	
0.258958	0.443664	0.297378	
0.018295	0.289020	0.692685	
0.457899	0.441917	0.100183	
0.002986	0.025097	0.971918	
0.093784	0.728756	0.177460	
0.034488	0.112351	0.853160	
0.272398	0.256969	0.470632	
0.647404	0.281529	0.071067	
0.189276	0.605918	0.204807	
0.077484	0.248293	0.674224	
0.493002	0.386333	0.120666	
0.168096	0.744682	0.087222	
0.688041	0.229267	0.082693	
0.576572	0.362189	0.061239	
0.151846	0.270140	0.578014	
0.002375	0.032494	0.965130	
0.235892	0.633985	0.130122	
0.031876	0.267073	0.701052	
0.781708	0.184261	0.034031	
0.698106	0.272155	0.029739	
0.195199	0.648817	0.155983	
0.031033	0.056353	0.912613	
0.902237	0.089560	0.008202	
0.213317	0.319463	0.467220	
0.884055	0.109094	0.006852	
0.042029	0.685396	0.272575	
0.338960	0.464440	0.196600	
0.193429	0.424599	0.381973	
0.193429	0.424599	0.381973	
0.792322	0.184602	0.023076	
0.309315	0.529701	0.160984	
0.020432	0.557419	0.422149	
0.010607	0.792570	0.196823	
0.011741	0.169583	0.818676	
0.198765	0.578667	0.222568	
0.003795	0.125955	0.870250	
0.019736	0.853118	0.127146	
0.004710	0.025515	0.969775	
0.193429	0.424599	0.381973	
0.007622	0.280729	0.711649	
0.386033	0.376126	0.237841	
0.004712	0.029105	0.966183	
0.118441	0.557164	0.324395	
0.003115	0.043455	0.953430	
0.003044	0.071187	0.925769	
0.193429	0.424599	0.381973	
0.483749	0.447605	0.068646	
0.193429	0.424599	0.381973	
0.006737	0.330698	0.662565	
0.725781	0.236134	0.038085	
0.058776	0.678173	0.263051	
0.193429	0.424599	0.381973	
0.193429	0.424599	0.381973	
0.000451	0.002950	0.996599	
0.256674	0.646312	0.097014	
0.013217	0.682336	0.304447	
0.098411	0.738535	0.163054	
0.241948	0.558120	0.199932	
0.529653	0.381618	0.088729	
0.816177	0.147357	0.036466	
0.027886	0.248252	0.723862	
0.193429	0.424599	0.381973	
0.007452	0.212075	0.780473	
0.193429	0.424599	0.381973	
0.669794	0.318386	0.011820	
0.067636	0.773073	0.159291	
0.586388	0.327098	0.086514	
0.007277	0.533426	0.459298	
0.838015	0.149023	0.012962	
0.000110	0.005313	0.994576	
0.000495	0.006076	0.993429	
0.103068	0.746265	0.150667	
0.227995	0.622614	0.149392	
0.002466	0.017422	0.980112	
0.271567	0.605159	0.123274	
0.193429	0.424599	0.381973	
0.004782	0.756848	0.238370	
0.193429	0.424599	0.381973	
0.195532	0.652985	0.151483	
0.193429	0.424599	0.381973	
0.049074	0.668649	0.282276	
0.010466	0.889333	0.100201	
0.007400	0.545060	0.447540	
0.193429	0.424599	0.381973	
0.223635	0.641924	0.134441	
0.005751	0.674559	0.319691	
0.429758	0.307145	0.263097	
0.005480	0.481091	0.513429	
0.002547	0.052668	0.944784	
0.011383	0.078025	0.910592	
0.193429	0.424599	0.381973	
0.193429	0.424599	0.381973	
0.036050	0.601206	0.362744	
0.798479	0.180626	0.020895	
0.019510	0.254871	0.725620	
0.035275	0.164815	0.799909	
0.071284	0.776030	0.152686	
0.860699	0.122424	0.016877	
0.193429	0.424599	0.381973	
0.454566	0.414271	0.131163	
0.023688	0.652363	0.323949	
0.010417	0.677026	0.312557	
0.004767	0.605074	0.390158	
0.004591	0.093511	0.901898	
0.433057	0.429892	0.137050	
0.677634	0.287615	0.034752	
0.004170	0.078199	0.917631	
0.015898	0.859272	0.124830	
0.001512	0.022779	0.975710	
0.051269	0.769234	0.179497	
0.005832	0.773154	0.221014	
0.051548	0.214844	0.733608	
0.714294	0.172959	0.112747	
0.193429	0.424599	0.381973	
0.006289	0.282542	0.711169	
0.021185	0.188777	0.790038	
0.097591	0.751444	0.150965	
0.532141	0.416772	0.051087	
0.193429	0.424599	0.381973	
0.012449	0.543751	0.443799	
0.542537	0.381020	0.076443	
0.006047	0.512030	0.481923	
0.514443	0.251315	0.234242	
0.032126	0.366633	0.601241	
0.045283	0.546852	0.407865	
0.193429	0.424599	0.381973	
0.091196	0.688149	0.220654	
0.200012	0.657883	0.142105	
0.010483	0.778641	0.210876	
0.511455	0.398624	0.089921	
0.282959	0.545015	0.172027	
0.751544	0.234799	0.013657	
0.193429	0.424599	0.381973	
0.033344	0.723121	0.243535	
0.057830	0.809804	0.132366	
0.193429	0.424599	0.381973	
0.024512	0.836863	0.138625	
0.193429	0.424599	0.381973	
0.043622	0.741397	0.214980	
0.193429	0.424599	0.381973	
0.000038	0.001437	0.998526	
0.028481	0.075000	0.896519	
0.676875	0.278753	0.044372	
0.018692	0.319593	0.661715	
0.193429	0.424599	0.381973	
0.193429	0.424599	0.381973	
0.873464	0.110126	0.016410	
0.193429	0.424599	0.381973	
0.514237	0.391596	0.094167	
0.079967	0.676727	0.243306	
0.613419	0.346381	0.040200	
0.054326	0.776273	0.169401	
0.605862	0.342469	0.051670	
0.745493	0.214343	0.040164	
0.151565	0.456363	0.392073	
0.000683	0.024463	0.974854	
0.007832	0.557987	0.434181	
0.095910	0.148827	0.755262	
0.161665	0.440270	0.398065	
0.364243	0.508262	0.127495	
0.115718	0.332801	0.551481	
0.193429	0.424599	0.381973	
0.098144	0.586893	0.314962	
0.636698	0.294286	0.069016	
0.608849	0.255889	0.135262	
0.040744	0.153196	0.806060	
0.007001	0.667789	0.325210	
0.072239	0.735637	0.192124	
0.010648	0.811011	0.178342	
0.013076	0.267309	0.719615	
0.005868	0.076346	0.917785	
0.041296	0.787375	0.171329	
0.084103	0.203488	0.712408	
0.038595	0.550107	0.411298	
0.017804	0.156410	0.825785	
0.015365	0.748415	0.236220	
0.193429	0.424599	0.381973	
0.502069	0.395426	0.102506	
0.007387	0.080747	0.911866	
0.363423	0.573105	0.063472	
0.193429	0.424599	0.381973	
0.018144	0.096696	0.885160	
0.593205	0.335759	0.071036	
0.933907	0.063930	0.002163	
0.003957	0.216692	0.779351	
0.062297	0.789345	0.148358	
0.193429	0.424599	0.381973	
0.039925	0.711548	0.248527	
0.299521	0.545883	0.154597	
0.382047	0.400434	0.217519	
0.035491	0.685000	0.279509	
0.011081	0.453195	0.535724	
0.241564	0.697472	0.060964	
0.117573	0.540137	0.342290	
0.026113	0.801375	0.172512	
0.568592	0.352528	0.078879	
0.086670	0.824965	0.088365	
0.126197	0.702464	0.171339	
0.636560	0.306558	0.056882	
0.193429	0.424599	0.381973	
0.067942	0.731012	0.201046	
0.027334	0.612431	0.360235	
0.595257	0.344223	0.060520	
0.042862	0.724857	0.232280	
0.063751	0.100703	0.835546	
0.010410	0.094409	0.895181	
0.971276	0.027892	0.000833	
0.193429	0.424599	0.381973	
0.021448	0.849138	0.129413	
0.172064	0.644525	0.183411	
