0.255721	0.532627	0.211653	
0.118557	0.476694	0.404748	
0.133380	0.265433	0.601187	
0.008925	0.548452	0.442623	
0.010171	0.840832	0.148997	
0.023121	0.562451	0.414428	
0.165813	0.608281	0.225906	
0.346945	0.366138	0.286918	
0.017705	0.730196	0.252099	
0.666167	0.265976	0.067856	
0.118557	0.514711	0.366733	
0.017691	0.285006	0.697303	
0.029196	0.643523	0.327281	
0.041082	0.088988	0.869930	
0.022773	0.809896	0.167331	
0.273873	0.336698	0.389428	
0.006032	0.590614	0.403354	
0.016440	0.664013	0.319547	
0.035245	0.460442	0.504313	
0.290448	0.492262	0.217290	
0.018484	0.655526	0.325990	
0.587608	0.259253	0.153140	
0.410067	0.399837	0.190096	
0.002784	0.068746	0.928470	
0.031143	0.362125	0.606733	
0.004285	0.505550	0.490165	
0.011904	0.502797	0.485299	
0.032822	0.759276	0.207902	
0.373195	0.491043	0.135761	
0.587729	0.341337	0.070934	
0.004435	0.066027	0.929538	
0.669009	0.260049	0.070942	
0.486384	0.441187	0.072429	
0.001811	0.057488	0.940701	
0.013777	0.674802	0.311420	
0.657973	0.272687	0.069340	
0.222207	0.634299	0.143494	
0.004835	0.604496	0.390668	
0.261763	0.355738	0.382498	
0.264145	0.552599	0.183255	
0.008449	0.518308	0.473243	
0.493830	0.357818	0.148353	
0.007647	0.691497	0.300856	
0.007742	0.700609	0.291650	
0.779832	0.186587	0.033581	
0.618601	0.305020	0.076379	
0.458378	0.262151	0.279471	
0.211869	0.649634	0.138498	
0.445371	0.483363	0.071266	
0.602698	0.360475	0.036827	
0.622929	0.289518	0.087554	
0.021327	0.477256	0.501416	
0.264477	0.476971	0.258552	
0.004815	0.108787	0.886398	
0.199669	0.654291	0.146040	
0.024492	0.672815	0.302693	
0.077395	0.596363	0.326242	
0.235285	0.606722	0.157993	
0.339363	0.414506	0.246131	
0.481784	0.357063	0.161153	
0.007464	0.054687	0.937848	
0.106411	0.713041	0.180548	
0.004725	0.043499	0.951776	
0.021315	0.755063	0.223622	
0.007817	0.496905	0.495278	
0.005264	0.547805	0.446930	
0.254802	0.499084	0.246114	
0.027188	0.471340	0.501472	
0.030330	0.710980	0.258690	
0.578684	0.330505	0.090811	
0.008100	0.853164	0.138736	
0.031104	0.691835	0.277060	
0.014034	0.693802	0.292163	
0.600102	0.330054	0.069844	
0.595459	0.327714	0.076827	
0.004634	0.454285	0.541080	
0.019945	0.455391	0.524665	
0.211700	0.286694	0.501606	
0.009634	0.595789	0.394577	
0.012712	0.737080	0.250209	
0.036061	0.272644	0.691295	
0.049521	0.617490	0.332988	
0.642464	0.303118	0.054417	
0.006905	0.543135	0.449960	
0.158687	0.624395	0.216918	
0.011584	0.555184	0.433232	
0.139143	0.320765	0.540092	
0.591923	0.372322	0.035755	
0.080765	0.625392	0.293844	
0.015294	0.272726	0.711981	
0.012105	0.748876	0.239018	
0.001554	0.086723	0.911722	
0.059835	0.630982	0.309182	
0.196828	0.513987	0.289186	
0.013652	0.276491	0.709858	
0.005465	0.446130	0.548405	
0.194202	0.379221	0.426577	
0.009172	0.124257	0.866571	
0.012401	0.310203	0.677397	
0.393419	0.424539	0.182041	
0.656699	0.281939	0.061362	
0.006250	0.402657	0.591094	
0.012888	0.185997	0.801115	
0.008109	0.644794	0.347098	
0.213489	0.453599	0.332912	
0.008847	0.604607	0.386547	
0.457658	0.354066	0.188276	
0.001578	0.210634	0.787788	
0.035248	0.224028	0.740724	
0.090588	0.644160	0.265252	
0.348306	0.480705	0.170988	
0.933755	0.061046	0.005198	
0.040100	0.397927	0.561973	
0.003374	0.084062	0.912564	
0.028958	0.592138	0.378904	
0.130862	0.716778	0.152360	
0.006869	0.525759	0.467372	
0.009046	0.319480	0.671474	
0.034909	0.409170	0.555921	
0.012662	0.408310	0.579028	
0.006058	0.300393	0.693548	
0.035741	0.378264	0.585995	
0.193962	0.560083	0.245954	
0.009238	0.382722	0.608039	
0.003208	0.019546	0.977246	
0.023950	0.647434	0.328616	
0.730415	0.230714	0.038871	
0.303222	0.368485	0.328293	
0.006187	0.564054	0.429758	
0.002378	0.036499	0.961123	
0.004359	0.072608	0.923033	
0.004623	0.666243	0.329134	
0.009239	0.385672	0.605090	
0.005766	0.340134	0.654100	
0.014468	0.507332	0.478201	
0.070959	0.297317	0.631724	
0.010085	0.442409	0.547506	
0.005405	0.069361	0.925235	
0.001667	0.089512	0.908822	
0.477615	0.376895	0.145490	
0.007861	0.550803	0.441336	
0.004482	0.188250	0.807268	
0.186691	0.518252	0.295057	
0.005060	0.185857	0.809083	
0.007326	0.309045	0.683628	
0.023489	0.410970	0.565540	
0.050020	0.426077	0.523903	
0.499915	0.352041	0.148044	
0.169190	0.425984	0.404826	
0.793979	0.147237	0.058784	
0.018735	0.339337	0.641928	
0.012592	0.741039	0.246369	
0.006170	0.482578	0.511252	
0.005592	0.399414	0.594993	
0.006919	0.565064	0.428017	
0.415235	0.258336	0.326428	
0.006242	0.425623	0.568135	
0.009598	0.643278	0.347124	
0.010480	0.291052	0.698468	
0.004812	0.163219	0.831969	
0.231088	0.383029	0.385883	
0.005288	0.282815	0.711897	
0.007443	0.623440	0.369117	
0.266584	0.443500	0.289916	
0.005144	0.516421	0.478434	
0.385390	0.414860	0.199751	
0.002138	0.061791	0.936071	
0.005564	0.037670	0.956766	
0.582312	0.318556	0.099132	
0.007524	0.456849	0.535627	
0.122714	0.279687	0.597599	
0.006935	0.634838	0.358226	
0.007831	0.145480	0.846688	
0.096977	0.275126	0.627897	
0.004129	0.324183	0.671687	
0.130977	0.591986	0.277037	
0.005144	0.289207	0.705649	
0.013061	0.293614	0.693325	
0.030601	0.746891	0.222508	
0.005947	0.590054	0.403999	
0.002771	0.027140	0.970090	
0.005276	0.335239	0.659485	
0.221640	0.402312	0.376048	
0.150303	0.651519	0.198179	
0.526585	0.337408	0.136006	
0.319951	0.542651	0.137398	
0.019033	0.791918	0.189049	
0.042716	0.611379	0.345906	
0.008791	0.398885	0.592324	
0.026759	0.681571	0.291671	
0.393263	0.536944	0.069793	
0.040000	0.712884	0.247116	
0.780651	0.202802	0.016547	
0.458171	0.381300	0.160529	
0.119753	0.302147	0.578101	
0.166823	0.641490	0.191687	
0.053012	0.690067	0.256921	
0.046233	0.606980	0.346787	
0.325655	0.625856	0.048488	
0.078837	0.716299	0.204863	
0.060568	0.708853	0.230579	
0.011213	0.762446	0.226341	
0.021440	0.624297	0.354264	
0.021342	0.235761	0.742898	
0.010495	0.120361	0.869143	
0.014829	0.407083	0.578088	
0.004469	0.072605	0.922926	
0.049876	0.645979	0.304144	
0.677018	0.229067	0.093916	
0.609655	0.260182	0.130163	
0.046594	0.729849	0.223558	
0.131697	0.267792	0.600510	
0.114482	0.621025	0.264493	
0.009314	0.152154	0.838531	
0.007224	0.656194	0.336583	
0.063726	0.224400	0.711875	
0.026187	0.560885	0.412928	
0.078741	0.711074	0.210185	
0.210002	0.688174	0.101824	
0.098514	0.702891	0.198594	
0.563831	0.348183	0.087985	
0.002408	0.029234	0.968358	
0.002303	0.032363	0.965335	
0.444734	0.474295	0.080971	
0.011172	0.378771	0.610057	
0.002195	0.047324	0.950481	
0.057002	0.729001	0.213997	
0.032542	0.584596	0.382862	
0.590008	0.370983	0.039009	
0.179492	0.607757	0.212751	
0.026840	0.688195	0.284965	
0.017007	0.670701	0.312293	
0.024729	0.770315	0.204956	
0.389328	0.565208	0.045464	
0.233892	0.550267	0.215842	
0.661240	0.275141	0.063619	
0.028681	0.757324	0.213995	
0.371744	0.505463	0.122793	
0.056800	0.719174	0.224026	
0.167158	0.672840	0.160002	
0.003074	0.069356	0.927570	
0.017727	0.672696	0.309576	
0.027340	0.726686	0.245973	
0.004256	0.063539	0.932205	
0.010649	0.657778	0.331573	
0.008405	0.555693	0.435902	
0.021367	0.405352	0.573282	
0.071005	0.694639	0.234356	
0.449145	0.402590	0.148264	
0.926660	0.067488	0.005852	
0.291412	0.512979	0.195609	
0.052073	0.705826	0.242101	
0.422212	0.409639	0.168149	
0.424078	0.404327	0.171595	
0.006662	0.081430	0.911907	
0.238435	0.311423	0.450142	
0.494474	0.421169	0.084357	
0.074316	0.557513	0.368172	
0.432171	0.440402	0.127426	
0.068673	0.470976	0.460351	
0.184267	0.698926	0.116808	
0.002599	0.078142	0.919260	
0.260380	0.637540	0.102081	
0.052023	0.698642	0.249335	
0.002685	0.097549	0.899765	
0.050121	0.596211	0.353668	
0.044457	0.795787	0.159755	
0.011563	0.609514	0.378923	
0.022113	0.097173	0.880714	
0.054161	0.792556	0.153282	
0.036700	0.734483	0.228817	
0.010684	0.050414	0.938901	
0.046621	0.779933	0.173446	
0.169365	0.680874	0.149762	
0.204062	0.630553	0.165385	
0.012085	0.157086	0.830829	
0.006937	0.199142	0.793921	
0.122529	0.439002	0.438469	
0.724349	0.213784	0.061867	
0.555919	0.358410	0.085671	
0.129348	0.343540	0.527112	
0.035829	0.708027	0.256144	
0.897443	0.093878	0.008678	
0.011133	0.162689	0.826178	
0.333702	0.580630	0.085668	
0.527808	0.183691	0.288501	
0.028155	0.224836	0.747009	
0.461928	0.427925	0.110147	
0.787348	0.183232	0.029419	
0.006541	0.687714	0.305745	
0.163557	0.739584	0.096859	
0.705703	0.257568	0.036729	
0.590496	0.349401	0.060103	
0.000558	0.016862	0.982580	
0.468697	0.415085	0.116218	
0.022588	0.643144	0.334267	
0.124077	0.227114	0.648809	
0.564176	0.333173	0.102651	
0.009703	0.671087	0.319211	
0.009875	0.747784	0.242341	
0.045741	0.745820	0.208439	
0.811098	0.168832	0.020070	
0.254167	0.569443	0.176390	
0.210113	0.273650	0.516237	
0.007445	0.083467	0.909089	
0.011622	0.621794	0.366584	
0.735614	0.219068	0.045318	
0.591832	0.320533	0.087635	
0.034451	0.387861	0.577688	
0.696182	0.253274	0.050544	
0.960972	0.037432	0.001596	
0.660378	0.293835	0.045787	
0.869984	0.117856	0.012160	
0.970857	0.028246	0.000897	
0.313503	0.394202	0.292294	
0.650769	0.300591	0.048640	
0.031142	0.693768	0.275090	
0.710775	0.236530	0.052695	
0.076604	0.619379	0.304017	
0.367972	0.522922	0.109106	
0.017259	0.826653	0.156088	
0.030308	0.751185	0.218508	
0.021639	0.729006	0.249354	
0.018328	0.235543	0.746130	
0.855045	0.130662	0.014292	
0.275656	0.627197	0.097147	
0.680077	0.277453	0.042470	
0.785421	0.194544	0.020035	
0.287957	0.525163	0.186880	
0.928098	0.069341	0.002561	
0.885770	0.099714	0.014516	
0.062885	0.757118	0.179997	
0.732015	0.237767	0.030218	
0.482209	0.450579	0.067211	
0.011440	0.383390	0.605170	
0.706087	0.257334	0.036579	
0.119958	0.669576	0.210466	
0.097504	0.676368	0.226127	
0.824772	0.152855	0.022373	
0.151683	0.542112	0.306205	
0.016445	0.135249	0.848306	
0.005298	0.160454	0.834248	
0.300422	0.599517	0.100061	
0.225546	0.470842	0.303612	
0.424698	0.383593	0.191709	
0.005835	0.684605	0.309559	
0.080482	0.788779	0.130739	
0.535457	0.375796	0.088748	
0.498042	0.292743	0.209215	
0.448047	0.456189	0.095764	
0.393944	0.486597	0.119459	
0.435743	0.507153	0.057104	
0.447263	0.451689	0.101047	
0.555054	0.363696	0.081250	
0.001555	0.048372	0.950073	
0.046075	0.681754	0.272171	
0.211687	0.659734	0.128579	
0.220336	0.236388	0.543276	
0.043011	0.600637	0.356352	
0.111173	0.715891	0.172935	
0.032488	0.393022	0.574490	
0.024401	0.622553	0.353047	
0.011511	0.360096	0.628393	
0.017089	0.490747	0.492164	
0.007913	0.194273	0.797813	
0.514827	0.351719	0.133454	
0.010010	0.418243	0.571747	
0.218086	0.557243	0.224672	
0.015188	0.384548	0.600264	
0.329592	0.562629	0.107780	
0.285568	0.361257	0.353175	
0.005428	0.598555	0.396017	
0.006605	0.106080	0.887315	
0.562002	0.310873	0.127125	
0.007055	0.219820	0.773125	
0.020994	0.137880	0.841126	
0.015003	0.116509	0.868488	
0.243448	0.426882	0.329670	
0.132816	0.305858	0.561326	
0.261790	0.377152	0.361058	
0.298979	0.345740	0.355281	
0.015152	0.402624	0.582224	
0.001897	0.050490	0.947613	
0.000002	0.000459	0.999538	
0.014713	0.171628	0.813660	
0.020079	0.452284	0.527637	
0.008794	0.380520	0.610686	
0.046447	0.320380	0.633173	
0.051798	0.365751	0.582452	
0.002680	0.116396	0.880924	
0.004510	0.271904	0.723585	
0.954176	0.039750	0.006074	
0.500485	0.339676	0.159839	
0.029201	0.680839	0.289959	
0.058397	0.389781	0.551822	
0.726193	0.220904	0.052903	
0.830255	0.140829	0.028916	
0.414572	0.393487	0.191941	
0.026592	0.384080	0.589328	
0.001862	0.023458	0.974680	
0.555191	0.313671	0.131137	
0.010014	0.167668	0.822318	
0.019141	0.238267	0.742592	
0.015067	0.417930	0.567003	
0.529984	0.311276	0.158740	
0.007970	0.211321	0.780710	
0.011255	0.129230	0.859515	
0.000155	0.008152	0.991693	
0.656130	0.232942	0.110927	
0.028064	0.234413	0.737523	
0.017626	0.597219	0.385155	
0.021078	0.459062	0.519861	
0.008799	0.370702	0.620499	
0.013800	0.338032	0.648167	
0.009743	0.348228	0.642029	
0.780807	0.170063	0.049130	
0.044127	0.582866	0.373007	
0.008007	0.382583	0.609410	
0.482740	0.367466	0.149794	
0.029371	0.615128	0.355501	
0.192887	0.470126	0.336986	
0.039522	0.436526	0.523952	
0.005572	0.253335	0.741093	
0.210148	0.395752	0.394100	
0.434238	0.389470	0.176293	
0.003032	0.099301	0.897667	
0.020975	0.629182	0.349843	
0.005810	0.183031	0.811159	
0.006948	0.258129	0.734923	
0.017015	0.408207	0.574778	
0.016666	0.558103	0.425231	
0.086793	0.159366	0.753842	
0.016430	0.075005	0.908564	
0.010641	0.282119	0.707239	
0.014801	0.235503	0.749696	
0.020446	0.502657	0.476897	
0.001756	0.050605	0.947639	
0.027509	0.586585	0.385907	
0.042148	0.490871	0.466981	
0.751299	0.189513	0.059188	
0.531101	0.363893	0.105007	
0.256549	0.373285	0.370166	
0.001025	0.040231	0.958745	
0.038071	0.479631	0.482299	
0.576973	0.326105	0.096922	
0.023648	0.682034	0.294318	
0.009828	0.156196	0.833976	
0.003997	0.041920	0.954083	
0.002647	0.034963	0.962390	
0.003887	0.117985	0.878128	
0.004964	0.297659	0.697377	
0.007204	0.042117	0.950678	
0.004937	0.076256	0.918806	
0.637095	0.295744	0.067161	
0.007320	0.325792	0.666888	
0.006709	0.080082	0.913209	
0.000663	0.012009	0.987327	
0.013155	0.143183	0.843662	
0.007992	0.577426	0.414582	
0.012673	0.572493	0.414833	
0.003240	0.041755	0.955005	
0.861677	0.122394	0.015928	
0.129622	0.635708	0.234671	
0.004895	0.462207	0.532897	
0.009685	0.627221	0.363094	
0.260323	0.368372	0.371306	
0.022536	0.090972	0.886492	
0.025473	0.363286	0.611241	
0.010782	0.477410	0.511808	
0.367275	0.328047	0.304678	
0.007131	0.143034	0.849836	
0.000412	0.017981	0.981607	
0.033131	0.169617	0.797252	
0.050991	0.751993	0.197017	
0.062427	0.628377	0.309197	
0.008471	0.289533	0.701997	
0.097836	0.174803	0.727360	
0.005580	0.033345	0.961074	
0.402856	0.375900	0.221244	
0.001038	0.023573	0.975389	
0.334166	0.309340	0.356493	
0.029484	0.766214	0.204302	
0.052255	0.133826	0.813919	
0.006303	0.447755	0.545942	
0.240047	0.426613	0.333340	
0.009677	0.446026	0.544297	
0.019448	0.488338	0.492213	
0.032785	0.585611	0.381604	
0.033787	0.838269	0.127944	
0.413777	0.487547	0.098677	
0.003704	0.053688	0.942608	
0.010229	0.138557	0.851214	
0.014315	0.063071	0.922614	
0.107840	0.147793	0.744367	
0.043381	0.262917	0.693702	
0.559117	0.311568	0.129314	
0.840940	0.112992	0.046067	
0.040730	0.212226	0.747044	
0.027707	0.752064	0.220229	
0.008356	0.803265	0.188379	
0.011654	0.799486	0.188859	
0.009152	0.510285	0.480563	
0.040909	0.315250	0.643841	
0.006964	0.638285	0.354751	
0.007027	0.537000	0.455973	
0.016245	0.647347	0.336408	
0.005778	0.186336	0.807886	
0.028989	0.697188	0.273823	
0.037769	0.695478	0.266752	
0.010415	0.792878	0.196707	
0.811120	0.169010	0.019870	
0.500672	0.356659	0.142669	
0.006633	0.602704	0.390663	
0.036001	0.697471	0.266528	
0.007354	0.078585	0.914061	
0.190199	0.406562	0.403239	
0.584016	0.299577	0.116407	
0.778065	0.191647	0.030288	
0.007284	0.522267	0.470448	
0.105031	0.525775	0.369194	
0.006799	0.395265	0.597936	
0.013970	0.039649	0.946381	
0.007456	0.596202	0.396342	
0.879721	0.110194	0.010085	
0.694991	0.245365	0.059644	
0.708124	0.223512	0.068364	
0.005631	0.453899	0.540470	
0.339849	0.424526	0.235625	
0.619609	0.281671	0.098721	
0.642972	0.287721	0.069307	
0.926579	0.068853	0.004568	
0.049112	0.626255	0.324633	
0.255104	0.262951	0.481945	
0.006527	0.541888	0.451584	
0.391069	0.338297	0.270634	
0.678515	0.255547	0.065937	
0.791522	0.178689	0.029789	
0.524135	0.388972	0.086892	
0.104028	0.356095	0.539876	
0.020511	0.751004	0.228485	
0.653252	0.281891	0.064857	
0.946539	0.048475	0.004987	
0.098198	0.790462	0.111340	
0.002690	0.193955	0.803355	
0.752860	0.215960	0.031180	
0.007267	0.528461	0.464271	
0.841155	0.140471	0.018375	
0.008572	0.354786	0.636642	
0.888294	0.098938	0.012768	
0.291405	0.564701	0.143894	
0.854560	0.126924	0.018517	
0.543777	0.385543	0.070681	
0.851794	0.130965	0.017242	
0.776333	0.192408	0.031259	
0.732576	0.221551	0.045873	
0.001053	0.020096	0.978851	
0.564693	0.353468	0.081839	
0.007294	0.606124	0.386582	
0.710622	0.253821	0.035558	
0.705767	0.250093	0.044141	
0.683497	0.266967	0.049536	
0.487956	0.443004	0.069040	
0.086675	0.644379	0.268946	
0.922161	0.074448	0.003391	
0.006181	0.528556	0.465263	
0.901719	0.089160	0.009121	
0.003657	0.159846	0.836498	
0.007859	0.662318	0.329822	
0.011810	0.601268	0.386923	
0.012365	0.475050	0.512584	
0.304914	0.541762	0.153324	
0.805021	0.173692	0.021287	
0.344884	0.513663	0.141454	
0.769777	0.195325	0.034897	
0.010441	0.169986	0.819573	
0.001135	0.031917	0.966948	
0.084722	0.319567	0.595711	
0.103730	0.382302	0.513968	
0.013027	0.031500	0.955473	
0.007278	0.644690	0.348032	
0.007757	0.592919	0.399323	
0.267933	0.528968	0.203099	
0.724089	0.227679	0.048232	
0.004699	0.383161	0.612140	
0.093547	0.357289	0.549164	
0.500102	0.421357	0.078541	
0.589738	0.293563	0.116699	
0.579412	0.329761	0.090827	
0.111934	0.695345	0.192721	
0.003346	0.109279	0.887375	
0.857436	0.130811	0.011753	
0.830087	0.152797	0.017116	
0.463804	0.445092	0.091104	
0.899661	0.093749	0.006590	
0.148611	0.618909	0.232480	
0.474791	0.427815	0.097394	
0.006137	0.267969	0.725894	
0.491353	0.375585	0.133062	
0.669205	0.275799	0.054996	
0.068694	0.659552	0.271753	
0.503456	0.329379	0.167165	
0.007773	0.600213	0.392014	
0.169704	0.668115	0.162181	
0.012727	0.560777	0.426495	
0.380650	0.499771	0.119579	
0.679822	0.273812	0.046366	
0.020782	0.222318	0.756900	
0.412346	0.290172	0.297482	
0.006783	0.159897	0.833320	
0.006156	0.448547	0.545297	
0.000014	0.000949	0.999037	
0.000018	0.001167	0.998815	
0.000739	0.025154	0.974106	
0.007244	0.107089	0.885667	
0.008432	0.299298	0.692270	
0.112357	0.457012	0.430630	
0.001098	0.059857	0.939045	
0.005956	0.055848	0.938196	
0.000045	0.004061	0.995894	
0.004339	0.071610	0.924050	
0.010922	0.160562	0.828517	
0.000375	0.010732	0.988893	
0.262722	0.325574	0.411704	
0.013973	0.152703	0.833324	
0.000960	0.045222	0.953818	
0.701663	0.247530	0.050807	
0.001734	0.044913	0.953354	
0.038694	0.391810	0.569496	
0.001953	0.032999	0.965047	
0.003717	0.113839	0.882443	
0.000352	0.006983	0.992665	
0.001619	0.038533	0.959848	
0.000015	0.001179	0.998805	
0.000154	0.006886	0.992961	
0.223455	0.314042	0.462503	
0.097473	0.345369	0.557158	
0.007523	0.086336	0.906142	
0.007534	0.148894	0.843572	
0.000071	0.003082	0.996846	
0.001467	0.025835	0.972697	
0.938268	0.057573	0.004159	
0.000039	0.005576	0.994385	
0.254227	0.231976	0.513797	
0.008704	0.217659	0.773637	
0.017007	0.047509	0.935484	
0.578854	0.286208	0.134938	
0.271051	0.298663	0.430286	
0.014928	0.188287	0.796785	
0.005823	0.112768	0.881409	
0.000495	0.011153	0.988352	
0.000022	0.001396	0.998582	
0.003364	0.046308	0.950328	
0.421299	0.383101	0.195601	
0.794713	0.119787	0.085500	
0.004590	0.107473	0.887937	
0.003664	0.055289	0.941047	
0.001410	0.060999	0.937591	
0.021585	0.224306	0.754109	
0.000715	0.007560	0.991724	
0.005432	0.012457	0.982111	
0.000219	0.009324	0.990457	
0.005017	0.121244	0.873739	
0.002099	0.043441	0.954460	
0.004626	0.088632	0.906741	
0.006322	0.090753	0.902925	
0.236985	0.296268	0.466747	
0.000114	0.003657	0.996229	
0.088668	0.093770	0.817562	
0.000057	0.004968	0.994975	
0.001877	0.058237	0.939886	
0.000004	0.000655	0.999341	
0.000194	0.006013	0.993793	
0.002215	0.041141	0.956644	
0.005852	0.126971	0.867177	
0.000651	0.027376	0.971973	
0.251242	0.330540	0.418218	
0.009801	0.174421	0.815778	
0.151067	0.318663	0.530270	
0.001516	0.017937	0.980546	
0.000140	0.010013	0.989846	
0.000012	0.001247	0.998741	
0.185924	0.514845	0.299231	
0.004924	0.092948	0.902129	
0.000912	0.032597	0.966491	
0.000103	0.006261	0.993636	
0.002954	0.087794	0.909253	
0.009226	0.374775	0.615999	
0.015134	0.206466	0.778401	
0.008112	0.296188	0.695701	
0.000046	0.003121	0.996833	
0.084034	0.468754	0.447212	
0.579370	0.314100	0.106531	
0.006760	0.647171	0.346069	
0.832103	0.146430	0.021467	
0.504613	0.335481	0.159907	
0.721483	0.182418	0.096099	
0.002581	0.038214	0.959206	
0.018751	0.242765	0.738483	
0.002654	0.075238	0.922108	
0.016582	0.794654	0.188763	
0.005725	0.134392	0.859883	
0.276095	0.632554	0.091351	
0.102361	0.660999	0.236640	
0.343590	0.539096	0.117314	
0.606868	0.332097	0.061035	
0.009375	0.684328	0.306297	
0.103760	0.818220	0.078020	
0.364843	0.488093	0.147064	
0.021698	0.748310	0.229993	
0.100751	0.385862	0.513387	
0.031256	0.778642	0.190102	
0.097704	0.234533	0.667763	
0.011696	0.385159	0.603145	
0.108807	0.724140	0.167053	
0.105361	0.631679	0.262960	
0.015934	0.731913	0.252153	
0.009596	0.758444	0.231960	
0.004282	0.041943	0.953774	
0.007560	0.701476	0.290964	
0.033641	0.692167	0.274192	
0.019890	0.692842	0.287268	
0.345011	0.375965	0.279024	
0.023583	0.509197	0.467221	
0.277379	0.454813	0.267808	
0.050012	0.210379	0.739609	
0.514523	0.431673	0.053804	
0.022757	0.363911	0.613332	
0.015312	0.412447	0.572241	
0.405469	0.427299	0.167233	
0.555728	0.302497	0.141775	
0.013451	0.233140	0.753408	
0.012350	0.117312	0.870338	
0.018745	0.239966	0.741289	
0.828452	0.153202	0.018346	
0.096662	0.208258	0.695080	
0.603052	0.343460	0.053488	
0.821609	0.165387	0.013004	
0.646537	0.287139	0.066324	
0.055834	0.757472	0.186695	
0.088038	0.731901	0.180061	
0.466714	0.446369	0.086917	
0.914214	0.078950	0.006837	
0.836514	0.142458	0.021029	
0.040917	0.671199	0.287884	
0.006240	0.099512	0.894248	
0.111303	0.732028	0.156669	
0.007286	0.745306	0.247408	
0.005766	0.617681	0.376553	
0.135336	0.680875	0.183789	
0.007136	0.397223	0.595641	
0.015437	0.323771	0.660791	
0.571161	0.373545	0.055295	
0.010015	0.626850	0.363135	
0.686837	0.268897	0.044265	
0.295136	0.280083	0.424781	
0.025147	0.236988	0.737866	
0.012275	0.365827	0.621898	
0.552092	0.359841	0.088068	
0.377826	0.518108	0.104066	
0.011398	0.546826	0.441776	
0.143916	0.773549	0.082534	
0.674631	0.214672	0.110697	
0.465010	0.396008	0.138982	
0.690814	0.254451	0.054735	
0.100039	0.639371	0.260591	
0.761898	0.209875	0.028228	
0.083132	0.740799	0.176069	
0.189845	0.266554	0.543600	
0.462200	0.289277	0.248522	
0.562965	0.390208	0.046828	
0.007682	0.656794	0.335524	
0.016570	0.572806	0.410624	
0.666678	0.306924	0.026398	
0.205762	0.696178	0.098060	
0.039467	0.300978	0.659555	
0.012505	0.631690	0.355805	
0.009945	0.702514	0.287541	
0.030453	0.375336	0.594211	
0.110198	0.294470	0.595332	
0.415170	0.459893	0.124937	
0.695075	0.279595	0.025330	
0.798997	0.114583	0.086420	
0.105535	0.593282	0.301183	
0.005086	0.072293	0.922621	
0.571421	0.348331	0.080249	
0.008667	0.129264	0.862069	
0.262673	0.588703	0.148624	
0.728664	0.225868	0.045467	
0.297757	0.582974	0.119269	
0.333664	0.561704	0.104632	
0.095386	0.790822	0.113792	
0.007132	0.563872	0.428996	
0.341847	0.378185	0.279968	
0.559703	0.340941	0.099356	
0.312402	0.187388	0.500210	
0.008092	0.150381	0.841527	
0.505459	0.378021	0.116521	
0.155318	0.704387	0.140296	
0.208748	0.360635	0.430618	
0.161868	0.714490	0.123641	
0.790761	0.191687	0.017552	
0.030800	0.175203	0.793997	
0.110823	0.742972	0.146205	
0.008443	0.623917	0.367640	
0.415789	0.430152	0.154060	
0.677251	0.248817	0.073932	
0.272010	0.287075	0.440915	
0.509764	0.409586	0.080650	
0.542892	0.383682	0.073426	
0.006958	0.244163	0.748879	
0.275853	0.556550	0.167597	
0.011169	0.175578	0.813253	
0.006429	0.743189	0.250382	
0.601086	0.332430	0.066484	
0.056467	0.718549	0.224984	
0.062761	0.172741	0.764498	
0.006228	0.096843	0.896929	
0.100372	0.258055	0.641573	
0.043810	0.722462	0.233727	
0.673173	0.267811	0.059016	
0.047652	0.532356	0.419992	
0.721990	0.213325	0.064685	
0.015493	0.705400	0.279107	
0.003006	0.234228	0.762766	
0.000298	0.012450	0.987252	
0.466165	0.378557	0.155278	
0.096178	0.352139	0.551683	
0.461714	0.368040	0.170246	
0.540630	0.422408	0.036962	
0.001021	0.021317	0.977662	
0.131618	0.270014	0.598368	
0.007924	0.214649	0.777427	
0.330740	0.499057	0.170203	
0.283713	0.293356	0.422931	
0.650217	0.249366	0.100417	
0.143525	0.730461	0.126013	
0.017723	0.849395	0.132883	
0.039807	0.528092	0.432101	
0.675224	0.234915	0.089862	
0.318336	0.423541	0.258123	
0.825791	0.162708	0.011501	
0.013051	0.757630	0.229319	
0.465393	0.452430	0.082177	
0.164147	0.510792	0.325061	
0.786815	0.187372	0.025813	
0.100963	0.193230	0.705808	
0.013340	0.627075	0.359585	
0.674585	0.276227	0.049188	
0.646736	0.287949	0.065315	
0.503014	0.363479	0.133507	
0.139543	0.651610	0.208848	
0.065467	0.185475	0.749058	
0.420332	0.455127	0.124541	
0.273861	0.582675	0.143463	
0.140791	0.168424	0.690785	
0.038152	0.123203	0.838645	
0.002666	0.040458	0.956876	
0.001842	0.023719	0.974439	
0.006209	0.511169	0.482622	
0.015728	0.208179	0.776093	
0.117774	0.592427	0.289798	
0.190643	0.471009	0.338347	
0.742734	0.223466	0.033799	
0.217586	0.506755	0.275659	
0.006001	0.072063	0.921936	
0.004071	0.445553	0.550376	
0.138783	0.673643	0.187574	
0.006763	0.438317	0.554920	
0.036201	0.306969	0.656830	
0.424475	0.364686	0.210839	
0.500813	0.392108	0.107079	
0.002261	0.138800	0.858939	
0.023974	0.236359	0.739667	
0.007554	0.701214	0.291231	
0.010724	0.168318	0.820959	
0.747950	0.224061	0.027989	
0.005055	0.675954	0.318991	
0.023334	0.072361	0.904305	
0.037198	0.191458	0.771344	
0.021767	0.146558	0.831675	
0.017276	0.612042	0.370682	
0.003796	0.289996	0.706207	
0.293194	0.459239	0.247566	
0.016786	0.821162	0.162052	
0.611035	0.274397	0.114568	
0.091228	0.779130	0.129643	
0.482108	0.383911	0.133981	
0.063323	0.427396	0.509281	
0.501727	0.444907	0.053365	
0.147299	0.768942	0.083759	
0.954283	0.044110	0.001607	
0.398990	0.538316	0.062694	
0.686774	0.261824	0.051402	
0.787804	0.190345	0.021851	
0.774017	0.210827	0.015156	
0.873387	0.115844	0.010769	
0.197490	0.707811	0.094698	
0.326532	0.502169	0.171298	
0.818723	0.146117	0.035160	
0.540726	0.349398	0.109876	
0.700875	0.270829	0.028295	
0.103317	0.143866	0.752817	
0.457265	0.463524	0.079210	
0.696372	0.269519	0.034109	
0.358047	0.541450	0.100503	
0.393511	0.388245	0.218244	
0.666946	0.286494	0.046561	
0.313507	0.476263	0.210230	
0.679345	0.300753	0.019902	
0.870222	0.120851	0.008927	
0.081158	0.755573	0.163269	
0.032389	0.117189	0.850422	
0.494013	0.428202	0.077785	
0.045915	0.863074	0.091011	
0.600169	0.374190	0.025642	
0.409375	0.482205	0.108420	
0.863983	0.122670	0.013347	
0.143086	0.684280	0.172633	
0.477854	0.455822	0.066324	
0.414938	0.499210	0.085851	
0.559079	0.380048	0.060873	
0.693750	0.265706	0.040544	
0.504484	0.457129	0.038387	
0.590075	0.356092	0.053833	
0.924091	0.063027	0.012883	
0.639752	0.311656	0.048592	
0.717183	0.221774	0.061042	
0.812947	0.171125	0.015928	
0.421093	0.487072	0.091835	
0.851872	0.138466	0.009662	
0.784666	0.193630	0.021704	
0.590286	0.321481	0.088232	
0.538294	0.422851	0.038855	
0.483826	0.383291	0.132883	
0.547402	0.394529	0.058069	
0.880166	0.115295	0.004539	
0.548225	0.389935	0.061841	
0.673376	0.298360	0.028264	
0.483945	0.470569	0.045486	
0.064970	0.703045	0.231985	
0.861116	0.129860	0.009024	
0.740584	0.242353	0.017064	
0.031629	0.165020	0.803351	
0.625804	0.273142	0.101054	
0.663776	0.259202	0.077022	
0.624151	0.315457	0.060392	
0.495680	0.447046	0.057274	
0.518059	0.446197	0.035743	
0.080402	0.753701	0.165897	
0.471008	0.510271	0.018721	
0.377588	0.568820	0.053592	
0.202288	0.681891	0.115822	
0.602775	0.362939	0.034286	
0.038690	0.534485	0.426825	
0.493501	0.376957	0.129542	
0.800857	0.173116	0.026027	
0.918067	0.078281	0.003651	
0.936710	0.060309	0.002981	
0.412685	0.471032	0.116283	
0.408455	0.518454	0.073091	
0.411780	0.409252	0.178968	
0.784747	0.189962	0.025292	
0.751528	0.231155	0.017317	
0.757976	0.218485	0.023539	
0.002971	0.032731	0.964298	
0.796520	0.175906	0.027573	
0.704651	0.272832	0.022517	
0.637092	0.305769	0.057139	
0.375691	0.569951	0.054357	
0.178714	0.650114	0.171172	
0.910404	0.085406	0.004190	
0.808039	0.169225	0.022736	
0.532231	0.400904	0.066865	
0.481290	0.468808	0.049903	
0.609860	0.332109	0.058031	
0.670342	0.309332	0.020326	
0.499506	0.358358	0.142136	
0.349761	0.501498	0.148741	
0.555708	0.385838	0.058454	
0.102584	0.433356	0.464059	
0.678515	0.291683	0.029801	
0.004620	0.056231	0.939149	
0.764314	0.196201	0.039485	
0.656226	0.307607	0.036167	
0.552644	0.378114	0.069242	
0.300093	0.583542	0.116366	
0.758164	0.211216	0.030620	
0.664998	0.245554	0.089448	
0.378510	0.434629	0.186861	
0.814094	0.170613	0.015293	
0.546154	0.393703	0.060144	
0.255638	0.672163	0.072199	
0.006394	0.084231	0.909375	
0.025402	0.811706	0.162892	
0.270459	0.435458	0.294083	
0.004743	0.030975	0.964282	
0.188934	0.751260	0.059806	
0.074619	0.714125	0.211256	
0.268633	0.570203	0.161164	
0.019935	0.197368	0.782698	
0.660215	0.304080	0.035704	
0.013884	0.126035	0.860080	
0.137635	0.673994	0.188370	
0.065255	0.070712	0.864033	
0.361370	0.537864	0.100766	
0.716252	0.257687	0.026061	
0.884465	0.110308	0.005227	
0.463740	0.494169	0.042091	
0.494610	0.377401	0.127990	
0.010953	0.179161	0.809886	
0.751916	0.219016	0.029067	
0.041719	0.710927	0.247354	
0.687984	0.274787	0.037228	
0.145173	0.379662	0.475165	
0.049222	0.312441	0.638337	
0.118341	0.753254	0.128405	
0.309324	0.489842	0.200833	
0.000204	0.007338	0.992458	
0.611028	0.358355	0.030617	
0.175234	0.621806	0.202961	
0.346808	0.590894	0.062299	
0.929960	0.065350	0.004690	
0.645828	0.302562	0.051609	
0.164258	0.654582	0.181160	
0.017892	0.111663	0.870444	
0.007349	0.161037	0.831614	
0.024683	0.171683	0.803635	
0.605285	0.345279	0.049436	
0.907467	0.085828	0.006705	
0.463065	0.475833	0.061102	
0.345322	0.520021	0.134657	
0.005401	0.074852	0.919747	
0.243000	0.635747	0.121254	
0.474175	0.353041	0.172783	
0.616663	0.342910	0.040427	
0.640820	0.268590	0.090591	
0.630588	0.328668	0.040744	
0.490078	0.430242	0.079679	
0.423802	0.265078	0.311120	
0.053651	0.459577	0.486773	
0.499225	0.245159	0.255616	
0.003444	0.066501	0.930055	
0.540121	0.331680	0.128199	
0.285487	0.674877	0.039636	
0.357597	0.454037	0.188367	
0.896137	0.099600	0.004264	
0.625754	0.301109	0.073137	
0.245596	0.619672	0.134731	
0.161472	0.623401	0.215127	
0.658863	0.309871	0.031266	
0.047510	0.606071	0.346419	
0.698106	0.272067	0.029827	
0.106457	0.692411	0.201132	
0.283020	0.461838	0.255141	
0.686981	0.255704	0.057316	
0.510060	0.404524	0.085416	
0.175892	0.331399	0.492709	
0.077651	0.763354	0.158995	
0.781690	0.201374	0.016936	
0.554962	0.378151	0.066887	
0.792765	0.194719	0.012516	
0.499346	0.401772	0.098882	
0.067878	0.192618	0.739504	
0.594656	0.335903	0.069441	
0.270990	0.406613	0.322397	
0.488662	0.451946	0.059392	
0.066650	0.584592	0.348757	
0.517930	0.353336	0.128734	
0.360341	0.434048	0.205612	
0.077265	0.801823	0.120912	
0.111319	0.792111	0.096570	
0.013263	0.820649	0.166088	
0.382035	0.494242	0.123723	
0.299249	0.590443	0.110308	
0.118475	0.666391	0.215134	
0.728531	0.227382	0.044087	
0.157339	0.672699	0.169962	
0.443418	0.419271	0.137312	
0.589498	0.378234	0.032268	
0.550388	0.375336	0.074276	
0.059865	0.760667	0.179468	
0.368929	0.413075	0.217996	
0.579454	0.351386	0.069160	
0.238418	0.660511	0.101072	
0.228454	0.295119	0.476426	
0.429950	0.427504	0.142546	
0.090799	0.792800	0.116401	
0.310653	0.355671	0.333676	
0.223453	0.705368	0.071179	
0.139567	0.748468	0.111965	
0.007330	0.709646	0.283024	
0.484131	0.384339	0.131530	
0.435335	0.345642	0.219023	
0.309674	0.652814	0.037513	
0.055043	0.847166	0.097791	
0.397561	0.484522	0.117917	
0.016152	0.598822	0.385025	
0.029899	0.886186	0.083914	
0.026359	0.894300	0.079341	
0.028880	0.844279	0.126841	
0.039494	0.829729	0.130776	
0.700764	0.257382	0.041853	
0.946728	0.049194	0.004079	
0.260374	0.606924	0.132702	
0.805381	0.187324	0.007296	
0.410787	0.509278	0.079935	
0.042710	0.813517	0.143773	
0.649603	0.290631	0.059766	
0.669055	0.300876	0.030068	
0.548211	0.416924	0.034865	
0.575909	0.359363	0.064728	
0.333503	0.556297	0.110200	
0.043860	0.724696	0.231444	
0.855799	0.130703	0.013497	
0.624398	0.327881	0.047722	
0.095280	0.653256	0.251464	
0.402081	0.502347	0.095573	
0.627367	0.300475	0.072158	
0.402174	0.474182	0.123644	
0.658095	0.293265	0.048640	
0.306556	0.594347	0.099097	
0.107421	0.807037	0.085542	
0.093900	0.741178	0.164922	
0.228134	0.681163	0.090703	
0.178231	0.624699	0.197070	
0.305671	0.605772	0.088557	
0.343410	0.538361	0.118229	
0.355998	0.558396	0.085607	
0.508944	0.389744	0.101312	
0.357248	0.371919	0.270834	
0.055399	0.858332	0.086268	
0.227598	0.654824	0.117579	
0.174999	0.692263	0.132739	
0.094928	0.808794	0.096277	
0.069869	0.762025	0.168106	
0.625920	0.327215	0.046865	
0.019733	0.778158	0.202109	
0.141858	0.722466	0.135676	
0.107432	0.757649	0.134918	
0.723937	0.259789	0.016274	
0.482735	0.454214	0.063051	
0.269326	0.464342	0.266332	
0.315266	0.577481	0.107253	
0.052483	0.420174	0.527343	
0.437901	0.439155	0.122944	
0.740052	0.233481	0.026467	
0.388850	0.532420	0.078729	
0.107908	0.759462	0.132630	
0.266035	0.657762	0.076203	
0.797526	0.181041	0.021433	
0.435651	0.471527	0.092822	
0.479509	0.457774	0.062717	
0.012704	0.470277	0.517019	
0.451521	0.440427	0.108052	
0.585405	0.371986	0.042609	
0.444125	0.424036	0.131839	
0.013768	0.833520	0.152712	
0.368185	0.468539	0.163277	
0.223643	0.637444	0.138913	
0.484094	0.336336	0.179570	
0.124123	0.696566	0.179312	
0.199995	0.654883	0.145122	
0.355646	0.561292	0.083061	
0.189599	0.252624	0.557777	
0.319828	0.549511	0.130661	
0.283725	0.628614	0.087661	
0.007521	0.545854	0.446625	
0.590399	0.305708	0.103893	
0.538566	0.427337	0.034097	
0.501185	0.452918	0.045897	
0.374259	0.557329	0.068412	
0.319256	0.519627	0.161117	
0.389944	0.345262	0.264795	
0.289322	0.640963	0.069715	
0.039784	0.718113	0.242103	
0.316458	0.603734	0.079808	
0.084928	0.709496	0.205576	
0.513136	0.445026	0.041839	
0.384822	0.487817	0.127361	
0.741248	0.244282	0.014470	
0.393191	0.558319	0.048490	
0.321525	0.599246	0.079230	
0.622014	0.316097	0.061889	
0.639539	0.342392	0.018068	
0.212590	0.538924	0.248486	
0.813825	0.159220	0.026955	
0.630724	0.307908	0.061368	
0.703889	0.268534	0.027578	
0.207176	0.641089	0.151735	
0.067172	0.228911	0.703917	
0.007954	0.061342	0.930704	
0.233065	0.312971	0.453965	
0.522707	0.405896	0.071398	
0.630428	0.337334	0.032238	
0.082721	0.802753	0.114526	
0.794016	0.187749	0.018235	
0.166506	0.607208	0.226285	
0.598688	0.352169	0.049144	
0.621022	0.331436	0.047542	
0.510100	0.408207	0.081693	
0.017482	0.499852	0.482666	
0.184114	0.307640	0.508246	
0.184264	0.468632	0.347104	
0.482625	0.486379	0.030997	
0.349209	0.558832	0.091959	
0.886057	0.108487	0.005456	
0.147299	0.768942	0.083759	
0.899246	0.095709	0.005046	
0.051230	0.764945	0.183825	
0.257756	0.592808	0.149436	
0.631891	0.327344	0.040765	
0.405789	0.479816	0.114395	
0.459387	0.487170	0.053443	
0.805193	0.179434	0.015373	
0.393511	0.388245	0.218244	
0.496448	0.454535	0.049017	
0.443603	0.472858	0.083539	
0.110676	0.149843	0.739481	
0.487413	0.378053	0.134534	
0.777056	0.202182	0.020763	
0.429635	0.506539	0.063825	
0.881405	0.111924	0.006671	
0.023079	0.738451	0.238470	
0.666810	0.305192	0.027998	
0.718341	0.247987	0.033672	
0.435372	0.404782	0.159846	
0.511979	0.408839	0.079182	
0.396679	0.545387	0.057933	
0.817295	0.169974	0.012731	
0.469466	0.455779	0.074756	
0.477137	0.491580	0.031282	
0.647482	0.304541	0.047977	
0.129214	0.729829	0.140957	
0.831186	0.156954	0.011860	
0.423098	0.494140	0.082762	
0.280628	0.605903	0.113469	
0.577525	0.375786	0.046689	
0.137425	0.232256	0.630320	
0.511005	0.449279	0.039716	
0.797240	0.170849	0.031910	
0.126089	0.681781	0.192130	
0.186265	0.694205	0.119530	
0.728928	0.231913	0.039159	
0.132612	0.551776	0.315612	
0.385647	0.544886	0.069467	
0.425860	0.525757	0.048383	
0.680699	0.297844	0.021457	
0.151767	0.269274	0.578959	
0.112432	0.315080	0.572489	
0.323975	0.536478	0.139547	
0.004040	0.117470	0.878490	
0.290277	0.582188	0.127535	
0.000214	0.002121	0.997665	
0.026110	0.795032	0.178858	
0.053412	0.720906	0.225683	
0.004981	0.214099	0.780920	
0.536624	0.275467	0.187909	
0.005951	0.249656	0.744393	
0.770997	0.200141	0.028863	
0.496371	0.299372	0.204257	
0.147828	0.637610	0.214562	
0.007659	0.079124	0.913216	
0.005775	0.070531	0.923694	
0.037821	0.568326	0.393853	
0.014005	0.682502	0.303493	
0.674479	0.231277	0.094244	
0.007179	0.529003	0.463818	
0.692209	0.262794	0.044997	
0.007482	0.544986	0.447532	
0.043265	0.118192	0.838544	
0.050457	0.702996	0.246547	
0.034803	0.247494	0.717704	
0.012651	0.114843	0.872506	
0.005942	0.204433	0.789625	
0.007668	0.058182	0.934150	
0.016061	0.346760	0.637179	
0.685861	0.247282	0.066856	
0.585249	0.326282	0.088469	
0.195236	0.333310	0.471454	
0.008280	0.666739	0.324982	
0.016154	0.101448	0.882398	
0.003430	0.046856	0.949715	
0.028768	0.352998	0.618234	
0.406211	0.457989	0.135800	
0.052613	0.657103	0.290284	
0.027048	0.484060	0.488893	
0.068554	0.381360	0.550086	
0.038124	0.373682	0.588195	
0.007774	0.618616	0.373610	
0.625993	0.302490	0.071517	
0.030374	0.368705	0.600921	
0.012126	0.375496	0.612378	
0.007207	0.518968	0.473826	
0.004050	0.139858	0.856092	
0.285687	0.514572	0.199741	
0.081347	0.518790	0.399863	
0.345690	0.497613	0.156697	
0.003444	0.037281	0.959275	
0.401449	0.427780	0.170771	
0.577444	0.336705	0.085851	
0.005913	0.378003	0.616084	
0.475964	0.383295	0.140741	
0.246742	0.530059	0.223200	
0.007019	0.128771	0.864209	
0.339691	0.376202	0.284106	
0.014297	0.159934	0.825769	
0.028279	0.635738	0.335983	
0.563572	0.330676	0.105751	
0.001640	0.019835	0.978525	
0.016093	0.416573	0.567334	
0.043708	0.222566	0.733726	
0.009908	0.209047	0.781045	
0.009327	0.572517	0.418156	
0.008474	0.334315	0.657212	
0.828076	0.157299	0.014625	
0.011290	0.141698	0.847012	
0.499033	0.337135	0.163832	
0.633724	0.267331	0.098945	
0.030336	0.818514	0.151151	
0.029140	0.576260	0.394600	
0.794472	0.161404	0.044124	
0.061685	0.566464	0.371851	
0.026597	0.850268	0.123135	
0.381296	0.477536	0.141168	
0.874355	0.112527	0.013117	
0.015837	0.632514	0.351649	
0.544446	0.329556	0.125998	
0.409285	0.446104	0.144611	
0.032814	0.839033	0.128153	
0.034523	0.611373	0.354104	
0.064639	0.673741	0.261620	
0.439191	0.332405	0.228404	
0.007949	0.065346	0.926704	
0.852755	0.131099	0.016146	
0.005200	0.406478	0.588323	
0.050317	0.514693	0.434991	
0.165934	0.343140	0.490925	
0.738875	0.231669	0.029456	
0.026025	0.715730	0.258245	
0.285453	0.500390	0.214157	
0.021048	0.313732	0.665220	
0.020456	0.558429	0.421115	
0.927625	0.065401	0.006974	
0.422253	0.368385	0.209362	
0.008684	0.627496	0.363820	
0.494585	0.312949	0.192466	
0.004454	0.103978	0.891568	
0.008976	0.113297	0.877727	
0.023055	0.417737	0.559208	
0.088492	0.488182	0.423326	
0.001591	0.014880	0.983529	
0.004535	0.772825	0.222640	
0.078459	0.621407	0.300134	
0.005169	0.075273	0.919558	
0.048492	0.583141	0.368367	
0.498845	0.390576	0.110579	
0.662602	0.275157	0.062240	
0.182872	0.665797	0.151331	
0.006537	0.487758	0.505705	
0.752038	0.210528	0.037433	
0.349102	0.419286	0.231612	
0.010470	0.470997	0.518533	
0.044557	0.730605	0.224837	
0.003964	0.056260	0.939776	
0.004611	0.133459	0.861930	
0.009591	0.363786	0.626622	
0.031758	0.800333	0.167909	
0.000563	0.016088	0.983349	
0.244058	0.437519	0.318423	
0.420189	0.405888	0.173923	
0.250148	0.576082	0.173770	
0.011912	0.548830	0.439258	
0.674003	0.267173	0.058824	
0.006640	0.069819	0.923541	
0.035079	0.642892	0.322029	
0.001029	0.043939	0.955032	
0.478180	0.346656	0.175164	
0.008728	0.166854	0.824417	
0.020992	0.604136	0.374871	
0.022234	0.607998	0.369768	
0.002854	0.082378	0.914768	
0.029472	0.090342	0.880185	
0.427890	0.530000	0.042110	
0.618856	0.331706	0.049438	
0.041745	0.462040	0.496214	
0.292694	0.342014	0.365293	
0.008801	0.472202	0.518997	
0.516489	0.371190	0.112321	
0.034303	0.526577	0.439121	
0.000287	0.009187	0.990526	
0.011614	0.740501	0.247885	
0.124552	0.434415	0.441034	
0.002186	0.048038	0.949777	
0.105078	0.574683	0.320240	
0.009488	0.276965	0.713547	
0.013727	0.763381	0.222893	
0.095229	0.338063	0.566708	
0.018434	0.144766	0.836801	
0.007336	0.508122	0.484542	
0.723201	0.239265	0.037534	
0.011983	0.107778	0.880239	
0.045824	0.578044	0.376132	
0.083248	0.600422	0.316329	
0.554420	0.388036	0.057544	
0.016574	0.056026	0.927401	
0.052462	0.760957	0.186580	
0.005590	0.083924	0.910486	
0.007832	0.156259	0.835909	
0.300383	0.431563	0.268054	
0.501277	0.281711	0.217012	
0.047679	0.184141	0.768180	
0.167068	0.186555	0.646377	
0.126451	0.282103	0.591446	
0.687582	0.223284	0.089134	
0.005368	0.028205	0.966426	
0.071513	0.379445	0.549042	
0.011324	0.189641	0.799035	
0.206674	0.569969	0.223357	
0.004066	0.088134	0.907801	
0.706576	0.257154	0.036270	
0.010387	0.656336	0.333276	
0.219647	0.246763	0.533590	
0.007374	0.207489	0.785138	
0.063062	0.523005	0.413933	
0.356692	0.372067	0.271241	
0.009882	0.524038	0.466080	
0.242395	0.386511	0.371094	
0.228229	0.358133	0.413638	
