0.298765	0.278463	0.422772	
0.658718	0.285830	0.055452	
0.008604	0.748631	0.242765	
0.477838	0.383107	0.139055	
0.497361	0.416608	0.086031	
0.760947	0.199607	0.039446	
0.042474	0.303505	0.654022	
0.832301	0.149054	0.018645	
0.003771	0.185358	0.810871	
0.729194	0.227757	0.043049	
0.377603	0.518038	0.104359	
0.306766	0.548148	0.145086	
0.011054	0.864716	0.124231	
0.334414	0.525081	0.140505	
0.064663	0.654266	0.281071	
0.489949	0.418483	0.091568	
0.818074	0.163565	0.018361	
0.010355	0.683719	0.305926	
0.008599	0.411767	0.579634	
0.932829	0.063855	0.003316	
0.004103	0.041949	0.953948	
0.007645	0.367991	0.624364	
0.004660	0.084129	0.911211	
0.028125	0.513363	0.458512	
0.606484	0.277898	0.115619	
0.784249	0.182826	0.032925	
0.189903	0.663752	0.146345	
0.192492	0.261117	0.546391	
0.169055	0.524440	0.306505	
0.373051	0.524550	0.102399	
0.072692	0.703165	0.224144	
0.960004	0.038341	0.001655	
0.668764	0.274164	0.057072	
0.016726	0.275251	0.708023	
0.000929	0.008226	0.990845	
0.003358	0.613856	0.382786	
0.696616	0.256768	0.046616	
0.458257	0.414882	0.126861	
0.001334	0.032049	0.966618	
0.006303	0.070119	0.923578	
0.803908	0.180398	0.015694	
0.609548	0.299788	0.090664	
0.742975	0.219810	0.037215	
0.035668	0.471364	0.492968	
0.021220	0.152421	0.826359	
0.006719	0.655442	0.337839	
0.008680	0.623702	0.367618	
0.507589	0.424229	0.068182	
0.392014	0.444079	0.163906	
0.704515	0.222002	0.073483	
0.066911	0.630484	0.302605	
0.007087	0.104326	0.888587	
0.066461	0.597489	0.336049	
0.037193	0.312699	0.650108	
0.022147	0.337337	0.640515	
0.753922	0.216880	0.029198	
0.893785	0.094671	0.011544	
0.761798	0.206631	0.031571	
0.118550	0.555565	0.325885	
0.028104	0.231994	0.739902	
0.010466	0.243632	0.745902	
0.846917	0.134559	0.018524	
0.475887	0.361753	0.162360	
0.007559	0.619204	0.373238	
0.281291	0.484322	0.234387	
0.579327	0.265578	0.155094	
0.005928	0.076110	0.917962	
0.000085	0.007538	0.992376	
0.000139	0.004225	0.995636	
0.366053	0.477434	0.156514	
0.018592	0.565113	0.416295	
0.383968	0.467133	0.148898	
0.337363	0.432837	0.229800	
0.539196	0.399117	0.061687	
0.873680	0.118316	0.008004	
0.031849	0.369538	0.598612	
0.000260	0.010417	0.989323	
0.033917	0.765179	0.200904	
0.014192	0.315564	0.670244	
0.567920	0.339511	0.092569	
0.006231	0.081111	0.912658	
0.626611	0.330000	0.043389	
0.901209	0.090378	0.008413	
0.544613	0.319121	0.136265	
0.006196	0.750499	0.243305	
0.007563	0.295958	0.696479	
0.029275	0.783350	0.187375	
0.050363	0.559583	0.390054	
0.601359	0.288141	0.110500	
0.009136	0.626817	0.364048	
0.726281	0.230634	0.043085	
0.014166	0.109845	0.875989	
0.535238	0.379247	0.085514	
0.006224	0.743911	0.249865	
0.080315	0.355881	0.563804	
0.005302	0.557798	0.436900	
0.009340	0.128485	0.862175	
0.457781	0.452648	0.089571	
0.006093	0.540213	0.453694	
0.069576	0.124970	0.805454	
0.029861	0.080552	0.889587	
0.006831	0.092624	0.900545	
0.007008	0.820390	0.172602	
0.010886	0.164034	0.825080	
0.014423	0.325019	0.660558	
0.038256	0.216503	0.745241	
0.049509	0.507694	0.442796	
0.042964	0.678069	0.278967	
0.044547	0.314799	0.640653	
0.497708	0.280217	0.222075	
0.799898	0.178279	0.021823	
0.012872	0.546721	0.440407	
0.661709	0.263159	0.075132	
0.498017	0.340991	0.160992	
0.020599	0.794594	0.184807	
0.062914	0.817987	0.119100	
0.004646	0.295684	0.699670	
0.005800	0.333343	0.660858	
0.468458	0.309809	0.221732	
0.004209	0.717437	0.278354	
0.051798	0.678899	0.269303	
0.156471	0.601266	0.242263	
0.556716	0.342247	0.101038	
0.680217	0.271604	0.048179	
0.009355	0.601184	0.389461	
0.048199	0.790868	0.160933	
0.013490	0.076169	0.910340	
0.002616	0.035430	0.961953	
0.006256	0.095546	0.898198	
0.234582	0.712694	0.052725	
0.020895	0.862892	0.116213	
0.085786	0.592425	0.321789	
0.005334	0.208084	0.786581	
0.002115	0.040299	0.957587	
0.155636	0.698888	0.145476	
0.006869	0.382356	0.610775	
0.008907	0.533918	0.457175	
0.107251	0.340443	0.552306	
0.082048	0.636455	0.281497	
0.073540	0.748833	0.177627	
0.004171	0.026444	0.969385	
0.089146	0.760357	0.150497	
0.090368	0.646363	0.263269	
0.005114	0.654701	0.340185	
0.004388	0.085862	0.909750	
0.014442	0.716621	0.268938	
0.006194	0.337053	0.656753	
0.007857	0.381030	0.611114	
0.009562	0.476569	0.513869	
0.037619	0.747880	0.214501	
0.008449	0.714420	0.277131	
0.042375	0.822066	0.135559	
0.006074	0.551383	0.442543	
0.096666	0.564492	0.338842	
0.336983	0.532600	0.130417	
0.006780	0.401030	0.592190	
0.008213	0.358379	0.633407	
0.124919	0.493139	0.381942	
0.045401	0.625991	0.328608	
0.021835	0.156885	0.821280	
0.024718	0.799274	0.176007	
0.156941	0.363632	0.479426	
0.102836	0.615409	0.281755	
0.005281	0.777691	0.217028	
0.020469	0.596722	0.382809	
0.009857	0.136765	0.853378	
0.861638	0.084697	0.053665	
0.002585	0.059374	0.938040	
0.434235	0.465501	0.100263	
0.100486	0.575835	0.323678	
0.001419	0.026732	0.971850	
0.702157	0.253831	0.044012	
0.039009	0.668245	0.292746	
0.065204	0.695556	0.239239	
0.024413	0.683798	0.291789	
0.006846	0.382820	0.610333	
0.012420	0.794266	0.193314	
0.042744	0.161700	0.795555	
0.143150	0.453975	0.402874	
0.017773	0.415018	0.567209	
0.903448	0.088448	0.008104	
0.729622	0.216908	0.053471	
0.674824	0.253529	0.071647	
0.871066	0.113359	0.015574	
0.008574	0.124372	0.867054	
0.174347	0.212976	0.612677	
0.025466	0.300381	0.674152	
0.165347	0.718074	0.116578	
0.020440	0.769504	0.210056	
0.047819	0.717664	0.234517	
0.304311	0.574264	0.121425	
0.022882	0.343526	0.633592	
0.010913	0.466157	0.522931	
0.004850	0.124707	0.870443	
0.009793	0.738465	0.251742	
0.264780	0.532233	0.202986	
0.329567	0.621863	0.048570	
0.005270	0.262409	0.732321	
0.605918	0.300200	0.093882	
0.019232	0.628362	0.352407	
0.056020	0.728723	0.215256	
0.452372	0.319294	0.228334	
0.001376	0.035573	0.963051	
0.037207	0.676468	0.286326	
0.017755	0.551515	0.430730	
0.028388	0.612794	0.358818	
0.049773	0.713439	0.236787	
0.006837	0.359041	0.634122	
0.016748	0.701425	0.281826	
0.387117	0.410549	0.202333	
0.042314	0.534371	0.423315	
0.153277	0.658911	0.187812	
0.057502	0.664395	0.278102	
0.063683	0.693851	0.242466	
0.331847	0.587051	0.081102	
0.382351	0.414853	0.202796	
0.006992	0.541893	0.451115	
0.083954	0.714708	0.201338	
0.147785	0.226142	0.626074	
0.712840	0.228550	0.058610	
0.004956	0.056882	0.938162	
0.014045	0.766629	0.219326	
0.003756	0.208153	0.788091	
0.142308	0.706250	0.151442	
0.032009	0.760569	0.207422	
0.554539	0.345446	0.100015	
0.166069	0.545194	0.288737	
0.004404	0.322046	0.673550	
0.022215	0.131935	0.845850	
0.010234	0.264200	0.725567	
0.008896	0.104865	0.886239	
0.344545	0.371731	0.283723	
0.006690	0.416774	0.576537	
0.345652	0.548605	0.105743	
0.006610	0.332903	0.660487	
0.056734	0.600300	0.342966	
0.824351	0.150955	0.024694	
0.008242	0.695197	0.296562	
0.009376	0.262863	0.727761	
0.012776	0.428819	0.558405	
0.030938	0.619739	0.349324	
0.630701	0.307299	0.062000	
0.009193	0.300667	0.690139	
0.238662	0.647372	0.113966	
0.272070	0.430618	0.297313	
0.022492	0.407122	0.570386	
0.119549	0.607541	0.272911	
0.560348	0.355726	0.083926	
0.012381	0.253144	0.734475	
0.759075	0.193717	0.047208	
0.040041	0.520513	0.439446	
0.046060	0.302684	0.651256	
0.519366	0.410198	0.070436	
0.010563	0.343836	0.645601	
0.916360	0.076505	0.007135	
0.007535	0.347142	0.645323	
0.587852	0.337411	0.074736	
0.009131	0.167614	0.823255	
0.664238	0.289407	0.046355	
0.673237	0.225490	0.101274	
0.229397	0.382176	0.388426	
0.005830	0.065630	0.928540	
0.008083	0.616095	0.375823	
0.016100	0.809026	0.174874	
0.007497	0.532354	0.460149	
0.450025	0.397410	0.152565	
0.000032	0.002026	0.997942	
0.016310	0.759015	0.224675	
0.013627	0.110150	0.876223	
0.000447	0.010761	0.988792	
0.649919	0.306022	0.044058	
0.350531	0.359436	0.290033	
0.020368	0.420756	0.558876	
0.620517	0.316491	0.062992	
0.006835	0.076098	0.917067	
0.014112	0.693779	0.292109	
0.035117	0.517631	0.447252	
0.191284	0.691642	0.117074	
0.917992	0.074578	0.007431	
0.008644	0.459676	0.531679	
0.345813	0.419843	0.234344	
0.004329	0.053260	0.942410	
0.324986	0.440780	0.234234	
0.220439	0.626424	0.153137	
0.025256	0.083066	0.891679	
0.038207	0.135570	0.826223	
0.001198	0.026779	0.972024	
0.328479	0.323470	0.348051	
0.025443	0.126288	0.848269	
0.612454	0.318513	0.069032	
0.003467	0.183675	0.812858	
0.059656	0.505251	0.435093	
0.005908	0.204451	0.789641	
0.068612	0.682130	0.249259	
0.003091	0.019899	0.977010	
0.817722	0.165234	0.017043	
0.709175	0.246454	0.044371	
0.019673	0.145846	0.834481	
0.467694	0.408330	0.123976	
0.000921	0.022620	0.976459	
0.274095	0.521179	0.204727	
0.009017	0.102229	0.888753	
0.430809	0.269755	0.299436	
0.322260	0.302866	0.374874	
0.096167	0.758560	0.145272	
0.023478	0.751139	0.225383	
0.172232	0.400285	0.427483	
0.402566	0.353621	0.243813	
0.917446	0.074493	0.008060	
0.006591	0.058916	0.934493	
0.365564	0.436036	0.198401	
0.020475	0.478638	0.500888	
0.427926	0.435485	0.136589	
0.175895	0.676024	0.148080	
0.048142	0.321192	0.630666	
0.790134	0.184060	0.025806	
0.023390	0.128036	0.848573	
0.164396	0.648397	0.187207	
0.177743	0.620708	0.201549	
0.214153	0.569733	0.216114	
0.125330	0.665858	0.208812	
0.000137	0.004781	0.995081	
0.366224	0.509578	0.124198	
0.049716	0.675848	0.274436	
0.010212	0.379667	0.610121	
0.520299	0.352486	0.127215	
0.241884	0.602102	0.156014	
0.171145	0.505444	0.323411	
0.172209	0.572604	0.255186	
0.042484	0.526218	0.431297	
0.056909	0.526375	0.416717	
0.032846	0.719082	0.248072	
0.358860	0.334912	0.306229	
0.020003	0.668019	0.311978	
0.002052	0.081125	0.916823	
0.044876	0.573410	0.381714	
0.180528	0.614245	0.205227	
0.032139	0.650670	0.317192	
0.442818	0.491654	0.065527	
0.016540	0.599774	0.383686	
0.014719	0.108949	0.876332	
0.010067	0.290799	0.699134	
0.230021	0.559768	0.210211	
0.007163	0.133533	0.859305	
0.016785	0.721130	0.262085	
0.012913	0.135675	0.851412	
0.027025	0.611408	0.361567	
0.872302	0.117646	0.010052	
0.014608	0.705927	0.279466	
0.058823	0.764608	0.176570	
0.047667	0.683401	0.268932	
0.324303	0.433893	0.241804	
0.502783	0.305093	0.192124	
0.365143	0.498587	0.136269	
0.681746	0.273544	0.044711	
0.191223	0.397794	0.410984	
0.033374	0.594809	0.371817	
0.005051	0.177942	0.817007	
0.014652	0.260422	0.724925	
0.005512	0.068271	0.926216	
0.019232	0.628362	0.352407	
0.450610	0.405406	0.143984	
0.059546	0.450164	0.490291	
0.444648	0.435581	0.119771	
0.127428	0.694031	0.178541	
0.861597	0.119190	0.019213	
0.050275	0.627146	0.322580	
0.005303	0.039520	0.955176	
0.130095	0.549791	0.320113	
0.004087	0.035417	0.960496	
0.008838	0.162452	0.828710	
0.580319	0.365084	0.054597	
0.008954	0.490878	0.500168	
0.161603	0.641091	0.197305	
0.038097	0.246440	0.715463	
0.360427	0.210476	0.429097	
0.418011	0.482865	0.099124	
0.016620	0.383275	0.600104	
0.659573	0.253849	0.086578	
0.386524	0.486468	0.127008	
0.005014	0.194100	0.800886	
0.788062	0.186323	0.025615	
0.007906	0.110252	0.881841	
0.701306	0.260641	0.038053	
0.001969	0.023010	0.975022	
0.357919	0.465138	0.176944	
0.145280	0.760576	0.094144	
0.150618	0.409471	0.439910	
0.683178	0.279145	0.037677	
0.054780	0.751310	0.193910	
0.250258	0.377997	0.371745	
0.672957	0.284030	0.043013	
0.534892	0.381930	0.083179	
0.316888	0.567347	0.115764	
0.387840	0.531521	0.080640	
0.160057	0.566176	0.273767	
0.116093	0.669438	0.214468	
0.577808	0.365435	0.056756	
0.935930	0.060420	0.003650	
0.688417	0.270261	0.041322	
0.870698	0.121139	0.008163	
0.916682	0.078246	0.005071	
0.761908	0.209059	0.029033	
0.346057	0.510460	0.143483	
0.203922	0.504684	0.291394	
0.726548	0.245580	0.027872	
0.003073	0.063801	0.933126	
0.015598	0.663688	0.320713	
0.727937	0.241623	0.030440	
0.135330	0.708483	0.156188	
0.592240	0.322705	0.085055	
0.544147	0.398032	0.057821	
0.715498	0.252754	0.031748	
0.057977	0.769958	0.172065	
0.823701	0.163226	0.013073	
0.579703	0.365611	0.054686	
0.060321	0.780311	0.159369	
0.610606	0.303581	0.085813	
0.027386	0.666058	0.306556	
0.319159	0.421779	0.259062	
0.528790	0.397521	0.073689	
0.559335	0.341269	0.099396	
0.719203	0.240151	0.040646	
0.526156	0.374711	0.099133	
0.546674	0.389665	0.063661	
0.776530	0.199848	0.023622	
0.003961	0.036471	0.959568	
0.542782	0.258335	0.198882	
0.053291	0.248307	0.698402	
0.319524	0.519053	0.161422	
0.374342	0.450249	0.175409	
0.244544	0.612905	0.142551	
0.007458	0.051981	0.940561	
0.012880	0.822814	0.164306	
0.008370	0.111791	0.879840	
0.374848	0.387905	0.237247	
0.033338	0.738117	0.228546	
0.572773	0.340328	0.086899	
0.092640	0.598064	0.309296	
0.693201	0.262593	0.044206	
0.439473	0.473006	0.087521	
0.020580	0.653359	0.326061	
0.623861	0.305055	0.071084	
0.158263	0.682293	0.159444	
0.860927	0.114760	0.024313	
0.243138	0.637128	0.119734	
0.497849	0.415772	0.086380	
0.726330	0.223385	0.050285	
0.541293	0.411175	0.047532	
0.096410	0.770978	0.132613	
0.023162	0.710490	0.266348	
0.246046	0.580024	0.173930	
0.670505	0.250517	0.078978	
0.409757	0.451832	0.138411	
0.095338	0.741764	0.162898	
0.495945	0.377014	0.127041	
0.387935	0.491240	0.120826	
0.055072	0.588117	0.356811	
0.156888	0.728609	0.114503	
0.218796	0.655221	0.125982	
0.786842	0.196430	0.016728	
0.256365	0.681293	0.062342	
0.220830	0.668065	0.111105	
0.596650	0.324107	0.079243	
0.777680	0.204403	0.017917	
0.874586	0.118214	0.007200	
0.941205	0.056787	0.002008	
0.478602	0.484772	0.036626	
0.875742	0.119277	0.004981	
0.904483	0.092118	0.003398	
0.820129	0.171054	0.008817	
0.844496	0.145057	0.010447	
0.036152	0.068121	0.895728	
0.897120	0.099352	0.003528	
0.403483	0.431310	0.165207	
0.443384	0.483740	0.072877	
0.001119	0.015359	0.983522	
0.221706	0.671104	0.107191	
0.609978	0.330333	0.059689	
0.939249	0.057542	0.003209	
0.482928	0.464971	0.052101	
0.413618	0.458179	0.128203	
0.078133	0.777508	0.144359	
0.047089	0.887891	0.065020	
0.022952	0.845639	0.131410	
0.035608	0.754906	0.209485	
0.040270	0.597023	0.362708	
0.262364	0.676795	0.060840	
0.458196	0.419956	0.121848	
0.160048	0.687539	0.152414	
0.355855	0.422407	0.221738	
0.075784	0.603682	0.320535	
0.103539	0.766057	0.130404	
0.205244	0.702692	0.092064	
0.700555	0.252902	0.046542	
0.087535	0.825353	0.087112	
0.050495	0.709437	0.240067	
0.157410	0.728022	0.114568	
0.033059	0.766493	0.200448	
0.423512	0.517379	0.059109	
0.489572	0.417599	0.092829	
0.014403	0.344769	0.640828	
0.041888	0.121490	0.836622	
0.666721	0.286744	0.046535	
0.843741	0.142608	0.013651	
0.455448	0.504453	0.040099	
0.210067	0.666087	0.123846	
0.221437	0.698002	0.080561	
0.791545	0.194892	0.013563	
0.348790	0.530669	0.120541	
0.405944	0.543077	0.050979	
0.863287	0.131538	0.005176	
0.025556	0.781922	0.192522	
0.053957	0.878929	0.067114	
0.103786	0.805647	0.090566	
0.590507	0.334549	0.074944	
0.388782	0.481972	0.129246	
0.481182	0.489346	0.029472	
0.242477	0.658214	0.099309	
0.252652	0.694249	0.053098	
0.506492	0.435734	0.057774	
0.459683	0.446970	0.093348	
0.506984	0.441961	0.051055	
0.676922	0.277278	0.045800	
0.209467	0.668636	0.121896	
0.460345	0.446100	0.093555	
0.158194	0.740927	0.100879	
0.200207	0.683116	0.116677	
0.166148	0.714861	0.118991	
0.360892	0.518252	0.120856	
0.031501	0.637564	0.330935	
0.076986	0.633767	0.289247	
0.144710	0.758662	0.096627	
0.131955	0.416140	0.451905	
0.785301	0.204124	0.010575	
0.050307	0.704340	0.245352	
0.120678	0.789738	0.089584	
0.482705	0.453882	0.063413	
0.145281	0.790398	0.064321	
0.660594	0.257142	0.082263	
0.432185	0.446545	0.121270	
0.221457	0.301570	0.476973	
0.873055	0.118739	0.008206	
0.475950	0.425359	0.098691	
0.401713	0.301736	0.296551	
0.004602	0.797889	0.197508	
0.011455	0.682045	0.306500	
0.327715	0.567679	0.104606	
0.001658	0.022229	0.976113	
0.534699	0.408415	0.056886	
0.217746	0.515527	0.266726	
0.072167	0.805139	0.122694	
0.292070	0.544089	0.163841	
0.002526	0.025487	0.971987	
0.006643	0.175414	0.817942	
0.119057	0.519024	0.361918	
0.019133	0.641883	0.338984	
0.013217	0.732604	0.254178	
0.389019	0.506190	0.104792	
0.018567	0.587939	0.393494	
0.006953	0.674850	0.318197	
0.505801	0.380939	0.113260	
0.076503	0.743336	0.180161	
0.120304	0.614884	0.264812	
0.027482	0.630103	0.342415	
0.035631	0.713984	0.250385	
0.159021	0.679937	0.161041	
0.205831	0.584895	0.209274	
0.041317	0.813685	0.144999	
0.014077	0.287546	0.698377	
0.006643	0.720119	0.273238	
0.008330	0.749716	0.241954	
0.003955	0.390385	0.605659	
0.000945	0.023276	0.975779	
0.009042	0.726061	0.264897	
0.003421	0.187368	0.809212	
0.108483	0.173235	0.718282	
0.008764	0.277990	0.713246	
0.054164	0.416341	0.529496	
0.035308	0.504058	0.460634	
0.008209	0.386129	0.605662	
0.430092	0.450631	0.119277	
0.625969	0.285603	0.088428	
0.002937	0.074158	0.922905	
0.104458	0.746197	0.149344	
0.155256	0.702418	0.142326	
0.010196	0.698131	0.291673	
0.003482	0.433449	0.563069	
0.005930	0.831618	0.162452	
0.003686	0.143270	0.853045	
0.035700	0.530789	0.433511	
0.003934	0.607826	0.388239	
0.024163	0.530061	0.445776	
0.137158	0.714643	0.148199	
0.721954	0.233815	0.044231	
0.010098	0.313654	0.676249	
0.253487	0.355873	0.390640	
0.124686	0.465751	0.409563	
0.006839	0.462713	0.530448	
0.229905	0.548889	0.221206	
0.031461	0.793790	0.174749	
0.450735	0.476241	0.073024	
0.140891	0.651768	0.207341	
0.017582	0.600815	0.381604	
0.012134	0.733727	0.254138	
0.647206	0.308113	0.044681	
0.457951	0.436238	0.105811	
0.126177	0.290030	0.583793	
0.625850	0.277687	0.096462	
0.029190	0.374098	0.596712	
0.062338	0.683297	0.254365	
0.025358	0.260298	0.714344	
0.699892	0.249503	0.050605	
0.392405	0.348817	0.258779	
0.022500	0.708374	0.269126	
0.011708	0.634466	0.353826	
0.004996	0.306272	0.688732	
0.511295	0.376417	0.112287	
0.140945	0.698306	0.160749	
0.013158	0.783170	0.203672	
0.008209	0.500676	0.491114	
0.374548	0.423802	0.201650	
0.512207	0.395207	0.092586	
0.177963	0.671485	0.150552	
0.591148	0.327502	0.081350	
0.019208	0.089728	0.891064	
0.000033	0.003799	0.996169	
0.935289	0.060061	0.004651	
0.491655	0.349544	0.158801	
0.060826	0.676265	0.262909	
0.004414	0.147136	0.848450	
0.006364	0.582348	0.411288	
0.176741	0.448045	0.375214	
0.004662	0.206663	0.788675	
0.024559	0.584382	0.391059	
0.006098	0.459298	0.534605	
0.093351	0.708116	0.198532	
0.021041	0.734227	0.244732	
0.144294	0.568467	0.287238	
0.019312	0.634265	0.346423	
0.074543	0.468492	0.456965	
0.007364	0.550160	0.442476	
0.005208	0.216941	0.777851	
0.177048	0.624573	0.198378	
0.476342	0.415084	0.108574	
0.216482	0.667517	0.116001	
0.111854	0.541606	0.346539	
0.024826	0.396272	0.578903	
0.091808	0.638771	0.269421	
0.014952	0.771421	0.213627	
0.067990	0.209104	0.722906	
0.132889	0.685231	0.181880	
0.019250	0.558783	0.421968	
0.611614	0.327962	0.060424	
0.172528	0.526057	0.301414	
0.015911	0.416837	0.567252	
0.216818	0.653777	0.129405	
0.004501	0.133952	0.861546	
0.005708	0.409402	0.584890	
0.007049	0.623755	0.369196	
0.004858	0.181725	0.813416	
0.292751	0.539970	0.167279	
0.416810	0.480277	0.102913	
0.006774	0.474157	0.519069	
0.010382	0.199566	0.790052	
0.033071	0.305331	0.661598	
0.007695	0.442347	0.549958	
0.024098	0.753734	0.222169	
0.043700	0.573056	0.383244	
0.037398	0.663821	0.298781	
0.019368	0.696333	0.284299	
0.014719	0.640819	0.344463	
0.398266	0.460526	0.141208	
0.008143	0.460614	0.531243	
0.811539	0.162089	0.026371	
0.006943	0.627769	0.365288	
0.016205	0.760532	0.223264	
0.006888	0.404573	0.588539	
0.075580	0.577103	0.347317	
0.018166	0.524623	0.457211	
0.022431	0.462105	0.515464	
0.044571	0.793688	0.161741	
0.004586	0.500816	0.494599	
0.018009	0.820905	0.161087	
0.633961	0.301771	0.064268	
0.039446	0.361243	0.599311	
0.009531	0.569124	0.421345	
0.008881	0.189146	0.801973	
0.005623	0.073648	0.920730	
0.485724	0.387787	0.126489	
0.057358	0.659039	0.283604	
0.032477	0.774473	0.193050	
0.013779	0.331293	0.654929	
0.007368	0.598194	0.394438	
0.005240	0.049654	0.945106	
0.234063	0.562900	0.203037	
0.033896	0.294897	0.671206	
0.017562	0.632892	0.349545	
0.007703	0.603903	0.388395	
0.092536	0.682183	0.225281	
0.014383	0.691957	0.293660	
0.611554	0.256919	0.131527	
0.007870	0.144487	0.847643	
0.006995	0.735169	0.257836	
0.006120	0.393823	0.600058	
0.007129	0.776740	0.216131	
0.107369	0.620141	0.272490	
0.019726	0.780638	0.199637	
0.474023	0.416356	0.109621	
0.007624	0.338277	0.654099	
0.139474	0.671902	0.188624	
0.003359	0.604132	0.392508	
0.298811	0.545569	0.155620	
0.159546	0.748806	0.091648	
0.589444	0.318965	0.091592	
0.005925	0.081384	0.912691	
0.007861	0.228934	0.763205	
0.008975	0.406957	0.584068	
0.003867	0.064446	0.931687	
0.338360	0.441542	0.220099	
0.023747	0.704498	0.271755	
0.012816	0.771052	0.216132	
0.597358	0.329999	0.072643	
0.238277	0.445312	0.316411	
0.031448	0.271945	0.696607	
0.017690	0.395415	0.586895	
0.007991	0.555371	0.436637	
0.279989	0.598260	0.121751	
0.446270	0.451972	0.101758	
0.273405	0.585869	0.140726	
0.458118	0.410484	0.131398	
0.037252	0.669230	0.293518	
0.388701	0.456314	0.154985	
0.472700	0.385475	0.141825	
0.617419	0.305302	0.077279	
0.670712	0.289343	0.039944	
0.008243	0.707761	0.283996	
0.104714	0.796389	0.098898	
0.390110	0.482900	0.126989	
0.196100	0.646141	0.157759	
0.451978	0.449171	0.098851	
0.109006	0.736027	0.154967	
0.368132	0.518315	0.113554	
0.028825	0.608028	0.363147	
0.068705	0.194180	0.737115	
0.007910	0.577564	0.414526	
0.462500	0.401698	0.135803	
0.030856	0.459828	0.509316	
0.009845	0.604709	0.385446	
0.357516	0.523657	0.118826	
0.532798	0.355928	0.111275	
0.057969	0.765904	0.176127	
0.106026	0.385572	0.508402	
0.179973	0.605050	0.214977	
0.412153	0.219631	0.368216	
0.018217	0.510560	0.471223	
0.542182	0.342832	0.114985	
0.606088	0.287783	0.106130	
0.083168	0.297292	0.619540	
0.006136	0.109536	0.884328	
0.095525	0.778402	0.126073	
0.327034	0.511293	0.161673	
0.095424	0.807125	0.097451	
0.607104	0.345961	0.046935	
0.229655	0.573309	0.197035	
0.398601	0.453909	0.147491	
0.290882	0.466811	0.242307	
0.183168	0.549316	0.267517	
0.496668	0.372470	0.130862	
0.463654	0.435877	0.100468	
0.131373	0.442749	0.425878	
0.014575	0.862068	0.123357	
0.087786	0.611679	0.300535	
0.012183	0.665518	0.322299	
0.016750	0.714449	0.268800	
0.140362	0.723681	0.135957	
0.710525	0.256754	0.032721	
0.580129	0.239642	0.180230	
0.044638	0.216689	0.738674	
0.043072	0.783740	0.173188	
0.614662	0.304375	0.080963	
0.295519	0.630578	0.073902	
0.017526	0.803038	0.179436	
0.420213	0.420657	0.159131	
0.007844	0.751596	0.240560	
0.593796	0.348961	0.057243	
0.018712	0.777186	0.204102	
0.026346	0.682317	0.291337	
0.534120	0.358086	0.107793	
0.126164	0.736700	0.137136	
0.029924	0.724594	0.245483	
0.157046	0.732044	0.110910	
0.113766	0.747050	0.139184	
0.579652	0.173369	0.246979	
0.333340	0.469324	0.197336	
0.053472	0.772839	0.173689	
0.082885	0.748456	0.168658	
0.008379	0.886184	0.105437	
0.032403	0.777847	0.189750	
0.010203	0.249451	0.740346	
0.022174	0.705224	0.272603	
0.023408	0.814166	0.162426	
0.031450	0.396524	0.572026	
0.004977	0.790666	0.204356	
0.002194	0.022941	0.974865	
0.011782	0.814466	0.173752	
0.868622	0.121856	0.009523	
0.032448	0.742453	0.225099	
0.006690	0.535662	0.457649	
0.045493	0.740856	0.213651	
0.383131	0.538044	0.078825	
0.021410	0.852510	0.126080	
0.101279	0.393873	0.504848	
0.170756	0.653749	0.175495	
0.009014	0.574287	0.416698	
0.680299	0.273491	0.046210	
0.028075	0.795324	0.176600	
0.604196	0.325892	0.069912	
0.761236	0.199451	0.039314	
0.132994	0.656293	0.210713	
0.009805	0.546618	0.443576	
0.092638	0.764210	0.143152	
0.147196	0.707493	0.145312	
0.205576	0.518462	0.275963	
0.013406	0.479240	0.507354	
0.010191	0.166918	0.822891	
0.126777	0.289161	0.584062	
0.075219	0.751883	0.172898	
0.543372	0.331898	0.124729	
0.005407	0.285157	0.709436	
0.798965	0.172204	0.028831	
0.042920	0.783844	0.173235	
0.015607	0.389693	0.594700	
0.046825	0.823360	0.129815	
0.191660	0.534000	0.274340	
0.022280	0.619242	0.358479	
0.162822	0.726844	0.110334	
0.103307	0.193773	0.702921	
0.000886	0.021984	0.977129	
0.299777	0.454475	0.245748	
0.010948	0.460026	0.529026	
0.536736	0.390299	0.072965	
0.042140	0.808546	0.149314	
0.033308	0.680668	0.286024	
0.003745	0.080807	0.915448	
0.127779	0.189604	0.682617	
0.041640	0.706809	0.251551	
0.033002	0.582267	0.384731	
0.872878	0.115605	0.011517	
0.095745	0.127871	0.776384	
0.060964	0.280898	0.658138	
0.032138	0.715601	0.252262	
0.254856	0.549874	0.195270	
0.557526	0.369873	0.072601	
0.340067	0.413287	0.246646	
0.566313	0.338022	0.095665	
0.718318	0.239289	0.042393	
0.187905	0.586122	0.225973	
0.052330	0.738654	0.209016	
0.081013	0.184536	0.734451	
0.048384	0.695069	0.256548	
0.362956	0.396758	0.240286	
0.570249	0.388941	0.040809	
0.011013	0.609646	0.379341	
0.706960	0.256705	0.036335	
0.519862	0.366684	0.113454	
0.055839	0.779421	0.164740	
0.758515	0.222233	0.019252	
0.006055	0.080687	0.913258	
0.046014	0.741426	0.212560	
0.013690	0.283198	0.703112	
0.015445	0.700123	0.284432	
0.036363	0.771787	0.191850	
0.518974	0.384353	0.096673	
0.645444	0.311826	0.042730	
0.038778	0.697117	0.264105	
0.010040	0.730522	0.259438	
0.058073	0.826200	0.115727	
0.074598	0.713773	0.211629	
0.148770	0.301131	0.550100	
0.147286	0.426048	0.426666	
0.094809	0.753400	0.151791	
0.233661	0.325015	0.441324	
0.007919	0.347105	0.644976	
0.003207	0.050317	0.946477	
0.013442	0.065962	0.920596	
0.852405	0.133030	0.014565	
0.009990	0.247351	0.742658	
0.062794	0.683892	0.253314	
0.668576	0.285003	0.046421	
0.010734	0.584489	0.404777	
0.020661	0.362012	0.617328	
0.009683	0.617294	0.373023	
0.028161	0.719032	0.252807	
0.163502	0.315674	0.520824	
0.535890	0.363268	0.100842	
0.045301	0.635442	0.319257	
0.009253	0.561376	0.429371	
0.385619	0.447750	0.166632	
0.005934	0.065659	0.928407	
0.018256	0.427492	0.554252	
0.435979	0.412233	0.151788	
0.105871	0.653681	0.240448	
0.014820	0.150660	0.834520	
0.666537	0.211763	0.121700	
0.014438	0.410457	0.575105	
0.011793	0.630312	0.357895	
0.764109	0.194947	0.040944	
0.065133	0.709697	0.225170	
0.009509	0.625068	0.365422	
0.152262	0.218380	0.629357	
0.407241	0.427322	0.165437	
0.009527	0.478521	0.511953	
0.010861	0.133986	0.855153	
0.261052	0.617193	0.121755	
0.088460	0.564615	0.346925	
0.353340	0.466337	0.180323	
0.010117	0.831533	0.158350	
0.023125	0.273914	0.702961	
0.682400	0.249496	0.068104	
0.001905	0.045241	0.952854	
0.340132	0.381847	0.278022	
0.020532	0.683916	0.295553	
0.655481	0.291879	0.052640	
0.084238	0.616241	0.299521	
0.916757	0.078346	0.004896	
0.088683	0.581414	0.329903	
0.010715	0.647821	0.341465	
0.036345	0.656999	0.306656	
0.405289	0.452898	0.141814	
0.030165	0.571271	0.398564	
0.566908	0.321999	0.111093	
0.052483	0.607463	0.340054	
0.132757	0.658046	0.209197	
0.006084	0.369748	0.624168	
0.562183	0.190489	0.247328	
0.010947	0.830161	0.158892	
0.000336	0.012357	0.987307	
0.844550	0.141285	0.014165	
0.031227	0.691468	0.277305	
0.005480	0.321030	0.673490	
0.004938	0.056191	0.938870	
0.056634	0.368582	0.574784	
0.551156	0.390618	0.058226	
0.528835	0.326584	0.144581	
0.005414	0.542362	0.452224	
0.108813	0.301825	0.589362	
0.007758	0.051434	0.940808	
0.504730	0.389126	0.106144	
0.394190	0.480563	0.125246	
0.007394	0.254420	0.738187	
0.355897	0.391230	0.252873	
0.302331	0.415665	0.282003	
0.062309	0.117597	0.820094	
0.011149	0.082244	0.906607	
0.533507	0.375729	0.090764	
0.291952	0.515872	0.192175	
0.000257	0.009204	0.990540	
0.674119	0.257492	0.068389	
0.449458	0.411227	0.139315	
0.000127	0.009211	0.990661	
0.008115	0.240891	0.750993	
0.488353	0.266325	0.245322	
0.195004	0.562177	0.242818	
0.010271	0.411951	0.577778	
0.595428	0.264457	0.140115	
0.040009	0.229902	0.730088	
0.481241	0.458489	0.060270	
0.010005	0.136739	0.853256	
0.001406	0.029024	0.969570	
0.009278	0.102191	0.888531	
0.299464	0.574655	0.125881	
0.000153	0.015469	0.984378	
0.002626	0.063024	0.934350	
0.732248	0.233116	0.034636	
0.168128	0.695947	0.135926	
0.943168	0.051846	0.004986	
0.001073	0.048638	0.950289	
0.003660	0.188117	0.808223	
0.007336	0.518326	0.474338	
0.355190	0.433393	0.211417	
0.006446	0.397211	0.596343	
0.000853	0.034462	0.964685	
0.056607	0.302765	0.640628	
0.840640	0.143126	0.016233	
0.078955	0.662627	0.258418	
0.020124	0.506538	0.473339	
0.057774	0.686151	0.256075	
0.354087	0.510951	0.134962	
0.915336	0.079660	0.005004	
0.012591	0.140581	0.846828	
0.140603	0.638116	0.221282	
0.526512	0.343312	0.130176	
0.064934	0.603620	0.331446	
0.088606	0.332990	0.578404	
0.533496	0.382778	0.083726	
0.011742	0.179301	0.808957	
0.642468	0.253783	0.103749	
0.006459	0.492276	0.501265	
0.114866	0.663016	0.222117	
0.627636	0.321202	0.051162	
0.342737	0.552181	0.105082	
0.002771	0.027140	0.970090	
0.055592	0.674650	0.269758	
0.628161	0.315192	0.056647	
0.007044	0.047426	0.945530	
0.493936	0.454328	0.051735	
0.470108	0.343178	0.186714	
0.013490	0.865993	0.120517	
0.114992	0.769122	0.115886	
0.022756	0.830721	0.146523	
0.298416	0.524322	0.177262	
0.486083	0.425544	0.088373	
0.341060	0.556134	0.102805	
0.197701	0.652975	0.149323	
0.485806	0.450386	0.063808	
0.522015	0.381429	0.096556	
0.160281	0.721259	0.118460	
0.027460	0.428367	0.544173	
0.793261	0.193966	0.012773	
0.703250	0.268144	0.028607	
0.715287	0.262376	0.022337	
0.003977	0.133545	0.862479	
0.101494	0.700826	0.197680	
0.499635	0.372272	0.128092	
0.642424	0.318533	0.039043	
0.033369	0.786307	0.180324	
0.601282	0.311196	0.087522	
0.695863	0.272226	0.031911	
0.606563	0.370984	0.022453	
0.108789	0.509470	0.381741	
0.046573	0.857280	0.096147	
0.032995	0.563882	0.403123	
0.356384	0.460980	0.182636	
0.721114	0.248658	0.030228	
0.338961	0.335788	0.325251	
0.528504	0.417204	0.054292	
0.004071	0.191897	0.804032	
0.536139	0.392668	0.071193	
0.783406	0.195484	0.021110	
0.673299	0.302143	0.024559	
0.502285	0.331526	0.166188	
0.012663	0.629236	0.358101	
0.007502	0.817074	0.175424	
0.005685	0.577808	0.416507	
0.331831	0.568011	0.100158	
0.058743	0.818544	0.122713	
0.229697	0.540847	0.229456	
0.006712	0.749731	0.243558	
0.213605	0.648809	0.137585	
0.467576	0.330718	0.201706	
0.048659	0.641063	0.310278	
0.297098	0.369508	0.333395	
0.158252	0.717678	0.124070	
0.007662	0.291182	0.701157	
0.061297	0.870144	0.068560	
0.015866	0.789374	0.194760	
0.216509	0.609450	0.174041	
0.365002	0.473442	0.161556	
0.033774	0.881608	0.084618	
0.000481	0.017175	0.982344	
0.025590	0.745023	0.229386	
0.003039	0.084961	0.912000	
0.027463	0.869269	0.103268	
0.837150	0.144725	0.018126	
0.014954	0.259323	0.725723	
0.041217	0.669657	0.289126	
0.134963	0.728372	0.136666	
0.344534	0.490121	0.165345	
0.530361	0.399409	0.070231	
0.056492	0.545642	0.397865	
0.374690	0.528084	0.097226	
0.132564	0.712946	0.154490	
0.041613	0.753744	0.204642	
0.527927	0.423229	0.048845	
0.425075	0.265562	0.309363	
0.049741	0.755370	0.194889	
0.675284	0.287892	0.036824	
0.409833	0.520893	0.069273	
0.029224	0.178705	0.792071	
0.356535	0.267885	0.375580	
0.001473	0.035791	0.962736	
0.374862	0.566267	0.058871	
0.036967	0.861839	0.101194	
0.450471	0.454590	0.094940	
0.014293	0.145430	0.840277	
0.017358	0.895916	0.086726	
0.519797	0.425951	0.054253	
0.833148	0.150534	0.016318	
0.039750	0.645737	0.314513	
0.553629	0.388645	0.057726	
0.006281	0.592560	0.401159	
0.408953	0.437718	0.153329	
0.303084	0.575757	0.121160	
0.015984	0.864509	0.119507	
0.452618	0.411230	0.136152	
0.007527	0.262428	0.730045	
0.445777	0.431112	0.123111	
0.767986	0.196616	0.035398	
0.001163	0.025044	0.973793	
0.017134	0.766167	0.216699	
0.029845	0.676567	0.293588	
0.755470	0.215926	0.028604	
0.011128	0.558488	0.430384	
0.072622	0.727398	0.199980	
0.085360	0.407390	0.507251	
0.223632	0.525133	0.251235	
0.604686	0.295801	0.099513	
0.118770	0.246254	0.634976	
0.031941	0.765325	0.202734	
0.069229	0.672124	0.258647	
0.081192	0.604147	0.314662	
0.360966	0.516200	0.122834	
0.462886	0.422796	0.114318	
0.496332	0.351550	0.152117	
0.011641	0.456816	0.531543	
0.497815	0.395374	0.106811	
0.037972	0.553338	0.408690	
0.132914	0.705799	0.161287	
0.450118	0.419368	0.130514	
0.487949	0.437314	0.074737	
0.517582	0.380093	0.102325	
0.641735	0.237473	0.120792	
0.004786	0.068683	0.926531	
0.047440	0.541476	0.411084	
0.007261	0.564376	0.428363	
0.009873	0.093921	0.896205	
0.028067	0.649663	0.322270	
0.360304	0.426808	0.212888	
0.005581	0.300757	0.693662	
0.198765	0.621510	0.179725	
0.007222	0.293258	0.699520	
0.013774	0.530787	0.455439	
0.326331	0.373045	0.300624	
0.002997	0.012323	0.984679	
0.780150	0.206232	0.013618	
0.140209	0.324085	0.535706	
0.011814	0.547235	0.440951	
0.720097	0.237625	0.042278	
0.759622	0.210459	0.029919	
0.006499	0.466117	0.527385	
0.057110	0.285207	0.657683	
0.006101	0.615953	0.377945	
0.019180	0.343053	0.637767	
0.003769	0.078653	0.917578	
0.367002	0.515057	0.117941	
0.413267	0.391561	0.195173	
0.003901	0.603340	0.392759	
0.150084	0.635798	0.214118	
0.008016	0.391042	0.600941	
0.130713	0.742347	0.126940	
0.000406	0.008292	0.991302	
0.000747	0.020830	0.978423	
0.343476	0.561654	0.094869	
0.004913	0.112352	0.882735	
0.698686	0.260151	0.041163	
0.009437	0.509629	0.480933	
0.014504	0.745396	0.240100	
0.000593	0.011949	0.987458	
0.011025	0.418960	0.570015	
0.553000	0.327124	0.119876	
0.013584	0.299395	0.687021	
0.022067	0.573110	0.404823	
0.001454	0.021826	0.976720	
0.024107	0.768977	0.206916	
0.014697	0.793113	0.192190	
0.086463	0.775178	0.138359	
0.054020	0.664048	0.281932	
0.008981	0.285603	0.705416	
0.745566	0.224920	0.029514	
0.005617	0.366141	0.628242	
0.018352	0.816279	0.165369	
0.017366	0.853413	0.129221	
0.464288	0.443264	0.092449	
0.691284	0.278192	0.030525	
0.037715	0.722723	0.239562	
0.014035	0.678302	0.307663	
0.010419	0.189346	0.800235	
0.229303	0.616218	0.154478	
0.003813	0.118004	0.878183	
0.927519	0.063351	0.009130	
0.008046	0.426788	0.565166	
0.005525	0.685433	0.309042	
0.249779	0.474270	0.275951	
0.000157	0.011652	0.988191	
0.006703	0.522454	0.470843	
0.559779	0.189788	0.250432	
0.415737	0.263330	0.320933	
0.072145	0.835982	0.091872	
0.033938	0.608066	0.357996	
0.363513	0.457910	0.178577	
0.018367	0.257827	0.723806	
0.002351	0.078890	0.918759	
0.133973	0.394750	0.471276	
0.117476	0.691983	0.190541	
0.031004	0.431466	0.537530	
0.586934	0.310521	0.102545	
0.036060	0.637283	0.326657	
0.007270	0.765132	0.227598	
0.004071	0.069116	0.926813	
0.022407	0.790226	0.187367	
0.636683	0.331247	0.032070	
0.019195	0.879906	0.100899	
0.152010	0.758703	0.089287	
0.027089	0.595620	0.377291	
0.005344	0.287176	0.707480	
0.008708	0.190182	0.801110	
0.042020	0.765893	0.192087	
0.693204	0.270411	0.036385	
0.418986	0.435694	0.145320	
0.235019	0.397208	0.367773	
0.000390	0.015638	0.983972	
0.725609	0.240932	0.033459	
0.010571	0.411150	0.578279	
0.457548	0.345662	0.196791	
0.004885	0.850589	0.144526	
0.112638	0.643053	0.244309	
0.203269	0.540605	0.256126	
0.008617	0.678763	0.312620	
0.544601	0.392999	0.062400	
0.206395	0.745775	0.047830	
0.009151	0.362728	0.628121	
0.811837	0.171095	0.017068	
0.358559	0.518183	0.123258	
0.012148	0.099700	0.888152	
0.406210	0.480599	0.113191	
0.715703	0.257882	0.026415	
0.850667	0.143221	0.006112	
0.491515	0.337716	0.170769	
0.013295	0.738362	0.248343	
0.053841	0.768437	0.177722	
0.000375	0.007254	0.992371	
0.007168	0.523031	0.469801	
0.537840	0.354517	0.107643	
0.112381	0.701314	0.186305	
0.021728	0.184711	0.793561	
0.008296	0.319861	0.671844	
0.095686	0.484120	0.420194	
0.620076	0.330081	0.049843	
0.020038	0.477622	0.502340	
0.031958	0.326061	0.641980	
0.013690	0.780950	0.205361	
0.359590	0.506228	0.134182	
0.016680	0.785641	0.197679	
0.619559	0.330178	0.050263	
0.800764	0.179435	0.019801	
0.025633	0.592213	0.382154	
0.005292	0.399462	0.595246	
0.689419	0.262570	0.048011	
0.761337	0.204437	0.034226	
0.012610	0.835891	0.151499	
0.362262	0.573269	0.064469	
0.104232	0.756063	0.139705	
0.010328	0.033834	0.955837	
0.049344	0.439784	0.510872	
0.124234	0.343225	0.532542	
0.037170	0.220383	0.742446	
0.014215	0.740507	0.245278	
0.006440	0.734970	0.258591	
0.008954	0.770926	0.220119	
0.012739	0.699900	0.287361	
0.007709	0.836240	0.156051	
0.561493	0.361203	0.077304	
0.216573	0.444856	0.338571	
0.014812	0.443588	0.541600	
0.178579	0.667425	0.153996	
0.036337	0.457529	0.506134	
0.523050	0.302246	0.174704	
0.007799	0.647370	0.344832	
0.523318	0.374627	0.102055	
0.699514	0.249030	0.051456	
0.347591	0.530744	0.121665	
0.000360	0.007254	0.992386	
0.011209	0.760285	0.228506	
0.274961	0.645209	0.079831	
0.100340	0.082158	0.817502	
0.015898	0.140174	0.843928	
0.406394	0.299682	0.293924	
0.000049	0.003954	0.995997	
0.000633	0.016349	0.983018	
0.000729	0.016631	0.982640	
0.028183	0.344476	0.627341	
0.018120	0.121005	0.860875	
0.010535	0.358995	0.630470	
0.000149	0.006361	0.993490	
0.001429	0.013562	0.985010	
0.010421	0.478166	0.511413	
0.006276	0.460466	0.533258	
0.720585	0.235493	0.043922	
0.000220	0.008143	0.991637	
0.016402	0.320029	0.663569	
0.000259	0.009912	0.989829	
0.114015	0.435284	0.450701	
0.041595	0.440918	0.517488	
0.012825	0.166719	0.820457	
0.609768	0.311564	0.078668	
0.025630	0.259786	0.714583	
0.000068	0.003346	0.996586	
0.225135	0.428876	0.345989	
0.775124	0.190513	0.034363	
0.012219	0.528721	0.459060	
0.130769	0.341413	0.527817	
0.014690	0.131710	0.853600	
0.009879	0.442081	0.548040	
0.067290	0.341553	0.591157	
0.641688	0.286663	0.071649	
0.007056	0.184094	0.808850	
0.058100	0.147709	0.794191	
0.224174	0.299531	0.476295	
0.023669	0.634176	0.342154	
0.018830	0.175134	0.806036	
0.013808	0.474024	0.512169	
0.051040	0.517208	0.431752	
0.011868	0.362947	0.625185	
0.009319	0.089290	0.901391	
0.023216	0.536658	0.440127	
0.059732	0.561020	0.379249	
0.002256	0.060799	0.936945	
0.006042	0.409496	0.584462	
0.031636	0.273857	0.694507	
0.056386	0.441179	0.502436	
0.043310	0.242633	0.714058	
0.488999	0.349548	0.161453	
0.052126	0.661782	0.286092	
0.580460	0.309926	0.109615	
0.000072	0.006197	0.993730	
0.005087	0.146717	0.848196	
0.426339	0.475754	0.097908	
0.586067	0.286217	0.127715	
0.025108	0.114633	0.860259	
0.031767	0.294647	0.673586	
0.519430	0.393474	0.087096	
0.395603	0.487213	0.117184	
0.439236	0.318007	0.242757	
0.005857	0.139461	0.854682	
0.674160	0.278222	0.047618	
0.010134	0.368190	0.621676	
0.050082	0.292676	0.657243	
0.011022	0.152415	0.836563	
0.007963	0.570491	0.421546	
0.046223	0.426132	0.527645	
0.832359	0.153753	0.013888	
0.202171	0.398527	0.399301	
0.242018	0.572677	0.185305	
0.501693	0.379931	0.118375	
0.135434	0.343251	0.521314	
0.242626	0.308193	0.449181	
0.540616	0.398722	0.060662	
0.714271	0.248410	0.037319	
0.654360	0.258286	0.087354	
0.039676	0.501179	0.459145	
0.007911	0.289292	0.702797	
0.006269	0.636583	0.357149	
0.515866	0.371658	0.112477	
0.037181	0.446908	0.515912	
0.069814	0.567983	0.362203	
0.026366	0.640895	0.332739	
0.728729	0.223600	0.047671	
0.001472	0.098958	0.899570	
0.000453	0.015183	0.984364	
0.061089	0.438733	0.500177	
0.001502	0.033412	0.965087	
0.008091	0.505574	0.486336	
0.001306	0.054392	0.944302	
0.002800	0.061510	0.935689	
0.565690	0.304643	0.129667	
0.004899	0.121440	0.873660	
0.019399	0.178264	0.802337	
0.717525	0.241758	0.040717	
0.004212	0.071239	0.924549	
0.010281	0.255646	0.734073	
0.032910	0.284075	0.683015	
0.364065	0.343833	0.292102	
0.029150	0.176778	0.794072	
0.008127	0.339135	0.652738	
0.006837	0.464804	0.528359	
0.032981	0.238553	0.728466	
0.606854	0.322260	0.070885	
0.678053	0.273112	0.048835	
0.008943	0.588122	0.402934	
0.006278	0.123189	0.870533	
0.006296	0.587174	0.406530	
0.004396	0.395988	0.599616	
0.106549	0.334018	0.559433	
0.000954	0.051542	0.947505	
0.033161	0.705208	0.261631	
0.007248	0.491024	0.501728	
0.120568	0.448496	0.430935	
0.171297	0.352715	0.475987	
0.626042	0.266263	0.107695	
0.023134	0.171686	0.805179	
0.030479	0.697116	0.272405	
0.001890	0.081209	0.916902	
0.008451	0.535003	0.456546	
0.021356	0.175943	0.802702	
0.000961	0.064972	0.934067	
0.600757	0.298032	0.101211	
0.005334	0.312021	0.682645	
0.186237	0.203223	0.610539	
0.002707	0.079212	0.918081	
0.147109	0.341108	0.511783	
0.008075	0.063520	0.928405	
0.010761	0.056380	0.932859	
0.006233	0.301711	0.692056	
0.000122	0.005079	0.994800	
0.519670	0.378234	0.102097	
0.001288	0.054802	0.943910	
0.005658	0.131340	0.863002	
0.015115	0.126501	0.858384	
0.012530	0.590369	0.397101	
0.002309	0.017920	0.979772	
0.006060	0.346990	0.646950	
0.550152	0.337715	0.112133	
0.191815	0.539252	0.268933	
0.002150	0.081381	0.916468	
0.014654	0.418162	0.567184	
0.021199	0.314463	0.664338	
0.380096	0.329302	0.290601	
0.005478	0.195214	0.799308	
0.573365	0.321627	0.105009	
0.005388	0.379820	0.614792	
0.003417	0.071704	0.924880	
0.290489	0.396536	0.312975	
0.005435	0.320689	0.673876	
0.114933	0.261392	0.623674	
0.001507	0.028457	0.970036	
0.003687	0.019155	0.977159	
0.229026	0.473923	0.297050	
