0.178840	0.199244	0.621916	
0.685527	0.241912	0.072561	
0.015258	0.789513	0.195229	
0.463571	0.384829	0.151600	
0.448336	0.406027	0.145637	
0.846418	0.131262	0.022320	
0.019568	0.320217	0.660215	
0.857141	0.127510	0.015349	
0.019871	0.281540	0.698589	
0.832500	0.140809	0.026691	
0.398847	0.448834	0.152318	
0.215645	0.641983	0.142372	
0.033158	0.742979	0.223863	
0.271564	0.488879	0.239557	
0.006954	0.696984	0.296062	
0.554612	0.362054	0.083334	
0.814733	0.160795	0.024473	
0.039736	0.703996	0.256267	
0.065840	0.349353	0.584808	
0.925208	0.067485	0.007307	
0.013898	0.026511	0.959591	
0.011202	0.479269	0.509529	
0.004491	0.050283	0.945226	
0.041376	0.628885	0.329739	
0.507750	0.351697	0.140553	
0.844560	0.135354	0.020086	
0.256370	0.531200	0.212430	
0.139689	0.264461	0.595850	
0.395057	0.457770	0.147173	
0.376001	0.492075	0.131925	
0.034137	0.756765	0.209098	
0.962156	0.035936	0.001908	
0.736439	0.213613	0.049948	
0.064026	0.373030	0.562944	
0.001801	0.019530	0.978669	
0.003694	0.364345	0.631961	
0.719806	0.247726	0.032468	
0.555006	0.381173	0.063821	
0.001351	0.022954	0.975695	
0.003723	0.038381	0.957896	
0.819623	0.162385	0.017992	
0.538646	0.341058	0.120296	
0.832467	0.150121	0.017412	
0.020922	0.462706	0.516373	
0.019149	0.133909	0.846941	
0.003032	0.731180	0.265788	
0.018887	0.541845	0.439268	
0.515143	0.401075	0.083782	
0.609691	0.288916	0.101393	
0.811309	0.155056	0.033635	
0.030395	0.679249	0.290356	
0.009634	0.099315	0.891051	
0.228629	0.438978	0.332394	
0.163939	0.245109	0.590951	
0.007404	0.255345	0.737252	
0.661891	0.283722	0.054388	
0.901957	0.086796	0.011247	
0.875654	0.110761	0.013585	
0.300736	0.468891	0.230373	
0.090839	0.233778	0.675383	
0.014524	0.383194	0.602282	
0.890747	0.096217	0.013035	
0.592499	0.307177	0.100324	
0.009591	0.518863	0.471546	
0.333141	0.506243	0.160617	
0.718289	0.210197	0.071515	
0.014317	0.065302	0.920381	
0.002026	0.021792	0.976182	
0.000789	0.009690	0.989521	
0.485124	0.397139	0.117737	
0.014030	0.685207	0.300763	
0.418680	0.440737	0.140583	
0.375772	0.423692	0.200536	
0.488342	0.453797	0.057860	
0.831617	0.147026	0.021357	
0.011683	0.296570	0.691747	
0.001439	0.014985	0.983575	
0.020748	0.711100	0.268152	
0.020787	0.346218	0.632995	
0.536547	0.345482	0.117972	
0.002544	0.044376	0.953080	
0.485914	0.413083	0.101003	
0.925868	0.066809	0.007324	
0.568703	0.288839	0.142459	
0.006397	0.757563	0.236039	
0.001602	0.452254	0.546144	
0.052177	0.764441	0.183383	
0.147353	0.501968	0.350679	
0.590495	0.292324	0.117181	
0.013076	0.558050	0.428874	
0.448259	0.428940	0.122801	
0.004603	0.031698	0.963698	
0.457457	0.398843	0.143700	
0.006246	0.668763	0.324991	
0.130672	0.217434	0.651894	
0.005072	0.529522	0.465407	
0.002663	0.093599	0.903738	
0.352740	0.430495	0.216765	
0.007771	0.402639	0.589590	
0.174466	0.155461	0.670073	
0.018997	0.043507	0.937496	
0.006976	0.055550	0.937474	
0.029382	0.679429	0.291189	
0.009629	0.055733	0.934638	
0.015859	0.380776	0.603365	
0.008748	0.145150	0.846102	
0.018664	0.502752	0.478584	
0.202995	0.565148	0.231857	
0.066037	0.377331	0.556632	
0.187798	0.278201	0.534001	
0.657705	0.279065	0.063231	
0.019195	0.287470	0.693334	
0.699017	0.230397	0.070585	
0.358052	0.418208	0.223740	
0.005072	0.831211	0.163717	
0.015109	0.734157	0.250734	
0.009015	0.162544	0.828441	
0.002153	0.303959	0.693888	
0.631389	0.283756	0.084854	
0.003959	0.760322	0.235719	
0.017399	0.371436	0.611165	
0.214025	0.626859	0.159115	
0.450222	0.351067	0.198712	
0.601634	0.303131	0.095236	
0.017731	0.483285	0.498984	
0.080409	0.748209	0.171382	
0.062648	0.091779	0.845573	
0.002801	0.109654	0.887546	
0.001178	0.044378	0.954443	
0.466797	0.475223	0.057980	
0.005300	0.861863	0.132837	
0.146071	0.643066	0.210863	
0.005251	0.168331	0.826419	
0.000489	0.023326	0.976185	
0.245196	0.556922	0.197882	
0.003244	0.430223	0.566532	
0.004875	0.316589	0.678536	
0.384582	0.324923	0.290495	
0.267934	0.532708	0.199359	
0.015499	0.824387	0.160114	
0.000920	0.013184	0.985895	
0.005286	0.804267	0.190447	
0.365172	0.412879	0.221949	
0.004244	0.496722	0.499034	
0.013153	0.182184	0.804663	
0.030277	0.680129	0.289594	
0.004353	0.413178	0.582469	
0.019345	0.405839	0.574816	
0.009123	0.467211	0.523665	
0.014839	0.667557	0.317604	
0.004289	0.612020	0.383691	
0.008203	0.834890	0.156906	
0.002347	0.665718	0.331935	
0.200438	0.514861	0.284701	
0.362123	0.545145	0.092733	
0.004562	0.193949	0.801488	
0.002494	0.459649	0.537857	
0.021455	0.415336	0.563209	
0.032855	0.594840	0.372305	
0.011860	0.066805	0.921336	
0.014325	0.791823	0.193852	
0.073231	0.254914	0.671855	
0.174978	0.577839	0.247183	
0.008115	0.643852	0.348033	
0.004431	0.649588	0.345981	
0.030182	0.253145	0.716673	
0.907242	0.073628	0.019129	
0.002236	0.031990	0.965774	
0.347726	0.522437	0.129836	
0.006335	0.426208	0.567457	
0.001453	0.027960	0.970587	
0.611002	0.308078	0.080920	
0.044664	0.692180	0.263156	
0.038580	0.512399	0.449021	
0.048734	0.686670	0.264596	
0.004286	0.470972	0.524742	
0.005159	0.746559	0.248283	
0.029035	0.085686	0.885279	
0.142903	0.365642	0.491455	
0.011562	0.307239	0.681199	
0.844059	0.131869	0.024071	
0.764310	0.182206	0.053485	
0.501434	0.360517	0.138050	
0.834242	0.141741	0.024017	
0.016066	0.147269	0.836665	
0.217562	0.225874	0.556563	
0.004491	0.190515	0.804994	
0.398482	0.478858	0.122660	
0.018203	0.830460	0.151337	
0.113719	0.550861	0.335419	
0.302102	0.576837	0.121061	
0.042231	0.382847	0.574922	
0.014067	0.448183	0.537750	
0.003922	0.081034	0.915043	
0.006686	0.733576	0.259738	
0.343054	0.498666	0.158280	
0.445460	0.499252	0.055288	
0.004777	0.154680	0.840543	
0.694589	0.240045	0.065366	
0.130460	0.418451	0.451089	
0.032981	0.705011	0.262008	
0.385090	0.327781	0.287128	
0.004466	0.052117	0.943418	
0.259611	0.499764	0.240626	
0.061735	0.385986	0.552279	
0.017110	0.736747	0.246142	
0.021401	0.709091	0.269507	
0.002583	0.554315	0.443102	
0.047733	0.726363	0.225904	
0.486884	0.351031	0.162086	
0.026041	0.556660	0.417299	
0.017846	0.779521	0.202633	
0.257270	0.517432	0.225298	
0.016534	0.746091	0.237375	
0.346628	0.535315	0.118056	
0.558916	0.357070	0.084013	
0.007977	0.296353	0.695670	
0.250392	0.531004	0.218605	
0.165230	0.182967	0.651803	
0.681764	0.259598	0.058638	
0.053913	0.080935	0.865152	
0.026592	0.721628	0.251780	
0.003429	0.302900	0.693671	
0.190434	0.616703	0.192863	
0.028229	0.754025	0.217746	
0.572614	0.356418	0.070968	
0.093301	0.698445	0.208254	
0.005452	0.341680	0.652868	
0.017113	0.124916	0.857971	
0.017993	0.223292	0.758715	
0.015494	0.144681	0.839826	
0.319125	0.463184	0.217691	
0.009259	0.376299	0.614443	
0.132274	0.705811	0.161914	
0.008282	0.267009	0.724709	
0.362400	0.353138	0.284462	
0.835917	0.142580	0.021503	
0.007075	0.755230	0.237696	
0.024834	0.288232	0.686934	
0.047447	0.447078	0.505475	
0.010831	0.647488	0.341681	
0.527170	0.374108	0.098722	
0.011052	0.376296	0.612652	
0.113890	0.612084	0.274026	
0.131887	0.522608	0.345506	
0.031887	0.480365	0.487748	
0.291181	0.407939	0.300880	
0.690766	0.265087	0.044147	
0.005708	0.302076	0.692217	
0.659873	0.255367	0.084760	
0.180859	0.474804	0.344337	
0.047122	0.392727	0.560151	
0.406101	0.500375	0.093524	
0.012389	0.498694	0.488918	
0.950627	0.045564	0.003809	
0.012017	0.320749	0.667234	
0.268507	0.620724	0.110769	
0.010043	0.137391	0.852567	
0.608097	0.327964	0.063939	
0.681181	0.257823	0.060995	
0.291107	0.392818	0.316075	
0.003104	0.055478	0.941418	
0.011823	0.633812	0.354365	
0.005622	0.802382	0.191997	
0.010983	0.396654	0.592363	
0.533233	0.353039	0.113728	
0.000480	0.001861	0.997659	
0.030619	0.717014	0.252367	
0.052977	0.117700	0.829323	
0.000123	0.001886	0.997992	
0.647007	0.294410	0.058584	
0.241467	0.357644	0.400889	
0.038862	0.413595	0.547544	
0.552209	0.354414	0.093377	
0.005055	0.072810	0.922135	
0.014928	0.682251	0.302821	
0.099675	0.381052	0.519273	
0.272139	0.566601	0.161260	
0.911834	0.077277	0.010888	
0.016342	0.463993	0.519665	
0.309750	0.351663	0.338587	
0.004379	0.050809	0.944812	
0.165017	0.604126	0.230857	
0.241009	0.554697	0.204294	
0.090279	0.135639	0.774082	
0.160358	0.177588	0.662054	
0.000616	0.011972	0.987412	
0.423966	0.342933	0.233102	
0.027855	0.089531	0.882614	
0.595756	0.337532	0.066712	
0.003985	0.230898	0.765116	
0.124956	0.420311	0.454733	
0.009217	0.271943	0.718840	
0.062155	0.764353	0.173492	
0.005956	0.011440	0.982605	
0.804478	0.162730	0.032792	
0.757398	0.203990	0.038612	
0.021791	0.140347	0.837862	
0.520579	0.399445	0.079976	
0.005671	0.013905	0.980425	
0.334796	0.508305	0.156898	
0.040855	0.105473	0.853672	
0.447556	0.318056	0.234387	
0.189844	0.249440	0.560716	
0.137209	0.675650	0.187141	
0.007927	0.752396	0.239678	
0.329139	0.387109	0.283752	
0.576064	0.312890	0.111046	
0.942453	0.052467	0.005080	
0.013928	0.074465	0.911606	
0.370105	0.368368	0.261526	
0.113963	0.386053	0.499985	
0.377173	0.417891	0.204936	
0.357407	0.416039	0.226554	
0.308446	0.304393	0.387161	
0.846693	0.131571	0.021736	
0.062619	0.141919	0.795462	
0.039183	0.667416	0.293400	
0.051994	0.709657	0.238350	
0.470514	0.410990	0.118496	
0.115656	0.438645	0.445699	
0.000329	0.003670	0.996001	
0.470262	0.400207	0.129531	
0.043380	0.398949	0.557671	
0.031355	0.429258	0.539387	
0.734305	0.205243	0.060451	
0.195888	0.618184	0.185928	
0.119404	0.474668	0.405928	
0.266779	0.544416	0.188805	
0.050078	0.444164	0.505758	
0.247708	0.434847	0.317444	
0.023987	0.570274	0.405739	
0.342961	0.348124	0.308915	
0.054094	0.668509	0.277397	
0.004104	0.072525	0.923371	
0.044540	0.462341	0.493119	
0.296667	0.436905	0.266429	
0.020869	0.573413	0.405718	
0.142475	0.644020	0.213504	
0.008355	0.513095	0.478551	
0.028756	0.110898	0.860346	
0.013904	0.148035	0.838061	
0.349133	0.501363	0.149504	
0.006508	0.125012	0.868480	
0.144531	0.632088	0.223380	
0.021971	0.217326	0.760703	
0.021746	0.721094	0.257160	
0.908548	0.083684	0.007768	
0.009725	0.719154	0.271121	
0.147445	0.636703	0.215852	
0.028998	0.781429	0.189572	
0.513452	0.357590	0.128958	
0.630510	0.268189	0.101301	
0.189637	0.625316	0.185047	
0.771835	0.195003	0.033162	
0.459384	0.346977	0.193639	
0.029065	0.597848	0.373087	
0.006238	0.084981	0.908781	
0.022074	0.300071	0.677855	
0.006059	0.065754	0.928186	
0.130460	0.418451	0.451089	
0.450077	0.335258	0.214665	
0.244288	0.334470	0.421242	
0.477213	0.366590	0.156197	
0.043034	0.714322	0.242645	
0.833083	0.137459	0.029458	
0.082657	0.370000	0.547343	
0.039508	0.120113	0.840379	
0.058327	0.354953	0.586720	
0.003521	0.047214	0.949265	
0.036543	0.164900	0.798557	
0.538393	0.354481	0.107127	
0.032866	0.551487	0.415647	
0.220092	0.577104	0.202805	
0.011337	0.348208	0.640455	
0.526908	0.230633	0.242460	
0.352831	0.449925	0.197244	
0.038147	0.270665	0.691189	
0.770350	0.173763	0.055887	
0.217636	0.612187	0.170177	
0.006170	0.191472	0.802358	
0.744563	0.209857	0.045579	
0.016975	0.082213	0.900812	
0.649819	0.300847	0.049334	
0.006318	0.025845	0.967838	
0.236721	0.445889	0.317389	
0.127207	0.745961	0.126832	
0.150368	0.315060	0.534573	
0.563224	0.336091	0.100685	
0.037676	0.566476	0.395848	
0.123838	0.323196	0.552966	
0.542447	0.314634	0.142919	
0.481794	0.406953	0.111253	
0.495354	0.404575	0.100071	
0.533659	0.419311	0.047030	
0.436636	0.380356	0.183008	
0.105075	0.594129	0.300797	
0.596051	0.330853	0.073097	
0.946840	0.049043	0.004117	
0.837455	0.141608	0.020936	
0.771861	0.192429	0.035710	
0.950672	0.046529	0.002800	
0.703029	0.256092	0.040878	
0.530200	0.354426	0.115374	
0.453279	0.433062	0.113659	
0.714963	0.237150	0.047886	
0.018834	0.091858	0.889309	
0.173241	0.377003	0.449756	
0.763972	0.210454	0.025574	
0.054147	0.737844	0.208008	
0.751454	0.204753	0.043792	
0.429762	0.416279	0.153959	
0.730322	0.216050	0.053629	
0.051578	0.721622	0.226800	
0.732206	0.215012	0.052782	
0.632434	0.323477	0.044089	
0.106401	0.683539	0.210060	
0.559851	0.298411	0.141738	
0.213546	0.558891	0.227563	
0.182208	0.347344	0.470448	
0.369293	0.478846	0.151861	
0.710138	0.226928	0.062935	
0.603606	0.287129	0.109266	
0.522904	0.337392	0.139704	
0.632053	0.299829	0.068118	
0.659037	0.289657	0.051307	
0.029829	0.046117	0.924054	
0.717908	0.199946	0.082146	
0.094310	0.190112	0.715578	
0.367699	0.460915	0.171386	
0.430413	0.408270	0.161317	
0.342464	0.501635	0.155901	
0.031805	0.053232	0.914962	
0.029247	0.714120	0.256633	
0.010334	0.038034	0.951632	
0.391901	0.428343	0.179756	
0.052319	0.696755	0.250927	
0.612681	0.326864	0.060455	
0.097874	0.605322	0.296804	
0.616387	0.311605	0.072008	
0.215883	0.632844	0.151272	
0.028753	0.642420	0.328826	
0.584475	0.301419	0.114106	
0.175836	0.597779	0.226386	
0.833789	0.141569	0.024642	
0.339994	0.442374	0.217633	
0.400977	0.457839	0.141183	
0.816408	0.163795	0.019797	
0.741693	0.227132	0.031175	
0.091248	0.568790	0.339962	
0.281055	0.492251	0.226694	
0.363065	0.453519	0.183416	
0.806040	0.163899	0.030061	
0.553554	0.298969	0.147478	
0.036956	0.783294	0.179750	
0.644822	0.297668	0.057510	
0.511788	0.403373	0.084839	
0.216719	0.534861	0.248420	
0.109851	0.769010	0.121138	
0.350685	0.548558	0.100757	
0.832662	0.161561	0.005777	
0.288504	0.607823	0.103673	
0.272911	0.609051	0.118038	
0.612703	0.323431	0.063865	
0.805826	0.180930	0.013243	
0.892504	0.101991	0.005506	
0.960063	0.037692	0.002245	
0.355057	0.585074	0.059868	
0.857728	0.133113	0.009160	
0.871321	0.119807	0.008873	
0.872734	0.117749	0.009517	
0.863460	0.126506	0.010034	
0.061377	0.083016	0.855606	
0.928250	0.068190	0.003559	
0.348201	0.488104	0.163695	
0.482213	0.451535	0.066252	
0.002409	0.020976	0.976615	
0.379421	0.558769	0.061810	
0.679972	0.277148	0.042880	
0.972245	0.026526	0.001229	
0.585280	0.369221	0.045498	
0.172819	0.678728	0.148453	
0.347556	0.543850	0.108594	
0.165981	0.713139	0.120880	
0.020154	0.870713	0.109132	
0.073964	0.724243	0.201793	
0.053832	0.648694	0.297474	
0.252291	0.674113	0.073597	
0.347493	0.568316	0.084191	
0.105053	0.780246	0.114700	
0.422382	0.397801	0.179817	
0.131452	0.735381	0.133167	
0.415624	0.496477	0.087899	
0.471862	0.455915	0.072223	
0.823293	0.162043	0.014664	
0.223501	0.677514	0.098985	
0.179247	0.493325	0.327428	
0.408863	0.510407	0.080729	
0.007008	0.879714	0.113278	
0.671089	0.285915	0.042996	
0.549161	0.400995	0.049844	
0.020485	0.228021	0.751494	
0.234707	0.228526	0.536767	
0.686731	0.279781	0.033488	
0.887458	0.102002	0.010540	
0.533113	0.412894	0.053993	
0.389237	0.529749	0.081013	
0.187308	0.740653	0.072039	
0.803439	0.184449	0.012112	
0.187626	0.681385	0.130989	
0.425593	0.536910	0.037496	
0.796321	0.188095	0.015584	
0.033277	0.828610	0.138113	
0.045591	0.893830	0.060579	
0.152299	0.756120	0.091581	
0.621252	0.302366	0.076382	
0.355156	0.503890	0.140954	
0.363816	0.586879	0.049305	
0.332470	0.553818	0.113712	
0.281779	0.616241	0.101980	
0.664213	0.285419	0.050368	
0.453382	0.453212	0.093406	
0.687325	0.279306	0.033369	
0.680420	0.269199	0.050381	
0.075653	0.785066	0.139280	
0.461217	0.402616	0.136167	
0.263975	0.636004	0.100021	
0.091474	0.598474	0.310052	
0.272432	0.622416	0.105151	
0.603689	0.318593	0.077719	
0.294129	0.550193	0.155679	
0.163560	0.529990	0.306450	
0.045865	0.834720	0.119415	
0.319380	0.388878	0.291742	
0.735899	0.233556	0.030545	
0.034246	0.795357	0.170397	
0.185293	0.678879	0.135828	
0.415423	0.466647	0.117930	
0.627188	0.347715	0.025097	
0.729390	0.215887	0.054723	
0.490853	0.411191	0.097956	
0.242932	0.245054	0.512014	
0.917189	0.075858	0.006953	
0.403419	0.448808	0.147774	
0.403945	0.320285	0.275770	
0.004102	0.689847	0.306051	
0.015817	0.719569	0.264613	
0.407018	0.445141	0.147841	
0.001279	0.024343	0.974378	
0.540354	0.372048	0.087598	
0.321459	0.443852	0.234690	
0.012389	0.857993	0.129618	
0.442324	0.429917	0.127759	
0.005147	0.025288	0.969566	
0.011422	0.204296	0.784282	
0.235278	0.547818	0.216904	
0.046926	0.470411	0.482663	
0.063536	0.710165	0.226299	
0.446238	0.453806	0.099956	
0.033203	0.762587	0.204210	
0.034883	0.679332	0.285785	
0.321345	0.458829	0.219826	
0.172009	0.684417	0.143573	
0.237209	0.466707	0.296084	
0.035750	0.304170	0.660080	
0.021049	0.717513	0.261438	
0.271616	0.552982	0.175402	
0.112996	0.618883	0.268121	
0.012907	0.733368	0.253725	
0.017779	0.196644	0.785577	
0.030100	0.772941	0.196959	
0.007508	0.753597	0.238896	
0.008077	0.371301	0.620622	
0.001361	0.020212	0.978427	
0.008248	0.797319	0.194432	
0.005318	0.282466	0.712216	
0.070375	0.130527	0.799098	
0.009816	0.104498	0.885687	
0.035992	0.254012	0.709996	
0.200499	0.459340	0.340161	
0.011216	0.279934	0.708850	
0.425783	0.436833	0.137383	
0.844070	0.131172	0.024759	
0.014798	0.167935	0.817267	
0.040514	0.715343	0.244143	
0.036130	0.792009	0.171862	
0.009373	0.704186	0.286441	
0.001114	0.201902	0.796985	
0.002856	0.809312	0.187831	
0.003880	0.155734	0.840386	
0.095060	0.450387	0.454553	
0.002105	0.642913	0.354983	
0.041626	0.353891	0.604483	
0.053542	0.765142	0.181316	
0.732258	0.220842	0.046900	
0.060714	0.304917	0.634368	
0.307787	0.260821	0.431391	
0.198249	0.301202	0.500549	
0.040719	0.549033	0.410249	
0.462661	0.386235	0.151104	
0.064060	0.765266	0.170674	
0.291625	0.586313	0.122062	
0.287294	0.483797	0.228909	
0.179181	0.531254	0.289566	
0.008422	0.789375	0.202203	
0.452491	0.424460	0.123049	
0.548368	0.363769	0.087863	
0.179609	0.257049	0.563342	
0.396894	0.419078	0.184028	
0.081660	0.437700	0.480640	
0.075240	0.638469	0.286291	
0.034132	0.235542	0.730326	
0.684448	0.249280	0.066272	
0.174290	0.478177	0.347532	
0.006005	0.800844	0.193151	
0.013376	0.738230	0.248394	
0.016318	0.382910	0.600772	
0.496468	0.403143	0.100389	
0.011943	0.760891	0.227167	
0.052281	0.570926	0.376792	
0.009189	0.621082	0.369729	
0.364869	0.502661	0.132469	
0.322202	0.507366	0.170432	
0.346002	0.516717	0.137281	
0.481138	0.392417	0.126444	
0.049606	0.153678	0.796716	
0.001321	0.022525	0.976154	
0.822554	0.159673	0.017773	
0.362502	0.426399	0.211099	
0.103355	0.641605	0.255041	
0.027160	0.203525	0.769316	
0.012862	0.589584	0.397554	
0.503175	0.364507	0.132317	
0.076810	0.226978	0.696212	
0.056257	0.395265	0.548478	
0.005773	0.442168	0.552059	
0.231571	0.475173	0.293256	
0.008883	0.734649	0.256467	
0.123693	0.546007	0.330300	
0.012920	0.553303	0.433776	
0.101142	0.262131	0.636727	
0.007865	0.796725	0.195410	
0.005990	0.289686	0.704324	
0.272213	0.613858	0.113929	
0.456186	0.439915	0.103899	
0.474508	0.416025	0.109467	
0.292527	0.499247	0.208226	
0.043842	0.636704	0.319454	
0.035159	0.625987	0.338855	
0.028657	0.773399	0.197943	
0.095331	0.322225	0.582444	
0.149562	0.612369	0.238069	
0.052312	0.574856	0.372833	
0.534397	0.357354	0.108249	
0.160529	0.496627	0.342844	
0.036658	0.444972	0.518370	
0.181841	0.588321	0.229838	
0.012332	0.263705	0.723963	
0.013877	0.652678	0.333445	
0.014109	0.627937	0.357954	
0.007966	0.076179	0.915855	
0.293323	0.543970	0.162707	
0.115275	0.643130	0.241595	
0.032668	0.635502	0.331830	
0.002881	0.081273	0.915846	
0.032900	0.221492	0.745607	
0.010000	0.604135	0.385865	
0.016414	0.780462	0.203124	
0.069991	0.471991	0.458018	
0.221364	0.641370	0.137266	
0.044264	0.674247	0.281489	
0.030350	0.667314	0.302336	
0.203985	0.679992	0.116023	
0.021362	0.443615	0.535023	
0.748586	0.210312	0.041102	
0.004881	0.674188	0.320931	
0.009542	0.815727	0.174731	
0.004715	0.704636	0.290650	
0.075132	0.603356	0.321512	
0.010716	0.507715	0.481569	
0.033064	0.317772	0.649163	
0.017871	0.828034	0.154095	
0.006199	0.423643	0.570159	
0.026407	0.822577	0.151015	
0.759693	0.210107	0.030200	
0.011862	0.450920	0.537218	
0.015204	0.436635	0.548160	
0.005245	0.065614	0.929141	
0.004430	0.019436	0.976134	
0.526718	0.405437	0.067845	
0.030854	0.650328	0.318818	
0.024239	0.758702	0.217059	
0.128473	0.261722	0.609805	
0.006800	0.732026	0.261174	
0.039305	0.068958	0.891737	
0.407704	0.411558	0.180738	
0.072859	0.312471	0.614669	
0.072325	0.560119	0.367556	
0.013775	0.637990	0.348235	
0.143035	0.627496	0.229469	
0.016438	0.644289	0.339274	
0.639841	0.259608	0.100551	
0.041566	0.203206	0.755228	
0.007417	0.773420	0.219163	
0.004989	0.400536	0.594475	
0.108024	0.737837	0.154139	
0.120855	0.499906	0.379240	
0.006819	0.773804	0.219377	
0.307672	0.583979	0.108349	
0.022175	0.533168	0.444656	
0.393835	0.447604	0.158561	
0.002843	0.543157	0.454000	
0.406759	0.466882	0.126359	
0.472847	0.401081	0.126072	
0.601363	0.330187	0.068450	
0.056433	0.095157	0.848410	
0.012729	0.118426	0.868845	
0.010168	0.473685	0.516147	
0.006268	0.052730	0.941002	
0.423908	0.433013	0.143079	
0.016933	0.736113	0.246954	
0.007613	0.739764	0.252623	
0.524662	0.376025	0.099313	
0.232375	0.288673	0.478951	
0.040921	0.377835	0.581243	
0.015969	0.325066	0.658965	
0.010107	0.737664	0.252229	
0.354794	0.489949	0.155257	
0.494759	0.415392	0.089849	
0.189357	0.623614	0.187029	
0.220253	0.567740	0.212007	
0.028052	0.766712	0.205236	
0.291871	0.555536	0.152593	
0.587672	0.316555	0.095774	
0.367416	0.540674	0.091910	
0.561567	0.321851	0.116581	
0.018055	0.687758	0.294186	
0.104576	0.787343	0.108080	
0.337699	0.587611	0.074691	
0.484656	0.419412	0.095932	
0.456026	0.442239	0.101735	
0.096635	0.688228	0.215137	
0.550225	0.377582	0.072192	
0.152753	0.483569	0.363677	
0.072674	0.155493	0.771833	
0.003608	0.398751	0.597640	
0.410378	0.473099	0.116523	
0.302169	0.376925	0.320906	
0.025153	0.319653	0.655194	
0.235579	0.621710	0.142711	
0.626062	0.297969	0.075969	
0.128579	0.634384	0.237038	
0.157979	0.375439	0.466582	
0.151388	0.451434	0.397178	
0.230060	0.225234	0.544706	
0.052090	0.250748	0.697161	
0.600399	0.328175	0.071426	
0.656674	0.285699	0.057627	
0.024577	0.288203	0.687219	
0.000999	0.025544	0.973457	
0.076255	0.741857	0.181887	
0.446465	0.419029	0.134506	
0.484540	0.424218	0.091242	
0.588063	0.351989	0.059948	
0.492050	0.412680	0.095270	
0.471370	0.437224	0.091407	
0.114054	0.187981	0.697964	
0.089651	0.584142	0.326207	
0.647540	0.274262	0.078198	
0.432222	0.403278	0.164500	
0.437377	0.331811	0.230813	
0.023763	0.859213	0.117024	
0.085745	0.712716	0.201539	
0.007708	0.784583	0.207709	
0.173339	0.504535	0.322125	
0.175503	0.693891	0.130606	
0.764860	0.195614	0.039526	
0.702795	0.199836	0.097369	
0.053259	0.230608	0.716132	
0.021490	0.821064	0.157446	
0.654738	0.283576	0.061686	
0.495022	0.451362	0.053616	
0.008453	0.839245	0.152302	
0.315016	0.563340	0.121645	
0.013428	0.788082	0.198490	
0.464420	0.428430	0.107150	
0.136103	0.696747	0.167150	
0.060896	0.670173	0.268931	
0.470532	0.356931	0.172536	
0.393935	0.484266	0.121800	
0.094511	0.435004	0.470485	
0.137062	0.706937	0.156000	
0.190531	0.591803	0.217666	
0.431093	0.207611	0.361295	
0.324407	0.463840	0.211753	
0.018074	0.658710	0.323217	
0.185597	0.618749	0.195653	
0.007358	0.864683	0.127960	
0.055413	0.669512	0.275075	
0.003125	0.104950	0.891925	
0.008378	0.856428	0.135194	
0.071992	0.690172	0.237836	
0.139150	0.289913	0.570937	
0.003314	0.822401	0.174286	
0.004030	0.055379	0.940592	
0.009512	0.855694	0.134794	
0.901725	0.091599	0.006676	
0.023502	0.853401	0.123097	
0.005762	0.608399	0.385838	
0.087172	0.671656	0.241172	
0.617400	0.332093	0.050507	
0.009220	0.864259	0.126522	
0.076564	0.468063	0.455372	
0.363672	0.482059	0.154269	
0.019830	0.686994	0.293175	
0.828122	0.149214	0.022664	
0.017899	0.810728	0.171373	
0.574122	0.306912	0.118966	
0.796779	0.167793	0.035427	
0.154866	0.683591	0.161543	
0.043093	0.479256	0.477651	
0.030044	0.823119	0.146837	
0.170159	0.661762	0.168079	
0.212094	0.529268	0.258639	
0.024322	0.700411	0.275267	
0.028363	0.264611	0.707025	
0.057272	0.097030	0.845698	
0.298617	0.533608	0.167775	
0.501750	0.337209	0.161041	
0.002742	0.257717	0.739541	
0.816740	0.159903	0.023357	
0.040038	0.669679	0.290283	
0.031862	0.429394	0.538744	
0.082336	0.767333	0.150331	
0.172556	0.567708	0.259736	
0.276308	0.423572	0.300120	
0.337837	0.566557	0.095606	
0.107978	0.141989	0.750033	
0.004542	0.041460	0.953998	
0.331538	0.444251	0.224211	
0.025370	0.346700	0.627930	
0.589892	0.341077	0.069031	
0.036046	0.810249	0.153705	
0.108418	0.645006	0.246576	
0.042817	0.198544	0.758638	
0.049945	0.066353	0.883702	
0.055706	0.694290	0.250003	
0.091728	0.405330	0.502943	
0.625063	0.321023	0.053914	
0.112352	0.125277	0.762371	
0.080343	0.302356	0.617301	
0.009745	0.601686	0.388569	
0.503015	0.406013	0.090972	
0.586589	0.325496	0.087915	
0.291356	0.529072	0.179572	
0.795127	0.174480	0.030393	
0.810136	0.167169	0.022695	
0.242287	0.439409	0.318304	
0.058232	0.763939	0.177829	
0.269401	0.239055	0.491544	
0.013382	0.798954	0.187664	
0.419388	0.372266	0.208346	
0.613640	0.334947	0.051413	
0.030347	0.598388	0.371265	
0.804244	0.169959	0.025798	
0.595346	0.292160	0.112494	
0.353962	0.536075	0.109963	
0.756251	0.215213	0.028536	
0.011880	0.073024	0.915097	
0.048560	0.754224	0.197216	
0.037846	0.516764	0.445390	
0.009752	0.680576	0.309672	
0.031593	0.792534	0.175873	
0.505555	0.378698	0.115747	
0.807089	0.168874	0.024037	
0.343578	0.442041	0.214381	
0.017503	0.821094	0.161403	
0.041233	0.708867	0.249900	
0.022540	0.757150	0.220310	
0.294518	0.333436	0.372046	
0.084994	0.712188	0.202818	
0.040121	0.685227	0.274652	
0.191466	0.247485	0.561049	
0.013189	0.428840	0.557971	
0.002431	0.043596	0.953972	
0.004675	0.021353	0.973972	
0.838079	0.146560	0.015361	
0.030253	0.147196	0.822551	
0.122584	0.403754	0.473663	
0.604315	0.337816	0.057870	
0.006970	0.663253	0.329776	
0.033528	0.195684	0.770787	
0.010784	0.726659	0.262557	
0.051783	0.741950	0.206267	
0.420085	0.367640	0.212275	
0.514729	0.347350	0.137921	
0.056115	0.482867	0.461018	
0.010021	0.559757	0.430222	
0.368401	0.501093	0.130506	
0.029670	0.066577	0.903753	
0.050646	0.217228	0.732126	
0.427501	0.461195	0.111304	
0.059853	0.790131	0.150016	
0.113269	0.196226	0.690505	
0.762540	0.182110	0.055350	
0.029338	0.255244	0.715418	
0.128080	0.499717	0.372203	
0.720787	0.213069	0.066144	
0.142131	0.582787	0.275082	
0.004679	0.724207	0.271114	
0.192879	0.210261	0.596860	
0.546338	0.328638	0.125024	
0.011860	0.429060	0.559080	
0.040285	0.158355	0.801361	
0.507923	0.436267	0.055810	
0.286432	0.355287	0.358282	
0.288831	0.510782	0.200387	
0.004183	0.839437	0.156380	
0.053549	0.231425	0.715025	
0.675650	0.244359	0.079991	
0.004252	0.048578	0.947170	
0.171481	0.457114	0.371405	
0.043274	0.342276	0.614450	
0.433972	0.425330	0.140698	
0.157671	0.655628	0.186701	
0.896923	0.093286	0.009791	
0.087408	0.606557	0.306035	
0.074349	0.459008	0.466643	
0.099165	0.643522	0.257313	
0.517013	0.409528	0.073459	
0.076692	0.444355	0.478953	
0.594289	0.292092	0.113619	
0.232415	0.481151	0.286434	
0.047658	0.766391	0.185951	
0.006095	0.370514	0.623390	
0.265029	0.251560	0.483411	
0.002054	0.890379	0.107567	
0.000744	0.013613	0.985643	
0.727310	0.238482	0.034208	
0.199102	0.560039	0.240860	
0.011266	0.392368	0.596366	
0.002393	0.020713	0.976894	
0.079788	0.319993	0.600219	
0.607120	0.328415	0.064466	
0.586617	0.297697	0.115686	
0.015466	0.574585	0.409949	
0.293413	0.386287	0.320300	
0.003913	0.026507	0.969580	
0.430135	0.418315	0.151550	
0.438304	0.457424	0.104272	
0.008258	0.329883	0.661859	
0.428773	0.325813	0.245414	
0.333147	0.360313	0.306540	
0.123572	0.113616	0.762812	
0.034059	0.179895	0.786047	
0.406359	0.469495	0.124146	
0.233826	0.648249	0.117925	
0.000604	0.005560	0.993835	
0.619845	0.284702	0.095452	
0.501913	0.326999	0.171089	
0.001092	0.016925	0.981983	
0.040334	0.327047	0.632619	
0.255287	0.199404	0.545309	
0.056893	0.710481	0.232626	
0.097352	0.358126	0.544522	
0.609914	0.267749	0.122337	
0.109961	0.182944	0.707095	
0.424347	0.472534	0.103119	
0.009406	0.091206	0.899387	
0.001915	0.027927	0.970158	
0.046780	0.114195	0.839025	
0.414503	0.503867	0.081630	
0.001448	0.025065	0.973487	
0.008898	0.041896	0.949206	
0.549069	0.360933	0.089998	
0.352608	0.511325	0.136067	
0.951112	0.044884	0.004004	
0.008323	0.089536	0.902141	
0.005532	0.173376	0.821091	
0.001434	0.692614	0.305952	
0.246845	0.581187	0.171968	
0.020221	0.464603	0.515177	
0.000214	0.013690	0.986096	
0.046813	0.164159	0.789028	
0.677670	0.267429	0.054902	
0.153356	0.656111	0.190533	
0.035927	0.305876	0.658197	
0.144104	0.603733	0.252163	
0.433595	0.384856	0.181549	
0.923727	0.070333	0.005940	
0.073565	0.128869	0.797566	
0.056561	0.782367	0.161072	
0.600667	0.262285	0.137049	
0.111628	0.470805	0.417567	
0.041290	0.095324	0.863386	
0.601732	0.312463	0.085805	
0.018981	0.140821	0.840198	
0.783122	0.168892	0.047986	
0.012005	0.551985	0.436010	
0.199453	0.565684	0.234863	
0.477100	0.436280	0.086620	
0.203795	0.628932	0.167272	
0.000491	0.002781	0.996728	
0.170240	0.526086	0.303674	
0.781079	0.186858	0.032063	
0.024258	0.056120	0.919623	
0.525088	0.390424	0.084488	
0.489004	0.332926	0.178070	
0.016629	0.865918	0.117454	
0.274065	0.618793	0.107143	
0.005438	0.859495	0.135067	
0.275900	0.549765	0.174335	
0.368720	0.537488	0.093791	
0.245943	0.578337	0.175721	
0.317347	0.438185	0.244468	
0.559169	0.394493	0.046339	
0.528250	0.405540	0.066211	
0.093780	0.801613	0.104607	
0.026946	0.310323	0.662731	
0.794180	0.192243	0.013577	
0.864799	0.127016	0.008185	
0.790195	0.189900	0.019904	
0.004421	0.138728	0.856851	
0.054275	0.716379	0.229345	
0.480087	0.358915	0.160998	
0.657267	0.297735	0.044998	
0.103704	0.742904	0.153393	
0.682963	0.270473	0.046564	
0.585566	0.351413	0.063022	
0.608026	0.359521	0.032454	
0.148387	0.302277	0.549336	
0.024715	0.876119	0.099166	
0.205557	0.366074	0.428368	
0.308002	0.501624	0.190374	
0.779380	0.195561	0.025059	
0.383223	0.343646	0.273130	
0.515099	0.421599	0.063302	
0.010372	0.210800	0.778829	
0.648880	0.312942	0.038178	
0.863638	0.130677	0.005685	
0.719955	0.259218	0.020828	
0.477684	0.316105	0.206211	
0.032363	0.504358	0.463279	
0.007952	0.800277	0.191771	
0.005107	0.779849	0.215044	
0.438732	0.469064	0.092204	
0.011979	0.827674	0.160347	
0.290099	0.428996	0.280904	
0.006904	0.704005	0.289091	
0.427006	0.440439	0.132555	
0.508412	0.312096	0.179492	
0.100130	0.671168	0.228702	
0.343918	0.367520	0.288562	
0.154852	0.715848	0.129300	
0.007110	0.157700	0.835190	
0.350186	0.574587	0.075227	
0.014765	0.806607	0.178629	
0.140056	0.627646	0.232298	
0.204904	0.477456	0.317640	
0.012588	0.873252	0.114160	
0.002237	0.016055	0.981708	
0.019134	0.819001	0.161865	
0.014472	0.100099	0.885430	
0.004722	0.851461	0.143817	
0.887460	0.102972	0.009568	
0.008363	0.289461	0.702175	
0.065712	0.683969	0.250319	
0.065778	0.765930	0.168293	
0.439550	0.451757	0.108693	
0.429268	0.468591	0.102141	
0.006275	0.384108	0.609617	
0.313391	0.559253	0.127356	
0.069996	0.730966	0.199038	
0.012644	0.834250	0.153106	
0.557083	0.384089	0.058828	
0.555691	0.274074	0.170235	
0.092102	0.759458	0.148440	
0.570810	0.346468	0.082721	
0.349746	0.555512	0.094742	
0.011442	0.126703	0.861854	
0.536408	0.259851	0.203741	
0.000809	0.034596	0.964595	
0.453088	0.494234	0.052678	
0.050725	0.794295	0.154980	
0.436560	0.463289	0.100151	
0.024528	0.242362	0.733110	
0.034558	0.862099	0.103343	
0.687381	0.292015	0.020604	
0.776409	0.191823	0.031768	
0.039397	0.511951	0.448652	
0.574993	0.367893	0.057114	
0.004884	0.482923	0.512193	
0.477460	0.425321	0.097218	
0.392012	0.533544	0.074444	
0.017252	0.811957	0.170790	
0.466180	0.397514	0.136306	
0.005306	0.314807	0.679887	
0.301756	0.430680	0.267564	
0.786646	0.179036	0.034318	
0.002088	0.021968	0.975944	
0.006813	0.694985	0.298202	
0.051303	0.556351	0.392346	
0.608150	0.323652	0.068198	
0.112432	0.507114	0.380454	
0.031125	0.749605	0.219270	
0.048972	0.604542	0.346486	
0.254261	0.367240	0.378499	
0.529156	0.336308	0.134537	
0.353453	0.244744	0.401802	
0.035040	0.498030	0.466930	
0.062943	0.541773	0.395285	
0.085674	0.676171	0.238155	
0.459594	0.448110	0.092296	
0.431932	0.360493	0.207575	
0.653666	0.260650	0.085684	
0.038760	0.617492	0.343747	
0.585745	0.348575	0.065680	
0.149248	0.416092	0.434661	
0.249809	0.469647	0.280545	
0.107956	0.630012	0.262032	
0.390271	0.468344	0.141384	
0.374869	0.432445	0.192686	
0.394821	0.290443	0.314736	
0.003426	0.057306	0.939267	
0.061418	0.618805	0.319777	
0.004912	0.620098	0.374989	
0.018427	0.142762	0.838811	
0.016505	0.485552	0.497943	
0.259709	0.478716	0.261574	
0.000453	0.384999	0.614548	
0.457166	0.405514	0.137321	
0.006912	0.512778	0.480309	
0.007170	0.617157	0.375673	
0.207332	0.444084	0.348584	
0.000589	0.003625	0.995786	
0.755545	0.224290	0.020166	
0.080210	0.322281	0.597509	
0.034400	0.653315	0.312285	
0.835884	0.141708	0.022408	
0.767850	0.196711	0.035439	
0.005870	0.360522	0.633608	
0.013445	0.140998	0.845558	
0.007238	0.742065	0.250697	
0.007337	0.467745	0.524918	
0.006648	0.104716	0.888636	
0.479319	0.412594	0.108087	
0.519891	0.387594	0.092515	
0.001206	0.610958	0.387837	
0.255542	0.531749	0.212709	
0.015297	0.390204	0.594499	
0.061069	0.780445	0.158485	
0.001246	0.007403	0.991351	
0.001139	0.018924	0.979937	
0.277977	0.579271	0.142752	
0.009812	0.243888	0.746301	
0.592684	0.330851	0.076465	
0.010717	0.529476	0.459807	
0.024030	0.675129	0.300841	
0.001655	0.021285	0.977061	
0.016150	0.625836	0.358014	
0.342552	0.417134	0.240314	
0.015442	0.215117	0.769440	
0.035849	0.628875	0.335276	
0.002685	0.032481	0.964835	
0.005843	0.871613	0.122544	
0.030419	0.804492	0.165089	
0.113602	0.798818	0.087580	
0.084738	0.521952	0.393310	
0.016463	0.244820	0.738717	
0.512509	0.411907	0.075584	
0.004196	0.340895	0.654909	
0.001930	0.794817	0.203253	
0.005845	0.883151	0.111003	
0.538397	0.397800	0.063803	
0.647933	0.301484	0.050583	
0.047233	0.715050	0.237717	
0.007136	0.566462	0.426402	
0.016516	0.137549	0.845934	
0.347804	0.530541	0.121655	
0.006412	0.104406	0.889181	
0.860603	0.103022	0.036375	
0.002478	0.482206	0.515316	
0.004418	0.753444	0.242139	
0.354827	0.328987	0.316186	
0.000936	0.019621	0.979442	
0.004961	0.442128	0.552911	
0.675526	0.188312	0.136162	
0.724039	0.186006	0.089956	
0.040710	0.847714	0.111576	
0.215862	0.525174	0.258964	
0.336064	0.450919	0.213016	
0.078446	0.265854	0.655701	
0.007907	0.090409	0.901684	
0.371394	0.358715	0.269892	
0.229246	0.638887	0.131867	
0.060640	0.532278	0.407082	
0.601273	0.288817	0.109909	
0.141018	0.631966	0.227016	
0.014764	0.582022	0.403214	
0.002435	0.054106	0.943458	
0.082114	0.755804	0.162082	
0.718578	0.252432	0.028990	
0.036231	0.878811	0.084959	
0.291383	0.600748	0.107869	
0.056543	0.614210	0.329246	
0.003450	0.232236	0.764314	
0.015566	0.285010	0.699424	
0.234836	0.622163	0.143000	
0.753144	0.219575	0.027281	
0.212728	0.635650	0.151623	
0.174185	0.464403	0.361412	
0.003996	0.020146	0.975858	
0.715222	0.244091	0.040686	
0.023561	0.444996	0.531443	
0.532206	0.404119	0.063675	
0.004784	0.821253	0.173963	
0.089046	0.753645	0.157308	
0.222602	0.556755	0.220643	
0.020917	0.753677	0.225407	
0.494617	0.423850	0.081533	
0.205743	0.709179	0.085078	
0.105826	0.476501	0.417673	
0.658833	0.297915	0.043251	
0.320672	0.543398	0.135930	
0.022722	0.047871	0.929407	
0.567551	0.342479	0.089970	
0.737885	0.240612	0.021503	
0.856959	0.132262	0.010779	
0.689864	0.268838	0.041297	
0.017137	0.719744	0.263119	
0.064114	0.772785	0.163101	
0.000432	0.003202	0.996367	
0.020367	0.442781	0.536852	
0.482837	0.400772	0.116392	
0.465329	0.438981	0.095690	
0.019731	0.098702	0.881567	
0.009663	0.378053	0.612284	
0.286379	0.340492	0.373130	
0.825714	0.157662	0.016624	
0.091216	0.393922	0.514862	
0.031824	0.330026	0.638150	
0.091527	0.760779	0.147694	
0.296462	0.605657	0.097881	
0.044597	0.787456	0.167946	
0.696440	0.265147	0.038413	
0.848319	0.136733	0.014948	
0.012040	0.598557	0.389403	
0.001931	0.674864	0.323205	
0.685572	0.266478	0.047950	
0.866373	0.118625	0.015002	
0.007163	0.810050	0.182787	
0.198005	0.722235	0.079760	
0.144405	0.737750	0.117845	
0.005675	0.017042	0.977283	
0.065383	0.602063	0.332554	
0.487866	0.342450	0.169684	
0.077562	0.170853	0.751585	
0.051556	0.788005	0.160439	
0.002639	0.845887	0.151473	
0.030700	0.832826	0.136473	
0.003370	0.741675	0.254955	
0.002748	0.844225	0.153027	
0.642877	0.302102	0.055021	
0.342303	0.365823	0.291874	
0.074429	0.550829	0.374742	
0.248775	0.662762	0.088463	
0.142916	0.462580	0.394504	
0.730902	0.206284	0.062814	
0.005590	0.734185	0.260226	
0.642219	0.278387	0.079394	
0.652709	0.290730	0.056561	
0.435661	0.349317	0.215021	
0.000127	0.004604	0.995269	
0.009404	0.863310	0.127286	
0.183938	0.727522	0.088540	
0.101668	0.097846	0.800486	
0.023069	0.163567	0.813364	
0.413318	0.291478	0.295203	
0.000493	0.004046	0.995461	
0.001407	0.013471	0.985122	
0.002241	0.021623	0.976136	
0.145896	0.458996	0.395108	
0.029360	0.095266	0.875375	
0.014768	0.414715	0.570517	
0.003206	0.020149	0.976645	
0.000647	0.009066	0.990287	
0.007853	0.545773	0.446374	
0.008880	0.390228	0.600893	
0.558575	0.285418	0.156007	
0.000629	0.008395	0.990976	
0.086644	0.166174	0.747182	
0.001805	0.013203	0.984992	
0.236373	0.284917	0.478710	
0.170004	0.213520	0.616477	
0.011208	0.131386	0.857406	
0.628623	0.270334	0.101044	
0.045580	0.302192	0.652228	
0.000487	0.004730	0.994783	
0.378340	0.395621	0.226039	
0.742885	0.224622	0.032493	
0.133207	0.467840	0.398953	
0.225935	0.353349	0.420716	
0.035840	0.105043	0.859117	
0.020294	0.395316	0.584390	
0.212463	0.318301	0.469237	
0.447818	0.457706	0.094476	
0.015589	0.188782	0.795628	
0.082296	0.112550	0.805153	
0.141680	0.290942	0.567378	
0.017492	0.583994	0.398513	
0.097446	0.192637	0.709917	
0.057285	0.566095	0.376619	
0.155630	0.539283	0.305087	
0.062988	0.482450	0.454562	
0.011160	0.038031	0.950809	
0.100627	0.501461	0.397912	
0.189876	0.542982	0.267142	
0.023917	0.113558	0.862525	
0.003781	0.469429	0.526790	
0.072249	0.189675	0.738076	
0.177083	0.445900	0.377017	
0.051228	0.274684	0.674088	
0.615433	0.283569	0.100998	
0.214734	0.563003	0.222263	
0.524672	0.375579	0.099750	
0.001893	0.019616	0.978491	
0.007319	0.151447	0.841234	
0.354225	0.524357	0.121418	
0.618133	0.272463	0.109404	
0.109162	0.146601	0.744236	
0.097949	0.290658	0.611393	
0.548461	0.319461	0.132078	
0.518454	0.387271	0.094276	
0.402709	0.347286	0.250005	
0.015064	0.184519	0.800418	
0.529496	0.374894	0.095610	
0.040020	0.270322	0.689658	
0.012106	0.287797	0.700097	
0.013949	0.126884	0.859167	
0.008505	0.638487	0.353008	
0.055627	0.645071	0.299302	
0.795293	0.177932	0.026775	
0.165587	0.391534	0.442880	
0.168043	0.604056	0.227901	
0.392581	0.415711	0.191709	
0.205919	0.356181	0.437900	
0.100104	0.129246	0.770650	
0.618538	0.325350	0.056112	
0.585900	0.314046	0.100055	
0.638198	0.274041	0.087761	
0.022812	0.707479	0.269708	
0.065927	0.327310	0.606764	
0.002119	0.619281	0.378600	
0.531995	0.355978	0.112027	
0.264365	0.386534	0.349102	
0.177377	0.581954	0.240669	
0.178038	0.430280	0.391683	
0.807949	0.152730	0.039321	
0.002659	0.055412	0.941929	
0.002254	0.011379	0.986366	
0.087703	0.393665	0.518632	
0.001996	0.037403	0.960602	
0.001838	0.517306	0.480856	
0.005389	0.101684	0.892927	
0.003224	0.040943	0.955833	
0.399978	0.385712	0.214310	
0.003362	0.065277	0.931361	
0.012370	0.204533	0.783097	
0.642174	0.285491	0.072334	
0.010011	0.139939	0.850050	
0.047358	0.168370	0.784272	
0.026745	0.500047	0.473208	
0.378416	0.343920	0.277664	
0.236187	0.303967	0.459846	
0.030279	0.234046	0.735675	
0.026202	0.527971	0.445827	
0.105134	0.213591	0.681275	
0.611221	0.322323	0.066455	
0.779805	0.189366	0.030829	
0.002893	0.574729	0.422378	
0.005835	0.045102	0.949064	
0.006124	0.617173	0.376703	
0.001787	0.287139	0.711074	
0.130317	0.205413	0.664270	
0.001176	0.021809	0.977015	
0.056841	0.599513	0.343646	
0.003682	0.588060	0.408258	
0.046740	0.282813	0.670447	
0.197301	0.248001	0.554698	
0.754749	0.182146	0.063104	
0.014855	0.189923	0.795223	
0.027070	0.773116	0.199814	
0.012274	0.110482	0.877245	
0.003213	0.615394	0.381393	
0.060959	0.263289	0.675751	
0.001455	0.079961	0.918583	
0.608650	0.287623	0.103727	
0.001644	0.357565	0.640791	
0.104201	0.144373	0.751425	
0.006884	0.033182	0.959933	
0.129760	0.448174	0.422066	
0.036353	0.135020	0.828627	
0.026099	0.064390	0.909512	
0.003298	0.361297	0.635405	
0.000127	0.002566	0.997306	
0.548420	0.361828	0.089753	
0.004688	0.063680	0.931632	
0.005328	0.136960	0.857712	
0.084087	0.131939	0.783973	
0.007094	0.521031	0.471875	
0.003178	0.020633	0.976189	
0.005525	0.344604	0.649871	
0.676888	0.245235	0.077877	
0.303994	0.502988	0.193017	
0.002918	0.033670	0.963412	
0.011057	0.399443	0.589500	
0.134934	0.201544	0.663522	
0.207861	0.245898	0.546241	
0.002882	0.116116	0.881002	
0.620434	0.304008	0.075558	
0.005616	0.361200	0.633184	
0.001849	0.011917	0.986234	
0.164455	0.415506	0.420040	
0.001625	0.306674	0.691701	
0.046579	0.130650	0.822771	
0.000403	0.010543	0.989054	
0.005841	0.013058	0.981101	
0.182121	0.434837	0.383042	
