0.173321	0.663839	0.162840	
0.343194	0.360747	0.296059	
0.104510	0.160641	0.734849	
0.003761	0.692954	0.303284	
0.003668	0.835379	0.160953	
0.071226	0.402294	0.526480	
0.050701	0.605348	0.343952	
0.254166	0.285983	0.459850	
0.028214	0.765315	0.206471	
0.811785	0.162762	0.025453	
0.062749	0.447067	0.490184	
0.023654	0.315825	0.660521	
0.075167	0.643618	0.281215	
0.047073	0.079945	0.872983	
0.161973	0.695786	0.142241	
0.398883	0.317102	0.284016	
0.003714	0.449061	0.547225	
0.006110	0.752742	0.241149	
0.067218	0.490009	0.442773	
0.252328	0.578971	0.168701	
0.053330	0.664168	0.282502	
0.678255	0.230740	0.091005	
0.463671	0.349246	0.187083	
0.002621	0.175842	0.821537	
0.012545	0.264263	0.723192	
0.001393	0.655892	0.342715	
0.007938	0.708895	0.283167	
0.057145	0.729905	0.212949	
0.310879	0.599832	0.089289	
0.633646	0.284060	0.082294	
0.025792	0.082301	0.891908	
0.796543	0.166104	0.037354	
0.767756	0.209486	0.022757	
0.019834	0.109909	0.870257	
0.007174	0.708629	0.284197	
0.785063	0.187280	0.027657	
0.026945	0.677773	0.295281	
0.003658	0.553472	0.442870	
0.174815	0.499838	0.325348	
0.165024	0.563136	0.271840	
0.003318	0.654733	0.341950	
0.371409	0.495453	0.133138	
0.006480	0.760766	0.232754	
0.002882	0.829742	0.167376	
0.740001	0.202489	0.057510	
0.741648	0.214368	0.043983	
0.533596	0.280102	0.186303	
0.299593	0.578426	0.121981	
0.615435	0.347065	0.037500	
0.585974	0.361707	0.052319	
0.769816	0.181733	0.048451	
0.003377	0.370077	0.626547	
0.127375	0.317986	0.554639	
0.025413	0.288103	0.686484	
0.330328	0.550311	0.119360	
0.027239	0.684950	0.287811	
0.087656	0.542877	0.369467	
0.255558	0.495299	0.249143	
0.311267	0.506428	0.182305	
0.530882	0.311091	0.158027	
0.090089	0.161419	0.748492	
0.271199	0.539903	0.188898	
0.003103	0.018806	0.978092	
0.016829	0.693907	0.289264	
0.036457	0.445471	0.518072	
0.013302	0.352351	0.634348	
0.327019	0.483072	0.189909	
0.025258	0.534614	0.440128	
0.121042	0.633846	0.245112	
0.720737	0.220679	0.058584	
0.022071	0.702756	0.275173	
0.013592	0.680722	0.305686	
0.027792	0.718297	0.253911	
0.656347	0.306562	0.037091	
0.728177	0.214355	0.057468	
0.005728	0.633781	0.360491	
0.098793	0.522391	0.378815	
0.098673	0.184317	0.717010	
0.011208	0.496328	0.492465	
0.015106	0.745694	0.239200	
0.065446	0.269974	0.664580	
0.178924	0.417763	0.403313	
0.656967	0.300683	0.042350	
0.000365	0.511353	0.488283	
0.086433	0.640695	0.272872	
0.013984	0.548820	0.437196	
0.323709	0.316704	0.359588	
0.489037	0.412080	0.098883	
0.022183	0.546648	0.431169	
0.047104	0.305409	0.647487	
0.012452	0.709917	0.277631	
0.000610	0.042893	0.956496	
0.458549	0.436023	0.105427	
0.494805	0.354533	0.150662	
0.017586	0.305942	0.676472	
0.008949	0.315053	0.675998	
0.254196	0.447591	0.298213	
0.006022	0.090227	0.903751	
0.065225	0.243367	0.691408	
0.422202	0.403055	0.174742	
0.575846	0.341894	0.082259	
0.003298	0.280919	0.715783	
0.012446	0.126483	0.861071	
0.016922	0.722640	0.260438	
0.333848	0.482436	0.183716	
0.004154	0.308027	0.687819	
0.257352	0.348556	0.394092	
0.004588	0.302482	0.692930	
0.112409	0.257140	0.630451	
0.017553	0.604622	0.377825	
0.224429	0.596006	0.179565	
0.904830	0.084380	0.010791	
0.021527	0.269252	0.709221	
0.002852	0.047801	0.949347	
0.045788	0.531829	0.422383	
0.061946	0.624362	0.313692	
0.026947	0.325887	0.647166	
0.029081	0.373277	0.597642	
0.152338	0.213024	0.634637	
0.047404	0.312544	0.640051	
0.038586	0.222525	0.738889	
0.051823	0.415691	0.532486	
0.337901	0.435892	0.226208	
0.020944	0.343618	0.635438	
0.010354	0.019799	0.969847	
0.058877	0.647370	0.293753	
0.818347	0.155633	0.026021	
0.319623	0.331389	0.348988	
0.007038	0.448645	0.544317	
0.016663	0.050768	0.932569	
0.005021	0.021056	0.973922	
0.008923	0.608805	0.382272	
0.025660	0.432869	0.541471	
0.019113	0.311085	0.669801	
0.012383	0.386294	0.601323	
0.093511	0.280682	0.625807	
0.023549	0.619495	0.356956	
0.002708	0.027377	0.969915	
0.002514	0.034277	0.963209	
0.670043	0.247441	0.082516	
0.026603	0.644246	0.329151	
0.005569	0.325379	0.669052	
0.455530	0.340167	0.204303	
0.011559	0.266270	0.722171	
0.027156	0.361880	0.610965	
0.055772	0.384392	0.559835	
0.020187	0.534260	0.445553	
0.355124	0.326695	0.318182	
0.171977	0.298452	0.529571	
0.584002	0.259486	0.156512	
0.015071	0.200784	0.784145	
0.013435	0.660955	0.325610	
0.006532	0.542025	0.451442	
0.019641	0.326421	0.653938	
0.055185	0.400169	0.544646	
0.456317	0.312051	0.231632	
0.016504	0.316860	0.666637	
0.044653	0.499646	0.455700	
0.014746	0.170586	0.814668	
0.005395	0.029224	0.965381	
0.331991	0.354571	0.313438	
0.005612	0.199184	0.795204	
0.022738	0.412765	0.564497	
0.372706	0.394479	0.232815	
0.003493	0.617114	0.379393	
0.327870	0.409202	0.262928	
0.008769	0.144009	0.847222	
0.003407	0.013916	0.982677	
0.602075	0.295822	0.102103	
0.019420	0.490931	0.489649	
0.077866	0.135536	0.786599	
0.029613	0.576520	0.393867	
0.006201	0.173541	0.820257	
0.189791	0.268288	0.541921	
0.002826	0.351354	0.645820	
0.372167	0.457373	0.170459	
0.004736	0.399092	0.596172	
0.048343	0.401217	0.550440	
0.109502	0.602776	0.287722	
0.005420	0.404090	0.590490	
0.000491	0.002781	0.996728	
0.018793	0.324079	0.657128	
0.150092	0.298042	0.551866	
0.037688	0.694009	0.268302	
0.528857	0.359305	0.111838	
0.093470	0.706564	0.199966	
0.059415	0.708248	0.232337	
0.074783	0.510282	0.414935	
0.003515	0.324122	0.672363	
0.074744	0.533905	0.391351	
0.430018	0.466997	0.102985	
0.008722	0.802277	0.189001	
0.764555	0.220436	0.015009	
0.352188	0.435568	0.212244	
0.221217	0.306042	0.472741	
0.144448	0.646648	0.208904	
0.330031	0.427423	0.242547	
0.253625	0.492990	0.253385	
0.191533	0.698974	0.109493	
0.057149	0.757401	0.185450	
0.054673	0.724731	0.220596	
0.029087	0.622159	0.348753	
0.030236	0.716774	0.252989	
0.066605	0.305374	0.628021	
0.013938	0.065408	0.920654	
0.131546	0.520791	0.347663	
0.030521	0.184051	0.785428	
0.023165	0.839315	0.137521	
0.579505	0.309498	0.110997	
0.702001	0.220421	0.077578	
0.042948	0.728730	0.228322	
0.166080	0.207288	0.626633	
0.122558	0.390808	0.486634	
0.004761	0.092647	0.902592	
0.016830	0.607430	0.375740	
0.047421	0.128327	0.824252	
0.037400	0.610894	0.351706	
0.337639	0.507162	0.155199	
0.401908	0.493501	0.104591	
0.083173	0.677973	0.238854	
0.601407	0.302982	0.095611	
0.004695	0.024238	0.971067	
0.003697	0.016567	0.979736	
0.415178	0.490345	0.094478	
0.053517	0.397850	0.548633	
0.003212	0.023203	0.973585	
0.027460	0.787756	0.184784	
0.080866	0.400214	0.518920	
0.369027	0.551927	0.079046	
0.403849	0.450116	0.146035	
0.030504	0.775969	0.193528	
0.046814	0.718007	0.235179	
0.052343	0.782212	0.165445	
0.507717	0.424473	0.067810	
0.092028	0.680585	0.227387	
0.756751	0.214069	0.029180	
0.041060	0.699623	0.259318	
0.251311	0.576106	0.172583	
0.068376	0.741284	0.190340	
0.084156	0.733797	0.182047	
0.033591	0.106532	0.859877	
0.003615	0.803867	0.192517	
0.024311	0.784352	0.191337	
0.004965	0.072771	0.922264	
0.015216	0.721944	0.262840	
0.011698	0.696415	0.291887	
0.150741	0.391425	0.457835	
0.084051	0.728792	0.187157	
0.431623	0.433174	0.135203	
0.966138	0.032177	0.001685	
0.094941	0.627581	0.277479	
0.011733	0.760007	0.228260	
0.271748	0.285943	0.442309	
0.492438	0.406615	0.100947	
0.006758	0.061547	0.931695	
0.313647	0.344978	0.341375	
0.429872	0.461799	0.108329	
0.117729	0.417219	0.465052	
0.384692	0.433107	0.182201	
0.094115	0.367811	0.538074	
0.116716	0.761347	0.121937	
0.004627	0.124674	0.870699	
0.508271	0.414449	0.077280	
0.024350	0.747018	0.228632	
0.003964	0.064269	0.931767	
0.094997	0.560924	0.344078	
0.032929	0.827004	0.140067	
0.019621	0.621476	0.358903	
0.009868	0.022427	0.967705	
0.199384	0.639435	0.161181	
0.073612	0.666621	0.259767	
0.066348	0.135295	0.798357	
0.210209	0.638810	0.150981	
0.170009	0.681111	0.148880	
0.285537	0.532124	0.182338	
0.003435	0.113879	0.882686	
0.022319	0.242878	0.734803	
0.214649	0.288962	0.496388	
0.831095	0.142029	0.026876	
0.503948	0.394781	0.101271	
0.369223	0.313899	0.316878	
0.084761	0.712368	0.202871	
0.906617	0.083955	0.009428	
0.049940	0.205924	0.744137	
0.332186	0.543832	0.123983	
0.557879	0.184018	0.258104	
0.051064	0.303452	0.645484	
0.174481	0.577011	0.248508	
0.808995	0.156660	0.034345	
0.007781	0.666940	0.325279	
0.338103	0.551500	0.110397	
0.769152	0.202375	0.028474	
0.624604	0.292707	0.082689	
0.004983	0.022238	0.972779	
0.446020	0.418314	0.135666	
0.029865	0.724087	0.246048	
0.092405	0.237396	0.670198	
0.640292	0.269045	0.090663	
0.479289	0.358339	0.162372	
0.058281	0.796901	0.144818	
0.085165	0.760880	0.153955	
0.774869	0.187872	0.037259	
0.058216	0.776418	0.165366	
0.202510	0.218070	0.579420	
0.032158	0.071786	0.896055	
0.056288	0.695138	0.248574	
0.704549	0.243678	0.051773	
0.690213	0.246442	0.063345	
0.007308	0.341213	0.651480	
0.816072	0.151029	0.032899	
0.974338	0.024433	0.001229	
0.550232	0.390472	0.059295	
0.893540	0.095282	0.011178	
0.953209	0.043893	0.002899	
0.280136	0.335997	0.383868	
0.559369	0.367456	0.073175	
0.093403	0.519284	0.387313	
0.691423	0.236330	0.072247	
0.091332	0.575588	0.333080	
0.701605	0.250372	0.048023	
0.034711	0.803369	0.161919	
0.094268	0.706832	0.198900	
0.024935	0.797733	0.177332	
0.102857	0.300017	0.597126	
0.868104	0.115299	0.016596	
0.410695	0.463424	0.125882	
0.591648	0.337516	0.070836	
0.734930	0.238122	0.026948	
0.515190	0.367464	0.117346	
0.800382	0.184972	0.014646	
0.767279	0.177178	0.055544	
0.024876	0.783330	0.191793	
0.869043	0.119247	0.011710	
0.560330	0.345212	0.094458	
0.013874	0.454773	0.531353	
0.789087	0.189307	0.021605	
0.359985	0.493575	0.146441	
0.107449	0.535393	0.357158	
0.846931	0.132729	0.020340	
0.247112	0.467026	0.285862	
0.103618	0.184818	0.711564	
0.101672	0.414613	0.483714	
0.548506	0.394633	0.056860	
0.278225	0.477273	0.244502	
0.542530	0.326996	0.130474	
0.002255	0.621270	0.376475	
0.041002	0.824630	0.134368	
0.662801	0.281834	0.055365	
0.271441	0.308269	0.420290	
0.497553	0.404442	0.098005	
0.186519	0.669154	0.144327	
0.341072	0.551225	0.107703	
0.339412	0.506407	0.154180	
0.618746	0.319460	0.061794	
0.002033	0.077438	0.920528	
0.116055	0.657265	0.226680	
0.309324	0.553221	0.137455	
0.226009	0.214136	0.559855	
0.291552	0.431127	0.277321	
0.329483	0.513047	0.157471	
0.015218	0.167240	0.817542	
0.218947	0.532728	0.248325	
0.042070	0.290739	0.667192	
0.098992	0.383567	0.517441	
0.009526	0.136220	0.854254	
0.556266	0.338303	0.105431	
0.018286	0.454314	0.527400	
0.261039	0.447276	0.291686	
0.002945	0.236465	0.760591	
0.562103	0.364044	0.073853	
0.418434	0.340151	0.241415	
0.002508	0.435990	0.561501	
0.010626	0.058587	0.930787	
0.474239	0.330723	0.195038	
0.012346	0.126867	0.860787	
0.046427	0.101740	0.851833	
0.032176	0.178232	0.789592	
0.238674	0.405361	0.355965	
0.087138	0.224201	0.688661	
0.332918	0.304755	0.362326	
0.393774	0.353290	0.252936	
0.022209	0.317101	0.660690	
0.010007	0.131678	0.858315	
0.000109	0.001876	0.998015	
0.061139	0.159690	0.779171	
0.033342	0.349191	0.617467	
0.036339	0.457647	0.506013	
0.364604	0.323416	0.311980	
0.106446	0.436399	0.457156	
0.004804	0.037080	0.958116	
0.042736	0.317853	0.639412	
0.938738	0.052921	0.008340	
0.470350	0.355480	0.174170	
0.017565	0.593613	0.388822	
0.108774	0.274152	0.617074	
0.770986	0.182992	0.046023	
0.629105	0.246902	0.123993	
0.429139	0.375580	0.195281	
0.039981	0.333430	0.626589	
0.005017	0.025623	0.969360	
0.342276	0.448239	0.209486	
0.002855	0.114047	0.883098	
0.035402	0.256683	0.707915	
0.047743	0.349224	0.603033	
0.595039	0.280905	0.124056	
0.010550	0.213898	0.775553	
0.013052	0.090396	0.896552	
0.003891	0.023643	0.972465	
0.718223	0.197365	0.084412	
0.054211	0.120409	0.825381	
0.041949	0.380693	0.577358	
0.028404	0.279931	0.691665	
0.024776	0.496626	0.478598	
0.021077	0.292670	0.686252	
0.085775	0.298150	0.616075	
0.746366	0.179369	0.074265	
0.102203	0.446483	0.451314	
0.020275	0.335427	0.644297	
0.364264	0.383557	0.252178	
0.212263	0.436392	0.351344	
0.391841	0.369467	0.238692	
0.085395	0.402219	0.512387	
0.011666	0.170727	0.817607	
0.152331	0.390098	0.457571	
0.531285	0.344197	0.124518	
0.007821	0.108089	0.884089	
0.050008	0.663545	0.286447	
0.032805	0.216024	0.751172	
0.022954	0.231215	0.745831	
0.072421	0.402000	0.525579	
0.053717	0.566161	0.380123	
0.057465	0.097922	0.844612	
0.011495	0.030580	0.957925	
0.018223	0.461096	0.520681	
0.016076	0.220221	0.763703	
0.037508	0.318448	0.644044	
0.013001	0.083821	0.903178	
0.148627	0.560576	0.290797	
0.153949	0.438265	0.407786	
0.795330	0.163151	0.041519	
0.512458	0.401491	0.086051	
0.158251	0.299625	0.542124	
0.004518	0.048536	0.946946	
0.172177	0.323860	0.503963	
0.629561	0.275420	0.095019	
0.006871	0.700582	0.292547	
0.004980	0.094212	0.900808	
0.012102	0.049572	0.938327	
0.009113	0.047550	0.943337	
0.006729	0.147208	0.846063	
0.010800	0.463482	0.525718	
0.039353	0.055743	0.904904	
0.018572	0.150908	0.830521	
0.682921	0.273915	0.043164	
0.015127	0.259294	0.725578	
0.006509	0.049003	0.944487	
0.001903	0.012001	0.986096	
0.020080	0.109590	0.870330	
0.004326	0.644687	0.350987	
0.081184	0.552148	0.366668	
0.010765	0.025043	0.964192	
0.881167	0.105184	0.013649	
0.188056	0.522728	0.289216	
0.002104	0.592114	0.405782	
0.007206	0.764907	0.227887	
0.267658	0.398705	0.333637	
0.022373	0.057684	0.919944	
0.069143	0.333748	0.597109	
0.033633	0.705623	0.260743	
0.372132	0.307721	0.320147	
0.009598	0.245291	0.745110	
0.006702	0.045794	0.947504	
0.102661	0.138545	0.758793	
0.156872	0.611088	0.232040	
0.187770	0.524232	0.287997	
0.017311	0.296629	0.686060	
0.062170	0.098252	0.839578	
0.001351	0.011558	0.987091	
0.426750	0.358312	0.214938	
0.001953	0.011263	0.986783	
0.516968	0.349197	0.133834	
0.027032	0.818169	0.154799	
0.131281	0.166935	0.701784	
0.004068	0.486404	0.509528	
0.304115	0.356453	0.339431	
0.008227	0.477412	0.514360	
0.006411	0.507251	0.486337	
0.078527	0.562614	0.358859	
0.028856	0.853927	0.117216	
0.409805	0.485541	0.104654	
0.003871	0.043987	0.952143	
0.190131	0.251666	0.558203	
0.024331	0.043677	0.931992	
0.123262	0.132876	0.743862	
0.020491	0.074510	0.904999	
0.560213	0.331184	0.108603	
0.812500	0.143539	0.043962	
0.101835	0.294299	0.603866	
0.013103	0.847786	0.139112	
0.006182	0.851653	0.142165	
0.006551	0.807316	0.186132	
0.005409	0.706051	0.288540	
0.085739	0.503961	0.410300	
0.017409	0.713876	0.268715	
0.004721	0.634258	0.361021	
0.009488	0.769065	0.221446	
0.013606	0.157669	0.828725	
0.009175	0.741010	0.249815	
0.059251	0.695897	0.244851	
0.055209	0.673315	0.271476	
0.690145	0.248082	0.061773	
0.735629	0.196284	0.068086	
0.001539	0.649183	0.349278	
0.077388	0.552095	0.370517	
0.002768	0.045215	0.952017	
0.274082	0.349075	0.376842	
0.645669	0.272345	0.081986	
0.822949	0.153529	0.023522	
0.005851	0.606715	0.387434	
0.029372	0.510168	0.460461	
0.086117	0.475577	0.438306	
0.051333	0.087249	0.861418	
0.008759	0.700325	0.290917	
0.840491	0.140019	0.019490	
0.805132	0.158069	0.036798	
0.569068	0.291393	0.139539	
0.018154	0.256325	0.725521	
0.303696	0.510672	0.185632	
0.570217	0.359581	0.070202	
0.813131	0.163691	0.023178	
0.890274	0.098281	0.011445	
0.090643	0.392517	0.516839	
0.528299	0.282406	0.189296	
0.005638	0.591614	0.402748	
0.530833	0.307853	0.161315	
0.746035	0.211090	0.042875	
0.803753	0.164635	0.031612	
0.445219	0.454611	0.100171	
0.213531	0.416683	0.369787	
0.009679	0.769382	0.220939	
0.699616	0.241272	0.059112	
0.966046	0.032196	0.001758	
0.123174	0.739612	0.137214	
0.000602	0.443246	0.556152	
0.690315	0.270061	0.039624	
0.040775	0.593407	0.365819	
0.904468	0.087203	0.008330	
0.017116	0.250605	0.732280	
0.908890	0.080256	0.010854	
0.558064	0.328260	0.113676	
0.909690	0.078936	0.011374	
0.256120	0.579388	0.164492	
0.750255	0.213494	0.036251	
0.821914	0.165568	0.012519	
0.678246	0.258495	0.063260	
0.001950	0.014345	0.983704	
0.395783	0.485740	0.118476	
0.004357	0.736378	0.259266	
0.648880	0.270467	0.080653	
0.569224	0.363631	0.067145	
0.764487	0.203187	0.032326	
0.437149	0.467160	0.095691	
0.505973	0.348221	0.145806	
0.941517	0.055450	0.003033	
0.005610	0.504182	0.490208	
0.795823	0.163962	0.040214	
0.010924	0.160688	0.828388	
0.006472	0.691268	0.302260	
0.015515	0.685719	0.298766	
0.004563	0.590901	0.404536	
0.298867	0.436525	0.264608	
0.702336	0.246663	0.051001	
0.449691	0.421523	0.128786	
0.746700	0.205671	0.047629	
0.016506	0.245282	0.738213	
0.000694	0.010902	0.988404	
0.355365	0.328936	0.315699	
0.138427	0.455639	0.405934	
0.070696	0.062684	0.866621	
0.009634	0.702663	0.287703	
0.006369	0.627991	0.365640	
0.033120	0.731241	0.235639	
0.756019	0.196919	0.047062	
0.014316	0.333583	0.652101	
0.205115	0.347118	0.447767	
0.608802	0.321990	0.069208	
0.750138	0.196118	0.053745	
0.623377	0.314707	0.061916	
0.112806	0.504583	0.382611	
0.009594	0.140530	0.849876	
0.825629	0.159053	0.015318	
0.897041	0.093734	0.009225	
0.363831	0.452848	0.183321	
0.921211	0.073264	0.005525	
0.333072	0.460383	0.206545	
0.476405	0.387229	0.136366	
0.020945	0.532651	0.446405	
0.570446	0.301826	0.127728	
0.553837	0.361890	0.084273	
0.062977	0.633684	0.303339	
0.731162	0.218501	0.050337	
0.005505	0.366798	0.627697	
0.078456	0.615231	0.306313	
0.006947	0.403235	0.589818	
0.190787	0.636604	0.172610	
0.784150	0.182033	0.033816	
0.056304	0.203933	0.739762	
0.450276	0.301628	0.248096	
0.006934	0.102904	0.890162	
0.012527	0.565744	0.421729	
0.000303	0.003203	0.996494	
0.000191	0.001482	0.998327	
0.001365	0.026624	0.972011	
0.001044	0.042295	0.956661	
0.022240	0.452237	0.525523	
0.232161	0.448608	0.319231	
0.002031	0.036531	0.961438	
0.007920	0.070969	0.921111	
0.000651	0.007971	0.991378	
0.014891	0.080912	0.904197	
0.024292	0.237478	0.738230	
0.000644	0.004106	0.995250	
0.303498	0.281407	0.415095	
0.028324	0.260721	0.710955	
0.004551	0.047083	0.948366	
0.585413	0.345648	0.068938	
0.004165	0.046225	0.949609	
0.023034	0.295442	0.681525	
0.003930	0.049452	0.946618	
0.019931	0.232647	0.747422	
0.000437	0.006148	0.993415	
0.003222	0.122859	0.873919	
0.001124	0.004418	0.994458	
0.001086	0.008940	0.989974	
0.234745	0.303130	0.462125	
0.181017	0.310843	0.508141	
0.011281	0.069957	0.918761	
0.011609	0.183168	0.805224	
0.000916	0.014127	0.984957	
0.001816	0.020944	0.977240	
0.913868	0.078715	0.007417	
0.000994	0.016154	0.982852	
0.453115	0.274245	0.272640	
0.013213	0.366487	0.620299	
0.014623	0.034055	0.951322	
0.450126	0.315925	0.233948	
0.365780	0.314402	0.319818	
0.011473	0.078570	0.909957	
0.003586	0.143237	0.853178	
0.006392	0.027078	0.966530	
0.000092	0.000627	0.999281	
0.000690	0.047688	0.951623	
0.411301	0.353387	0.235312	
0.758987	0.176309	0.064704	
0.008251	0.248521	0.743228	
0.008156	0.086143	0.905701	
0.009398	0.131699	0.858904	
0.015531	0.315458	0.669011	
0.001136	0.014449	0.984416	
0.041441	0.043312	0.915247	
0.001656	0.015809	0.982536	
0.006518	0.191678	0.801804	
0.005125	0.043453	0.951422	
0.003036	0.144597	0.852367	
0.016924	0.103053	0.880022	
0.196422	0.331507	0.472071	
0.000426	0.004463	0.995111	
0.149883	0.167259	0.682858	
0.001192	0.015816	0.982992	
0.010749	0.091129	0.898122	
0.000230	0.002382	0.997388	
0.000650	0.005042	0.994308	
0.001428	0.013775	0.984796	
0.020123	0.218456	0.761421	
0.003003	0.120840	0.876157	
0.252303	0.290411	0.457286	
0.005334	0.122258	0.872409	
0.097739	0.281145	0.621117	
0.007624	0.021042	0.971334	
0.001255	0.019184	0.979562	
0.000341	0.003961	0.995698	
0.091109	0.491526	0.417366	
0.010507	0.179843	0.809650	
0.002781	0.065487	0.931732	
0.001011	0.012998	0.985991	
0.013989	0.201599	0.784412	
0.016892	0.532838	0.450270	
0.012171	0.226548	0.761282	
0.007917	0.251060	0.741023	
0.000142	0.002345	0.997513	
0.044729	0.571490	0.383782	
0.724699	0.229549	0.045752	
0.002680	0.578195	0.419125	
0.659382	0.291358	0.049260	
0.347023	0.333947	0.319029	
0.764192	0.185218	0.050590	
0.004536	0.037713	0.957751	
0.036665	0.233755	0.729580	
0.006010	0.066463	0.927526	
0.014302	0.778978	0.206720	
0.003078	0.072493	0.924428	
0.177585	0.707009	0.115406	
0.100332	0.637326	0.262341	
0.403311	0.393833	0.202856	
0.549274	0.388144	0.062582	
0.002762	0.772423	0.224816	
0.021489	0.881175	0.097336	
0.460132	0.449300	0.090568	
0.006599	0.734107	0.259294	
0.065228	0.301399	0.633373	
0.059348	0.821505	0.119147	
0.109605	0.157734	0.732661	
0.005203	0.388735	0.606062	
0.073159	0.559175	0.367666	
0.067097	0.493492	0.439411	
0.047525	0.485808	0.466667	
0.006027	0.852917	0.141056	
0.005605	0.042025	0.952370	
0.020393	0.508437	0.471169	
0.043187	0.705575	0.251238	
0.008701	0.711271	0.280028	
0.495871	0.305637	0.198491	
0.047181	0.628390	0.324429	
0.369456	0.308444	0.322101	
0.022120	0.139529	0.838351	
0.626801	0.308266	0.064934	
0.017325	0.360696	0.621979	
0.027776	0.580394	0.391830	
0.344590	0.502670	0.152741	
0.292159	0.473752	0.234089	
0.013562	0.216439	0.769999	
0.002087	0.059480	0.938433	
0.136299	0.232525	0.631176	
0.818618	0.159517	0.021864	
0.346648	0.288466	0.364886	
0.799496	0.169729	0.030775	
0.718593	0.232920	0.048487	
0.667482	0.266391	0.066127	
0.442038	0.456571	0.101391	
0.073862	0.762630	0.163508	
0.497562	0.420307	0.082131	
0.905222	0.086759	0.008020	
0.861235	0.117237	0.021528	
0.099773	0.446631	0.453596	
0.012963	0.132653	0.854385	
0.062312	0.787796	0.149892	
0.001988	0.669543	0.328468	
0.012661	0.615482	0.371857	
0.137042	0.701852	0.161106	
0.004482	0.269754	0.725764	
0.025544	0.405139	0.569318	
0.602921	0.340016	0.057063	
0.016069	0.566850	0.417081	
0.572877	0.353812	0.073311	
0.419673	0.293660	0.286668	
0.073774	0.231357	0.694869	
0.015957	0.368893	0.615149	
0.475271	0.404067	0.120662	
0.455292	0.469484	0.075224	
0.003558	0.742660	0.253781	
0.180982	0.743286	0.075731	
0.766848	0.180181	0.052971	
0.576152	0.326165	0.097684	
0.738556	0.219908	0.041536	
0.220402	0.454685	0.324912	
0.632747	0.291385	0.075868	
0.014340	0.638974	0.346685	
0.173417	0.192529	0.634055	
0.350083	0.260215	0.389702	
0.503860	0.392049	0.104090	
0.003877	0.757004	0.239119	
0.060665	0.370816	0.568519	
0.669868	0.297518	0.032614	
0.312419	0.581476	0.106105	
0.031181	0.169536	0.799283	
0.025866	0.469427	0.504707	
0.011459	0.576245	0.412296	
0.081878	0.468801	0.449321	
0.244590	0.364087	0.391324	
0.377360	0.389821	0.232820	
0.644567	0.301395	0.054037	
0.529578	0.228739	0.241683	
0.140885	0.559213	0.299901	
0.006639	0.024810	0.968552	
0.627536	0.324897	0.047567	
0.050451	0.206983	0.742566	
0.045042	0.801010	0.153949	
0.770103	0.194839	0.035058	
0.262077	0.585074	0.152849	
0.079389	0.805792	0.114818	
0.251982	0.622637	0.125381	
0.003136	0.429267	0.567598	
0.030093	0.626306	0.343600	
0.547205	0.333337	0.119458	
0.241795	0.194375	0.563830	
0.010870	0.184534	0.804596	
0.396975	0.376681	0.226344	
0.272490	0.575840	0.151670	
0.217638	0.263020	0.519343	
0.163975	0.680757	0.155268	
0.719229	0.232931	0.047839	
0.052998	0.139985	0.807017	
0.189109	0.578530	0.232361	
0.007516	0.691197	0.301287	
0.459304	0.405744	0.134952	
0.679154	0.257956	0.062889	
0.292605	0.250019	0.457376	
0.356440	0.532601	0.110959	
0.377016	0.478867	0.144117	
0.007418	0.341625	0.650958	
0.263498	0.490941	0.245561	
0.009137	0.407521	0.583342	
0.008951	0.790051	0.200998	
0.541293	0.381496	0.077212	
0.019434	0.768565	0.212001	
0.161458	0.197005	0.641537	
0.007442	0.077468	0.915090	
0.086020	0.203790	0.710190	
0.127860	0.605622	0.266518	
0.722161	0.246402	0.031437	
0.089527	0.439701	0.470772	
0.807909	0.157106	0.034984	
0.006316	0.751178	0.242506	
0.033126	0.149991	0.816883	
0.001718	0.012822	0.985460	
0.464463	0.327558	0.207979	
0.210098	0.389033	0.400870	
0.565248	0.318744	0.116009	
0.504533	0.443816	0.051652	
0.001481	0.010545	0.987974	
0.296664	0.367722	0.335614	
0.006808	0.164430	0.828762	
0.175515	0.675420	0.149065	
0.293517	0.297314	0.409168	
0.696867	0.221235	0.081898	
0.053213	0.838393	0.108394	
0.003803	0.879887	0.116310	
0.183459	0.385280	0.431261	
0.700445	0.238606	0.060950	
0.255880	0.506874	0.237246	
0.727588	0.245201	0.027212	
0.094653	0.803751	0.101596	
0.541981	0.346999	0.111020	
0.068043	0.366632	0.565325	
0.646529	0.267120	0.086351	
0.122548	0.172761	0.704691	
0.012062	0.817803	0.170135	
0.736403	0.223479	0.040119	
0.652004	0.275710	0.072286	
0.482392	0.349959	0.167649	
0.077219	0.760433	0.162348	
0.054505	0.082454	0.863042	
0.384352	0.482046	0.133602	
0.453088	0.363271	0.183641	
0.265383	0.237765	0.496852	
0.071231	0.095577	0.833192	
0.004169	0.028648	0.967183	
0.001141	0.007022	0.991837	
0.006742	0.452473	0.540785	
0.085429	0.211087	0.703484	
0.205888	0.588776	0.205336	
0.072493	0.657018	0.270489	
0.754117	0.216460	0.029424	
0.234028	0.440485	0.325487	
0.004683	0.051761	0.943557	
0.001320	0.481233	0.517446	
0.028939	0.605545	0.365516	
0.001801	0.488080	0.510118	
0.075904	0.321218	0.602878	
0.451322	0.361684	0.186994	
0.682812	0.280415	0.036773	
0.003752	0.116713	0.879535	
0.044419	0.187862	0.767719	
0.003310	0.801827	0.194863	
0.020361	0.199220	0.780418	
0.832378	0.150795	0.016827	
0.001178	0.638624	0.360198	
0.024303	0.056726	0.918970	
0.086785	0.397067	0.516149	
0.070232	0.095035	0.834733	
0.042850	0.444644	0.512506	
0.001006	0.333081	0.665913	
0.461768	0.361860	0.176371	
0.005693	0.842728	0.151579	
0.608336	0.283876	0.107788	
0.058115	0.809274	0.132612	
0.489688	0.436300	0.074012	
0.029249	0.427767	0.542984	
0.472891	0.478271	0.048837	
0.340830	0.593154	0.066016	
0.960915	0.037183	0.001903	
0.547876	0.380130	0.071995	
0.584944	0.359478	0.055578	
0.700562	0.252794	0.046644	
0.688909	0.281141	0.029950	
0.897043	0.090705	0.012252	
0.105405	0.759331	0.135264	
0.291686	0.549607	0.158707	
0.940723	0.053112	0.006165	
0.622022	0.312304	0.065674	
0.654937	0.306885	0.038177	
0.026938	0.035689	0.937373	
0.417267	0.467581	0.115151	
0.715123	0.258519	0.026358	
0.482500	0.437061	0.080439	
0.538063	0.342180	0.119757	
0.754730	0.219968	0.025302	
0.290418	0.548661	0.160921	
0.721980	0.262819	0.015202	
0.864475	0.118189	0.017336	
0.834505	0.143853	0.021641	
0.142520	0.200281	0.657199	
0.432594	0.469822	0.097583	
0.057939	0.801905	0.140156	
0.577366	0.385051	0.037583	
0.307331	0.539781	0.152888	
0.857394	0.124730	0.017877	
0.081381	0.780296	0.138323	
0.483254	0.400867	0.115878	
0.557531	0.379423	0.063046	
0.466693	0.423971	0.109337	
0.649754	0.284715	0.065531	
0.592987	0.368772	0.038242	
0.668848	0.279012	0.052140	
0.917035	0.064913	0.018052	
0.477137	0.456584	0.066279	
0.729204	0.234201	0.036595	
0.743598	0.231305	0.025097	
0.281389	0.606511	0.112100	
0.913247	0.083579	0.003175	
0.647785	0.319108	0.033107	
0.578846	0.351227	0.069927	
0.419600	0.503344	0.077056	
0.411768	0.428684	0.159548	
0.692988	0.275399	0.031613	
0.810540	0.172391	0.017069	
0.682219	0.272016	0.045764	
0.647893	0.305748	0.046359	
0.226746	0.694260	0.078994	
0.371395	0.394918	0.233687	
0.885799	0.104455	0.009746	
0.434445	0.493409	0.072146	
0.185020	0.278044	0.536936	
0.686324	0.260980	0.052696	
0.676929	0.242429	0.080642	
0.647757	0.295356	0.056888	
0.649436	0.310237	0.040327	
0.627284	0.337508	0.035208	
0.031072	0.817688	0.151240	
0.601368	0.363999	0.034634	
0.630974	0.307307	0.061720	
0.203975	0.664746	0.131279	
0.388649	0.556508	0.054843	
0.023975	0.608775	0.367250	
0.519378	0.393378	0.087243	
0.854973	0.131591	0.013436	
0.930176	0.064616	0.005209	
0.901851	0.089408	0.008740	
0.427236	0.511679	0.061085	
0.502361	0.429764	0.067875	
0.520946	0.339094	0.139960	
0.731619	0.239920	0.028460	
0.667873	0.284530	0.047597	
0.841685	0.138584	0.019732	
0.013188	0.034116	0.952696	
0.856517	0.124715	0.018768	
0.849126	0.140915	0.009958	
0.608266	0.306047	0.085687	
0.281938	0.617396	0.100666	
0.136309	0.618754	0.244937	
0.914911	0.079782	0.005307	
0.782847	0.193143	0.024011	
0.465600	0.446405	0.087995	
0.380997	0.525958	0.093045	
0.440098	0.392512	0.167390	
0.809524	0.174810	0.015666	
0.591100	0.316760	0.092139	
0.505628	0.412489	0.081883	
0.644828	0.306303	0.048869	
0.173679	0.506330	0.319991	
0.593330	0.350466	0.056204	
0.052409	0.130516	0.817075	
0.827610	0.152705	0.019684	
0.713133	0.261349	0.025518	
0.709340	0.257820	0.032840	
0.495463	0.445657	0.058880	
0.539172	0.393039	0.067789	
0.722168	0.246942	0.030890	
0.384902	0.524027	0.091071	
0.776207	0.202531	0.021261	
0.458636	0.479986	0.061378	
0.395613	0.522812	0.081575	
0.024133	0.076511	0.899356	
0.066924	0.780928	0.152148	
0.290529	0.265116	0.444355	
0.047726	0.075136	0.877138	
0.502998	0.450232	0.046769	
0.298410	0.544912	0.156678	
0.290398	0.521301	0.188301	
0.025764	0.102765	0.871471	
0.625658	0.290851	0.083491	
0.072849	0.133890	0.793262	
0.473957	0.380390	0.145653	
0.039260	0.046646	0.914094	
0.467343	0.468874	0.063783	
0.831407	0.154607	0.013987	
0.869300	0.122313	0.008387	
0.552598	0.379196	0.068207	
0.533259	0.336440	0.130300	
0.015230	0.205532	0.779238	
0.837494	0.146717	0.015789	
0.257267	0.491521	0.251212	
0.708410	0.266341	0.025249	
0.273388	0.387722	0.338890	
0.096309	0.146844	0.756847	
0.457301	0.448901	0.093798	
0.380071	0.451735	0.168194	
0.001043	0.013910	0.985047	
0.799741	0.187390	0.012869	
0.323029	0.554858	0.122113	
0.395018	0.532514	0.072469	
0.950027	0.047435	0.002539	
0.580137	0.364289	0.055574	
0.419616	0.477531	0.102853	
0.170181	0.206420	0.623399	
0.059781	0.160442	0.779778	
0.313782	0.334898	0.351320	
0.540513	0.412391	0.047096	
0.896466	0.094263	0.009271	
0.648622	0.316123	0.035255	
0.419952	0.486081	0.093967	
0.100277	0.173320	0.726403	
0.418791	0.515057	0.066152	
0.728005	0.209675	0.062320	
0.511500	0.420837	0.067663	
0.712064	0.216926	0.071010	
0.695826	0.262808	0.041366	
0.476554	0.439163	0.084283	
0.607516	0.249046	0.143438	
0.233175	0.406290	0.360535	
0.545522	0.271563	0.182915	
0.080547	0.114708	0.804745	
0.596158	0.297461	0.106381	
0.379956	0.572860	0.047184	
0.529142	0.337901	0.132957	
0.923749	0.071648	0.004603	
0.619759	0.333323	0.046918	
0.173590	0.683768	0.142641	
0.369286	0.432073	0.198641	
0.753109	0.207279	0.039612	
0.354615	0.337557	0.307827	
0.642267	0.322571	0.035162	
0.116665	0.747797	0.135538	
0.244841	0.269411	0.485748	
0.663185	0.261061	0.075753	
0.456754	0.398413	0.144833	
0.281116	0.301583	0.417301	
0.233190	0.661207	0.105603	
0.853513	0.138802	0.007685	
0.753891	0.209017	0.037092	
0.774974	0.205849	0.019177	
0.524244	0.386199	0.089556	
0.174741	0.204755	0.620504	
0.592487	0.360427	0.047086	
0.392043	0.415096	0.192861	
0.594956	0.343958	0.061086	
0.148397	0.581880	0.269722	
0.503561	0.441855	0.054585	
0.491589	0.331321	0.177090	
0.108384	0.749880	0.141736	
0.038439	0.752138	0.209424	
0.015739	0.842863	0.141398	
0.535838	0.402557	0.061605	
0.251375	0.577528	0.171097	
0.351646	0.510512	0.137842	
0.767388	0.197946	0.034666	
0.237057	0.359268	0.403675	
0.348751	0.432198	0.219051	
0.718405	0.258824	0.022771	
0.687273	0.266271	0.046456	
0.116709	0.747855	0.135436	
0.434587	0.467610	0.097802	
0.633189	0.308742	0.058069	
0.438877	0.496413	0.064710	
0.303580	0.342166	0.354254	
0.438914	0.440921	0.120164	
0.247242	0.615777	0.136981	
0.320597	0.376838	0.302565	
0.114206	0.785599	0.100195	
0.235626	0.669650	0.094724	
0.008696	0.742762	0.248542	
0.512623	0.370711	0.116666	
0.358598	0.338087	0.303315	
0.357773	0.604038	0.038189	
0.236720	0.647646	0.115634	
0.294779	0.579206	0.126015	
0.263003	0.475108	0.261890	
0.101337	0.765704	0.132958	
0.088456	0.822400	0.089143	
0.164644	0.745796	0.089560	
0.197165	0.671209	0.131627	
0.760048	0.212520	0.027432	
0.967754	0.030293	0.001953	
0.367939	0.554163	0.077899	
0.712632	0.267337	0.020031	
0.179745	0.708092	0.112163	
0.174392	0.712180	0.113427	
0.552623	0.350012	0.097365	
0.796354	0.182481	0.021165	
0.692190	0.282756	0.025054	
0.527791	0.402875	0.069334	
0.443033	0.487767	0.069201	
0.258896	0.523521	0.217583	
0.878603	0.108714	0.012683	
0.811434	0.169492	0.019074	
0.162204	0.634298	0.203497	
0.606116	0.360550	0.033334	
0.666267	0.255870	0.077864	
0.356521	0.492484	0.150995	
0.782164	0.200080	0.017756	
0.388180	0.520897	0.090923	
0.206926	0.697062	0.096012	
0.371709	0.503053	0.125239	
0.168885	0.725042	0.106073	
0.382785	0.447985	0.169231	
0.308896	0.603517	0.087586	
0.365931	0.520182	0.113887	
0.646778	0.319752	0.033470	
0.149726	0.638218	0.212056	
0.385809	0.355356	0.258835	
0.017921	0.881246	0.100834	
0.200819	0.620751	0.178430	
0.264091	0.649553	0.086356	
0.088369	0.810047	0.101584	
0.019001	0.818073	0.162926	
0.338943	0.525696	0.135361	
0.012198	0.782875	0.204928	
0.223096	0.653525	0.123379	
0.318163	0.567021	0.114816	
0.744328	0.234133	0.021538	
0.563353	0.379737	0.056910	
0.223972	0.554974	0.221055	
0.472500	0.445348	0.082152	
0.090759	0.490708	0.418532	
0.741911	0.233389	0.024700	
0.742483	0.236855	0.020662	
0.364239	0.540687	0.095074	
0.195396	0.636608	0.167996	
0.410702	0.507509	0.081789	
0.808831	0.173848	0.017322	
0.354472	0.543626	0.101902	
0.434002	0.426283	0.139715	
0.015006	0.365080	0.619914	
0.414008	0.450480	0.135512	
0.527445	0.403320	0.069234	
0.477961	0.408416	0.113624	
0.129272	0.730571	0.140157	
0.130810	0.693660	0.175530	
0.270529	0.515832	0.213638	
0.414095	0.290500	0.295406	
0.240341	0.626704	0.132955	
0.312397	0.589448	0.098155	
0.290784	0.617810	0.091406	
0.397806	0.312078	0.290116	
0.381245	0.513397	0.105358	
0.166341	0.726505	0.107155	
0.015625	0.422618	0.561757	
0.663811	0.276527	0.059662	
0.494620	0.450878	0.054503	
0.564673	0.378898	0.056429	
0.397436	0.532458	0.070106	
0.441394	0.406518	0.152087	
0.540496	0.291400	0.168104	
0.198018	0.690220	0.111762	
0.023413	0.723331	0.253256	
0.537062	0.395943	0.066995	
0.030913	0.800674	0.168413	
0.392931	0.517351	0.089718	
0.477346	0.422678	0.099976	
0.848141	0.139706	0.012153	
0.141053	0.767468	0.091479	
0.547572	0.401339	0.051089	
0.499011	0.377836	0.123153	
0.708888	0.272738	0.018374	
0.370530	0.508607	0.120863	
0.719755	0.211874	0.068371	
0.568299	0.352940	0.078761	
0.735312	0.235186	0.029502	
0.286991	0.568553	0.144456	
0.066120	0.139525	0.794355	
0.003592	0.035230	0.961177	
0.184396	0.243948	0.571655	
0.542999	0.406192	0.050809	
0.626702	0.331941	0.041357	
0.043435	0.853899	0.102666	
0.839680	0.147033	0.013287	
0.335762	0.501225	0.163013	
0.622187	0.326064	0.051749	
0.754856	0.215503	0.029642	
0.448614	0.481639	0.069747	
0.031357	0.639656	0.328987	
0.183138	0.519841	0.297021	
0.225827	0.564184	0.209989	
0.321879	0.615367	0.062754	
0.379018	0.524200	0.096783	
0.861813	0.126698	0.011489	
0.340830	0.593154	0.066016	
0.874436	0.120064	0.005500	
0.045636	0.556414	0.397950	
0.318898	0.450858	0.230244	
0.750028	0.222169	0.027803	
0.391924	0.512714	0.095362	
0.580922	0.358653	0.060425	
0.784430	0.199779	0.015791	
0.538063	0.342180	0.119757	
0.356446	0.560310	0.083244	
0.462406	0.471281	0.066313	
0.060378	0.111507	0.828115	
0.430992	0.420773	0.148235	
0.778555	0.199331	0.022114	
0.459633	0.478780	0.061586	
0.868777	0.120457	0.010766	
0.024179	0.799397	0.176424	
0.705618	0.256360	0.038022	
0.722668	0.246327	0.031006	
0.462531	0.428069	0.109400	
0.691786	0.267012	0.041203	
0.419847	0.530027	0.050126	
0.873104	0.118638	0.008259	
0.466287	0.455007	0.078706	
0.536852	0.431129	0.032018	
0.615621	0.323564	0.060814	
0.114100	0.802133	0.083768	
0.849751	0.141924	0.008326	
0.390660	0.512654	0.096686	
0.251825	0.647494	0.100681	
0.669299	0.294100	0.036600	
0.039332	0.121161	0.839507	
0.719432	0.256723	0.023845	
0.857836	0.119039	0.023125	
0.455256	0.471625	0.073120	
0.179952	0.662636	0.157412	
0.793743	0.183324	0.022933	
0.201772	0.562762	0.235465	
0.230942	0.664666	0.104392	
0.533027	0.418892	0.048081	
0.524928	0.393574	0.081498	
0.114855	0.211600	0.673545	
0.267084	0.309642	0.423274	
0.218681	0.601272	0.180047	
0.004169	0.046651	0.949180	
0.238241	0.615817	0.145943	
0.000036	0.000207	0.999758	
0.047926	0.747411	0.204663	
0.032580	0.605842	0.361578	
0.015765	0.227947	0.756288	
0.665676	0.232434	0.101890	
0.005785	0.198183	0.796032	
0.686985	0.282982	0.030033	
0.471262	0.324513	0.204226	
0.074173	0.580097	0.345730	
0.016504	0.069807	0.913688	
0.001723	0.030223	0.968054	
0.025357	0.758346	0.216297	
0.018091	0.629071	0.352838	
0.619128	0.262520	0.118352	
0.003076	0.413988	0.582936	
0.710604	0.240098	0.049298	
0.009539	0.666813	0.323648	
0.017103	0.028599	0.954298	
0.059461	0.776655	0.163884	
0.059361	0.317858	0.622781	
0.011221	0.221033	0.767745	
0.012673	0.216922	0.770405	
0.015973	0.062424	0.921604	
0.169369	0.302676	0.527956	
0.725465	0.210929	0.063606	
0.813397	0.152367	0.034236	
0.363703	0.337309	0.298988	
0.015738	0.755559	0.228703	
0.016420	0.098893	0.884686	
0.003136	0.010827	0.986037	
0.016115	0.550461	0.433424	
0.225928	0.628015	0.146057	
0.023375	0.566527	0.410098	
0.045471	0.532646	0.421884	
0.082209	0.321676	0.596114	
0.092173	0.348807	0.559020	
0.015097	0.464257	0.520646	
0.643455	0.277631	0.078914	
0.036990	0.442376	0.520634	
0.034992	0.338355	0.626653	
0.013542	0.401419	0.585039	
0.001772	0.242227	0.756002	
0.400235	0.410039	0.189726	
0.051196	0.444707	0.504097	
0.368791	0.500344	0.130865	
0.003885	0.043552	0.952564	
0.401071	0.445031	0.153898	
0.596868	0.344393	0.058739	
0.004690	0.508668	0.486642	
0.599063	0.336290	0.064647	
0.272709	0.451581	0.275710	
0.014724	0.117237	0.868039	
0.468987	0.386309	0.144704	
0.012879	0.031878	0.955243	
0.007649	0.715457	0.276894	
0.690863	0.237216	0.071921	
0.000508	0.008580	0.990912	
0.055892	0.221177	0.722932	
0.044514	0.183057	0.772429	
0.021176	0.166488	0.812336	
0.018397	0.509118	0.472485	
0.010086	0.247190	0.742723	
0.823066	0.160524	0.016410	
0.012002	0.113453	0.874544	
0.598416	0.319663	0.081921	
0.388504	0.403487	0.208009	
0.241340	0.615963	0.142697	
0.307209	0.518660	0.174131	
0.740040	0.213890	0.046070	
0.008659	0.664651	0.326690	
0.013424	0.783020	0.203557	
0.524827	0.380042	0.095131	
0.782723	0.179502	0.037775	
0.020928	0.701747	0.277325	
0.622130	0.290545	0.087325	
0.521922	0.346106	0.131973	
0.054848	0.682048	0.263104	
0.008456	0.388910	0.602634	
0.133707	0.533821	0.332472	
0.383708	0.358166	0.258126	
0.019476	0.102254	0.878269	
0.821953	0.157758	0.020289	
0.002565	0.467996	0.529439	
0.062049	0.354156	0.583796	
0.310817	0.383126	0.306057	
0.675415	0.273416	0.051169	
0.018085	0.736246	0.245669	
0.228900	0.577828	0.193272	
0.009615	0.534555	0.455830	
0.039498	0.679099	0.281403	
0.933893	0.061209	0.004898	
0.447326	0.411812	0.140862	
0.031811	0.740211	0.227978	
0.630100	0.266899	0.103000	
0.007001	0.093785	0.899214	
0.010097	0.182170	0.807733	
0.042295	0.344418	0.613287	
0.150384	0.515160	0.334456	
0.097699	0.085175	0.817126	
0.002294	0.733536	0.264170	
0.056211	0.651068	0.292721	
0.010489	0.063896	0.925615	
0.089927	0.516600	0.393473	
0.580445	0.307416	0.112139	
0.562083	0.355665	0.082252	
0.046097	0.671107	0.282796	
0.003612	0.637586	0.358802	
0.844477	0.135392	0.020131	
0.224142	0.392089	0.383768	
0.026751	0.734664	0.238585	
0.069588	0.564007	0.366405	
0.001811	0.023364	0.974826	
0.007851	0.082797	0.909352	
0.026685	0.365622	0.607693	
0.024744	0.828266	0.146989	
0.000630	0.005642	0.993728	
0.423312	0.376061	0.200626	
0.566076	0.352006	0.081919	
0.432156	0.407786	0.160059	
0.083243	0.603940	0.312817	
0.609667	0.284127	0.106205	
0.005136	0.084691	0.910173	
0.115991	0.542937	0.341072	
0.004659	0.115645	0.879696	
0.527228	0.318247	0.154526	
0.007862	0.097270	0.894868	
0.046240	0.530068	0.423692	
0.042363	0.682150	0.275487	
0.013857	0.106202	0.879941	
0.022813	0.105069	0.872118	
0.319294	0.627868	0.052838	
0.463381	0.415220	0.121399	
0.019251	0.697946	0.282802	
0.346873	0.296350	0.356777	
0.017630	0.462577	0.519793	
0.442712	0.444797	0.112491	
0.135475	0.494556	0.369969	
0.000700	0.010674	0.988626	
0.007770	0.831716	0.160513	
0.331061	0.392598	0.276340	
0.005145	0.042204	0.952651	
0.066826	0.656290	0.276884	
0.005276	0.327062	0.667663	
0.056096	0.657504	0.286400	
0.036989	0.358763	0.604248	
0.027500	0.116458	0.856042	
0.017066	0.448351	0.534583	
0.904544	0.090177	0.005279	
0.066136	0.131773	0.802091	
0.032330	0.604957	0.362713	
0.118104	0.460970	0.420926	
0.598375	0.304958	0.096666	
0.036224	0.050673	0.913103	
0.123991	0.691310	0.184699	
0.005088	0.083208	0.911704	
0.049276	0.218739	0.731985	
0.439292	0.407705	0.153002	
0.578858	0.259425	0.161717	
0.135658	0.170950	0.693392	
0.155058	0.152565	0.692377	
0.348302	0.350699	0.300999	
0.781354	0.173225	0.045421	
0.026106	0.035647	0.938247	
0.227527	0.497181	0.275292	
0.009240	0.199095	0.791665	
0.212183	0.543214	0.244602	
0.059474	0.131441	0.809085	
0.747493	0.214516	0.037991	
0.008080	0.676613	0.315307	
0.138191	0.207163	0.654646	
0.021183	0.122399	0.856418	
0.079565	0.537577	0.382858	
0.485454	0.333982	0.180564	
0.015251	0.291767	0.692982	
0.282921	0.475800	0.241279	
0.049032	0.382801	0.568167	
