0.135911	0.368912	0.495178	
0.786585	0.184793	0.028622	
0.779356	0.160185	0.060459	
0.804659	0.172635	0.022706	
0.203207	0.417695	0.379098	
0.203207	0.417695	0.379098	
0.018649	0.221352	0.759999	
0.791594	0.181089	0.027317	
0.572401	0.284940	0.142659	
0.750824	0.225249	0.023927	
0.195120	0.388485	0.416396	
0.056535	0.790030	0.153435	
0.008018	0.198786	0.793195	
0.203207	0.417695	0.379098	
0.009962	0.826932	0.163106	
0.068670	0.146325	0.785006	
0.078472	0.681395	0.240132	
0.325803	0.640006	0.034191	
0.203207	0.417695	0.379098	
0.203207	0.417695	0.379098	
0.001270	0.011300	0.987429	
0.222402	0.441357	0.336241	
0.062263	0.202514	0.735222	
0.825183	0.153238	0.021579	
0.203207	0.417695	0.379098	
0.853632	0.133426	0.012942	
0.004843	0.784955	0.210202	
0.203207	0.417695	0.379098	
0.111540	0.729934	0.158526	
0.159617	0.242839	0.597544	
0.137824	0.260985	0.601191	
0.007547	0.070245	0.922208	
0.020024	0.047363	0.932613	
0.012096	0.108526	0.879379	
0.015614	0.812649	0.171737	
0.015082	0.354574	0.630344	
0.761512	0.211389	0.027099	
0.572326	0.360948	0.066726	
0.203207	0.417695	0.379098	
0.203207	0.417695	0.379098	
0.203207	0.417695	0.379098	
0.149746	0.794672	0.055582	
0.080470	0.768861	0.150669	
0.645441	0.283859	0.070700	
0.009406	0.817557	0.173037	
0.203207	0.417695	0.379098	
0.017382	0.223607	0.759010	
0.276617	0.254438	0.468945	
0.005558	0.410917	0.583525	
0.038467	0.072498	0.889035	
0.203207	0.417695	0.379098	
0.064431	0.819748	0.115821	
0.025980	0.654434	0.319585	
0.025254	0.210012	0.764734	
0.002759	0.864246	0.132996	
0.203207	0.417695	0.379098	
0.203207	0.417695	0.379098	
0.203207	0.417695	0.379098	
0.009098	0.584635	0.406266	
0.513723	0.376051	0.110226	
0.288993	0.585719	0.125289	
0.610478	0.314477	0.075044	
0.010053	0.109802	0.880144	
0.231199	0.253140	0.515661	
0.203207	0.417695	0.379098	
0.024442	0.567212	0.408346	
0.949420	0.046993	0.003587	
0.203207	0.417695	0.379098	
0.505148	0.419576	0.075276	
0.004712	0.163125	0.832163	
0.906017	0.082789	0.011195	
0.479936	0.325538	0.194526	
0.017297	0.688507	0.294196	
0.041220	0.598787	0.359993	
0.203207	0.417695	0.379098	
0.203207	0.417695	0.379098	
0.203207	0.417695	0.379098	
0.015331	0.085650	0.899019	
0.013319	0.861155	0.125526	
0.203207	0.417695	0.379098	
0.004152	0.853086	0.142762	
0.000970	0.031268	0.967762	
0.318517	0.414824	0.266659	
0.167225	0.190119	0.642656	
0.203207	0.417695	0.379098	
0.186236	0.587961	0.225803	
0.139570	0.634691	0.225739	
0.007771	0.122877	0.869352	
0.020323	0.112030	0.867647	
0.535799	0.304657	0.159544	
0.051218	0.759298	0.189484	
0.026630	0.778139	0.195231	
0.144080	0.786189	0.069732	
0.203207	0.417695	0.379098	
0.644638	0.299244	0.056118	
0.005393	0.515799	0.478808	
0.203207	0.417695	0.379098	
0.015431	0.797474	0.187095	
0.007999	0.710174	0.281827	
0.008855	0.031818	0.959327	
0.009654	0.745046	0.245299	
0.094626	0.632880	0.272494	
0.676321	0.293509	0.030170	
0.014236	0.384867	0.600896	
0.291628	0.453981	0.254391	
0.002108	0.852261	0.145631	
0.022739	0.751984	0.225278	
0.173657	0.351033	0.475310	
0.053784	0.621789	0.324427	
0.809369	0.163516	0.027114	
0.003710	0.195627	0.800663	
0.871929	0.115978	0.012093	
0.128413	0.730448	0.141138	
0.226453	0.630134	0.143414	
0.119542	0.515590	0.364868	
0.005388	0.680178	0.314433	
0.165054	0.153284	0.681662	
0.100139	0.697278	0.202583	
0.004593	0.819308	0.176099	
0.018627	0.883238	0.098135	
0.077092	0.561587	0.361321	
0.203207	0.417695	0.379098	
0.397552	0.439457	0.162991	
0.029347	0.324470	0.646183	
0.203207	0.417695	0.379098	
0.203207	0.417695	0.379098	
0.203207	0.417695	0.379098	
0.899816	0.093362	0.006822	
0.004545	0.761021	0.234435	
0.251945	0.416636	0.331418	
0.055805	0.619413	0.324782	
0.014930	0.762378	0.222691	
0.183961	0.459482	0.356557	
0.742489	0.229437	0.028073	
0.164341	0.629700	0.205958	
0.203207	0.417695	0.379098	
0.082645	0.577009	0.340346	
0.316367	0.312127	0.371506	
0.039929	0.754749	0.205322	
0.001165	0.012418	0.986417	
0.002445	0.828857	0.168698	
0.203207	0.417695	0.379098	
0.009799	0.124532	0.865669	
0.003467	0.814304	0.182229	
0.000338	0.020616	0.979046	
0.510796	0.402411	0.086793	
0.010530	0.837583	0.151887	
0.069975	0.685768	0.244257	
0.006315	0.828600	0.165085	
0.004179	0.403313	0.592508	
0.014770	0.796734	0.188496	
0.235235	0.575694	0.189071	
0.203207	0.417695	0.379098	
0.435451	0.250493	0.314056	
0.741132	0.220731	0.038136	
0.022183	0.812124	0.165693	
0.195699	0.605437	0.198864	
0.159820	0.578006	0.262174	
0.002263	0.829266	0.168472	
0.257921	0.591211	0.150868	
0.083886	0.237472	0.678643	
0.016033	0.218141	0.765825	
0.673573	0.263803	0.062624	
0.532426	0.357173	0.110401	
0.714497	0.207715	0.077788	
0.033138	0.333898	0.632963	
0.030559	0.039269	0.930173	
0.261614	0.579914	0.158473	
0.203207	0.417695	0.379098	
0.020391	0.739683	0.239927	
0.023036	0.350556	0.626408	
0.203207	0.417695	0.379098	
0.143585	0.809030	0.047385	
0.389099	0.471038	0.139862	
0.060896	0.351485	0.587619	
0.004364	0.039438	0.956198	
0.032750	0.844417	0.122833	
0.387163	0.394905	0.217932	
0.159427	0.575548	0.265025	
0.511256	0.372157	0.116587	
0.008812	0.840514	0.150675	
0.018104	0.582597	0.399300	
0.040491	0.284114	0.675395	
0.203207	0.417695	0.379098	
0.007171	0.724215	0.268614	
0.100488	0.822278	0.077234	
0.153634	0.451145	0.395221	
0.693251	0.269551	0.037198	
0.728692	0.234604	0.036704	
0.256381	0.427899	0.315720	
0.203207	0.417695	0.379098	
0.000286	0.004653	0.995061	
0.203207	0.417695	0.379098	
0.115100	0.736395	0.148505	
0.008028	0.160381	0.831591	
0.203207	0.417695	0.379098	
0.460585	0.478853	0.060562	
0.909697	0.079639	0.010664	
0.044633	0.279631	0.675737	
0.203207	0.417695	0.379098	
0.056952	0.630678	0.312369	
0.079808	0.584894	0.335298	
0.000650	0.012586	0.986764	
0.130020	0.695687	0.174292	
0.021643	0.567069	0.411288	
0.004893	0.021489	0.973619	
0.006929	0.843620	0.149452	
0.009341	0.621401	0.369258	
0.104901	0.755476	0.139622	
0.634903	0.287567	0.077530	
0.878197	0.112732	0.009071	
0.015749	0.710951	0.273301	
0.001706	0.750236	0.248058	
0.007951	0.813343	0.178706	
0.098557	0.696532	0.204911	
0.203207	0.417695	0.379098	
0.203207	0.417695	0.379098	
0.024521	0.660931	0.314548	
0.013710	0.056117	0.930173	
0.224871	0.462560	0.312569	
0.014922	0.670565	0.314514	
0.203207	0.417695	0.379098	
0.103855	0.640917	0.255228	
0.203207	0.417695	0.379098	
0.180490	0.597322	0.222188	
0.414236	0.414612	0.171152	
0.415952	0.474473	0.109575	
0.007872	0.821922	0.170206	
0.573643	0.367658	0.058699	
0.668116	0.290743	0.041141	
0.433435	0.345662	0.220902	
0.713248	0.268661	0.018091	
0.000060	0.003051	0.996889	
0.786885	0.181793	0.031323	
0.009711	0.041998	0.948291	
0.203207	0.417695	0.379098	
0.284093	0.281594	0.434312	
0.017470	0.145690	0.836840	
0.681751	0.272707	0.045542	
0.594761	0.317144	0.088095	
0.030705	0.662137	0.307158	
0.032672	0.894007	0.073321	
0.203207	0.417695	0.379098	
0.186236	0.587961	0.225803	
0.001998	0.749228	0.248773	
0.522582	0.380594	0.096824	
0.003756	0.825544	0.170700	
0.037085	0.187040	0.775875	
0.203207	0.417695	0.379098	
0.685809	0.284652	0.029538	
0.203207	0.417695	0.379098	
0.197433	0.324634	0.477934	
0.164469	0.686776	0.148755	
0.029517	0.335582	0.634901	
0.908313	0.083542	0.008146	
0.203207	0.417695	0.379098	
0.464955	0.380290	0.154756	
0.004966	0.243709	0.751325	
0.203207	0.417695	0.379098	
0.079020	0.728616	0.192364	
0.004859	0.756733	0.238408	
0.203207	0.417695	0.379098	
0.203207	0.417695	0.379098	
0.003335	0.839164	0.157501	
0.012213	0.052828	0.934960	
0.601628	0.300957	0.097415	
0.032714	0.532924	0.434362	
0.203207	0.417695	0.379098	
0.589724	0.314032	0.096244	
0.203207	0.417695	0.379098	
0.203207	0.417695	0.379098	
0.110860	0.512094	0.377047	
0.058696	0.084195	0.857109	
0.032156	0.043762	0.924082	
0.005947	0.231772	0.762281	
0.006735	0.153120	0.840145	
0.089925	0.781763	0.128312	
0.017992	0.897771	0.084236	
0.025653	0.102314	0.872033	
0.323518	0.479674	0.196808	
0.695647	0.246044	0.058308	
0.030473	0.075490	0.894037	
0.203207	0.417695	0.379098	
0.004429	0.608525	0.387045	
0.030491	0.345518	0.623991	
0.686140	0.246441	0.067419	
0.034612	0.723329	0.242059	
0.229309	0.410853	0.359839	
0.687816	0.258480	0.053704	
0.203207	0.417695	0.379098	
0.037138	0.793079	0.169783	
0.342625	0.488080	0.169294	
0.203207	0.417695	0.379098	
0.004605	0.455196	0.540199	
0.831231	0.145985	0.022784	
0.010149	0.836211	0.153640	
0.255756	0.619340	0.124904	
0.203207	0.417695	0.379098	
0.222747	0.556388	0.220865	
0.654752	0.319705	0.025544	
0.016036	0.313992	0.669972	
0.033399	0.327354	0.639246	
0.276631	0.550939	0.172430	
0.203207	0.417695	0.379098	
0.203207	0.417695	0.379098	
0.043670	0.709473	0.246857	
0.484690	0.381425	0.133884	
0.203207	0.417695	0.379098	
0.052578	0.178712	0.768710	
0.188619	0.263547	0.547834	
0.005080	0.844638	0.150282	
0.005148	0.847185	0.147667	
0.000349	0.008145	0.991506	
0.756594	0.207339	0.036068	
0.964684	0.033050	0.002267	
0.366677	0.419599	0.213724	
0.042138	0.532139	0.425724	
0.004032	0.836537	0.159431	
0.166514	0.133965	0.699521	
0.946341	0.049336	0.004323	
0.000147	0.002343	0.997510	
0.043544	0.089265	0.867191	
0.203207	0.417695	0.379098	
0.454005	0.248916	0.297080	
0.063686	0.806490	0.129824	
0.007844	0.810717	0.181438	
0.203207	0.417695	0.379098	
0.054507	0.765075	0.180418	
0.259949	0.614504	0.125548	
0.590710	0.338639	0.070651	
0.054872	0.196217	0.748911	
0.077977	0.601897	0.320125	
0.202492	0.196268	0.601241	
0.031545	0.795521	0.172934	
0.008284	0.475590	0.516126	
0.203207	0.417695	0.379098	
0.304115	0.464888	0.230997	
0.186438	0.715761	0.097801	
0.603162	0.275466	0.121372	
0.203207	0.417695	0.379098	
0.015783	0.646672	0.337545	
0.681528	0.273858	0.044615	
0.287789	0.606207	0.106004	
0.170936	0.582526	0.246538	
0.252741	0.166264	0.580995	
0.037595	0.285385	0.677020	
0.536439	0.360148	0.103414	
0.203207	0.417695	0.379098	
0.008270	0.749670	0.242060	
0.112422	0.337508	0.550070	
0.010834	0.835755	0.153412	
0.017508	0.348240	0.634253	
0.403578	0.334001	0.262421	
0.850553	0.135934	0.013513	
0.755398	0.206235	0.038367	
0.040675	0.718576	0.240748	
0.197022	0.222045	0.580933	
0.701481	0.192849	0.105670	
0.434415	0.474925	0.090660	
0.084724	0.804721	0.110555	
0.203207	0.417695	0.379098	
0.011488	0.833807	0.154705	
0.203576	0.551644	0.244780	
0.242683	0.678520	0.078796	
0.195909	0.563284	0.240807	
0.309434	0.280165	0.410401	
0.226332	0.143094	0.630574	
0.174449	0.196179	0.629372	
0.074058	0.104267	0.821675	
0.002607	0.757568	0.239825	
0.457781	0.378179	0.164040	
0.155584	0.275841	0.568575	
0.569240	0.390988	0.039772	
0.528910	0.406003	0.065087	
0.243144	0.504019	0.252837	
0.007489	0.078146	0.914365	
0.005229	0.017786	0.976986	
0.424066	0.472628	0.103307	
0.105215	0.193709	0.701076	
0.043203	0.572184	0.384612	
0.018243	0.037604	0.944153	
0.488320	0.440844	0.070835	
0.056314	0.813899	0.129787	
0.041609	0.687537	0.270855	
0.466016	0.329933	0.204050	
0.024097	0.858279	0.117624	
0.005389	0.040566	0.954045	
0.757886	0.199487	0.042626	
0.203207	0.417695	0.379098	
0.203207	0.417695	0.379098	
0.851199	0.125121	0.023680	
0.028239	0.660509	0.311252	
0.533320	0.391618	0.075061	
0.203207	0.417695	0.379098	
0.608578	0.332254	0.059167	
0.039008	0.824980	0.136012	
0.203207	0.417695	0.379098	
0.760054	0.201740	0.038206	
0.014056	0.835550	0.150394	
0.673910	0.252381	0.073709	
0.203207	0.417695	0.379098	
0.013588	0.361900	0.624513	
0.174834	0.448689	0.376476	
0.266387	0.628907	0.104706	
0.203207	0.417695	0.379098	
0.020249	0.667425	0.312325	
0.352162	0.419532	0.228306	
0.044486	0.085248	0.870266	
0.341129	0.504641	0.154230	
0.920752	0.073562	0.005686	
0.029533	0.133744	0.836724	
0.083141	0.645882	0.270976	
0.038695	0.330271	0.631034	
0.249902	0.654048	0.096051	
0.203207	0.417695	0.379098	
0.001945	0.023963	0.974092	
0.199743	0.709932	0.090325	
0.645627	0.308539	0.045833	
0.000715	0.004815	0.994470	
0.071739	0.407424	0.520837	
0.835297	0.141787	0.022916	
0.004346	0.102441	0.893213	
0.024196	0.837556	0.138248	
0.805301	0.166139	0.028560	
0.007512	0.755181	0.237306	
0.378750	0.365129	0.256122	
0.223956	0.331641	0.444403	
0.203207	0.417695	0.379098	
0.134090	0.694702	0.171208	
0.851433	0.138197	0.010370	
0.192553	0.729973	0.077474	
0.063455	0.690253	0.246292	
0.014217	0.049902	0.935881	
0.730081	0.230572	0.039347	
0.203207	0.417695	0.379098	
0.047390	0.184305	0.768305	
0.003442	0.011691	0.984867	
0.004301	0.759232	0.236467	
0.664110	0.302360	0.033530	
0.009422	0.853444	0.137134	
0.828156	0.142927	0.028917	
0.108115	0.750246	0.141639	
0.203207	0.417695	0.379098	
0.439586	0.381612	0.178802	
0.065767	0.666441	0.267792	
0.837267	0.144442	0.018291	
0.520822	0.359986	0.119191	
0.203207	0.417695	0.379098	
0.037726	0.600965	0.361309	
0.129602	0.235171	0.635227	
0.009969	0.083080	0.906950	
0.704189	0.209107	0.086705	
0.014814	0.648031	0.337155	
0.049545	0.108057	0.842397	
0.898993	0.091661	0.009346	
0.005479	0.680843	0.313678	
0.014423	0.401032	0.584545	
0.631854	0.277727	0.090419	
0.011398	0.832380	0.156222	
0.203207	0.417695	0.379098	
0.092425	0.364320	0.543255	
0.016519	0.207134	0.776347	
0.276460	0.596349	0.127191	
0.432262	0.338193	0.229545	
0.203207	0.417695	0.379098	
0.203207	0.417695	0.379098	
0.010265	0.230592	0.759143	
0.012127	0.047202	0.940671	
0.001648	0.032777	0.965576	
0.036769	0.807927	0.155304	
0.064087	0.777255	0.158658	
0.605043	0.306270	0.088687	
0.017987	0.336054	0.645959	
0.014383	0.616848	0.368769	
0.180605	0.730181	0.089214	
0.930235	0.065315	0.004449	
0.203207	0.417695	0.379098	
0.000516	0.011308	0.988176	
0.005393	0.027336	0.967271	
0.120447	0.713477	0.166077	
0.343143	0.512675	0.144182	
0.339954	0.344643	0.315403	
0.001856	0.883258	0.114886	
0.000333	0.002533	0.997134	
0.309891	0.620637	0.069472	
0.512635	0.361911	0.125455	
0.738587	0.221447	0.039966	
0.203207	0.417695	0.379098	
0.197269	0.445395	0.357336	
0.005131	0.156727	0.838142	
0.586322	0.263385	0.150294	
0.010043	0.061884	0.928073	
0.111652	0.634540	0.253807	
0.001547	0.025415	0.973039	
0.203207	0.417695	0.379098	
0.018765	0.674954	0.306281	
0.203207	0.417695	0.379098	
0.026475	0.512153	0.461372	
0.010789	0.635580	0.353631	
0.006783	0.020484	0.972733	
0.509680	0.410020	0.080299	
0.858968	0.124955	0.016077	
0.207548	0.519601	0.272851	
0.203207	0.417695	0.379098	
0.006466	0.807488	0.186046	
0.006556	0.456956	0.536488	
0.066141	0.673529	0.260330	
0.013547	0.195813	0.790639	
0.042670	0.750019	0.207311	
0.482773	0.419630	0.097597	
0.513656	0.420983	0.065360	
0.006211	0.824468	0.169321	
0.000964	0.020122	0.978914	
0.882162	0.098336	0.019502	
0.029090	0.778022	0.192888	
0.409414	0.500079	0.090507	
0.029992	0.723241	0.246768	
0.035135	0.435017	0.529848	
0.629931	0.299702	0.070368	
0.006642	0.758921	0.234437	
0.198486	0.379439	0.422074	
0.033421	0.659165	0.307415	
0.033311	0.828584	0.138105	
0.026487	0.063036	0.910477	
0.203207	0.417695	0.379098	
0.006315	0.334048	0.659637	
0.021230	0.052314	0.926456	
0.004773	0.093522	0.901705	
0.328336	0.490653	0.181011	
0.143385	0.198954	0.657661	
0.004894	0.813850	0.181255	
0.014151	0.215087	0.770761	
0.012031	0.511504	0.476465	
0.009002	0.788127	0.202872	
0.203207	0.417695	0.379098	
0.069041	0.565054	0.365905	
0.417122	0.338331	0.244547	
0.010349	0.419877	0.569774	
0.674887	0.294366	0.030747	
0.470160	0.348161	0.181679	
0.059492	0.793456	0.147052	
0.203207	0.417695	0.379098	
0.619281	0.303233	0.077486	
0.004884	0.403798	0.591318	
0.898541	0.092475	0.008984	
0.203207	0.417695	0.379098	
0.017712	0.043532	0.938756	
0.038211	0.752337	0.209452	
0.753547	0.215054	0.031400	
0.203207	0.417695	0.379098	
0.030112	0.431936	0.537952	
0.509261	0.383941	0.106799	
0.521051	0.314140	0.164810	
0.334457	0.305961	0.359581	
0.069067	0.284985	0.645947	
0.203207	0.417695	0.379098	
0.012270	0.146570	0.841160	
0.085784	0.539020	0.375196	
0.007789	0.130562	0.861649	
0.019428	0.824827	0.155745	
0.066738	0.191353	0.741909	
0.203207	0.417695	0.379098	
0.006763	0.526095	0.467143	
0.068563	0.811738	0.119699	
0.026867	0.834864	0.138269	
0.052954	0.505551	0.441496	
0.639156	0.302887	0.057957	
0.009923	0.070875	0.919202	
0.203207	0.417695	0.379098	
0.205926	0.699375	0.094700	
0.759611	0.211062	0.029327	
0.031422	0.316920	0.651659	
0.381273	0.519388	0.099338	
0.008566	0.784878	0.206556	
0.022154	0.268413	0.709433	
0.002683	0.635684	0.361633	
0.203207	0.417695	0.379098	
0.042354	0.638648	0.318999	
0.362191	0.542727	0.095082	
0.643636	0.310700	0.045664	
0.098743	0.666420	0.234837	
0.807212	0.161156	0.031633	
0.597777	0.319035	0.083188	
0.045122	0.260985	0.693893	
0.073600	0.313983	0.612417	
0.000060	0.112019	0.887922	
0.794782	0.185787	0.019431	
0.598433	0.332395	0.069173	
0.075605	0.619674	0.304722	
0.092121	0.584358	0.323521	
0.004820	0.084310	0.910870	
0.034626	0.784446	0.180928	
0.002805	0.067013	0.930182	
0.194237	0.687190	0.118573	
0.055565	0.163030	0.781404	
0.356373	0.316477	0.327150	
0.204178	0.652243	0.143579	
0.019892	0.235774	0.744334	
0.001842	0.018601	0.979557	
0.055172	0.740673	0.204155	
0.704454	0.265112	0.030433	
0.013157	0.860497	0.126346	
0.035484	0.806608	0.157907	
0.323077	0.323705	0.353218	
0.084524	0.093514	0.821963	
0.016631	0.807145	0.176224	
0.003478	0.682410	0.314112	
0.035351	0.489345	0.475304	
0.508592	0.339565	0.151843	
0.001587	0.031903	0.966511	
0.153928	0.244249	0.601823	
0.000201	0.016569	0.983230	
0.819328	0.166006	0.014666	
0.046398	0.843461	0.110141	
0.013051	0.220668	0.766281	
0.007257	0.384200	0.608542	
0.035555	0.281428	0.683017	
0.750680	0.217791	0.031529	
0.904458	0.087711	0.007831	
0.098105	0.671164	0.230731	
0.060987	0.528402	0.410611	
0.203207	0.417695	0.379098	
0.012168	0.563213	0.424619	
0.038775	0.775873	0.185352	
0.681069	0.274813	0.044118	
0.024023	0.210619	0.765358	
0.150220	0.733393	0.116386	
0.008973	0.185751	0.805276	
0.203207	0.417695	0.379098	
0.136119	0.641322	0.222560	
0.002088	0.752983	0.244929	
0.039556	0.758661	0.201783	
0.006080	0.028455	0.965465	
0.566159	0.279887	0.153954	
0.203207	0.417695	0.379098	
0.015271	0.671465	0.313264	
0.203207	0.417695	0.379098	
0.003465	0.066267	0.930268	
0.003688	0.021507	0.974805	
0.003324	0.033435	0.963241	
0.022792	0.521567	0.455642	
0.577810	0.364456	0.057734	
0.291438	0.520099	0.188463	
0.117657	0.711836	0.170506	
0.485006	0.477104	0.037890	
0.013081	0.879967	0.106952	
0.002573	0.017062	0.980365	
0.005696	0.064783	0.929521	
0.611839	0.309660	0.078501	
0.070451	0.190889	0.738660	
0.024963	0.781608	0.193428	
0.025444	0.034349	0.940208	
0.001272	0.050748	0.947980	
0.203207	0.417695	0.379098	
0.112295	0.615046	0.272659	
0.026279	0.778184	0.195537	
0.073816	0.543089	0.383095	
0.218700	0.260748	0.520553	
0.333812	0.504101	0.162087	
0.002605	0.359445	0.637950	
0.009217	0.597417	0.393366	
0.203207	0.417695	0.379098	
0.203207	0.417695	0.379098	
0.099219	0.532074	0.368707	
0.029286	0.798402	0.172312	
0.552007	0.392418	0.055575	
0.203207	0.417695	0.379098	
0.159916	0.293890	0.546193	
0.203207	0.417695	0.379098	
0.042026	0.204619	0.753355	
0.450837	0.462206	0.086957	
0.033359	0.636447	0.330194	
0.203207	0.417695	0.379098	
0.735777	0.216599	0.047624	
0.066330	0.861179	0.072491	
0.853881	0.131609	0.014510	
0.136452	0.579772	0.283776	
0.005635	0.664239	0.330126	
0.203207	0.417695	0.379098	
0.203207	0.417695	0.379098	
0.203207	0.417695	0.379098	
0.005137	0.053212	0.941650	
0.782733	0.182439	0.034828	
0.202977	0.427212	0.369811	
0.227019	0.707074	0.065908	
0.203207	0.417695	0.379098	
0.594469	0.314652	0.090879	
0.006273	0.852693	0.141034	
0.364268	0.549109	0.086623	
0.005047	0.476620	0.518333	
0.052692	0.708137	0.239171	
0.905191	0.080441	0.014368	
0.022824	0.814624	0.162552	
0.590694	0.283648	0.125658	
0.042156	0.595871	0.361973	
0.007369	0.732343	0.260289	
0.060516	0.837734	0.101749	
0.014887	0.766376	0.218736	
0.010396	0.073171	0.916433	
0.021422	0.192010	0.786568	
0.203207	0.417695	0.379098	
0.141238	0.432025	0.426737	
0.871818	0.118694	0.009487	
0.021214	0.858398	0.120388	
0.203207	0.417695	0.379098	
0.142298	0.410096	0.447605	
0.011507	0.807388	0.181104	
0.001809	0.036158	0.962033	
0.419426	0.341543	0.239031	
0.013247	0.854695	0.132058	
0.203207	0.417695	0.379098	
0.053861	0.124848	0.821291	
0.492455	0.368759	0.138786	
0.015100	0.745349	0.239551	
0.009495	0.191166	0.799339	
0.011036	0.782551	0.206413	
0.114898	0.143786	0.741316	
0.313759	0.307324	0.378917	
0.014798	0.812120	0.173082	
0.647626	0.272604	0.079770	
0.009091	0.237218	0.753691	
0.749683	0.203890	0.046427	
0.801645	0.166014	0.032342	
0.282081	0.362218	0.355701	
0.004854	0.063146	0.932000	
0.110969	0.809898	0.079133	
0.000387	0.001615	0.997998	
0.025942	0.044747	0.929310	
0.795265	0.177799	0.026936	
0.657102	0.262089	0.080809	
0.024493	0.869625	0.105883	
0.658222	0.282109	0.059669	
0.203207	0.417695	0.379098	
0.890480	0.080563	0.028957	
0.026826	0.761385	0.211790	
0.086571	0.474515	0.438915	
0.006429	0.030066	0.963506	
0.551803	0.366971	0.081227	
0.004677	0.726389	0.268934	
0.000308	0.006388	0.993304	
0.058839	0.764392	0.176769	
0.846328	0.134342	0.019331	
0.051101	0.839182	0.109717	
0.011355	0.673175	0.315470	
0.203207	0.417695	0.379098	
0.011085	0.064229	0.924686	
0.568004	0.322198	0.109798	
0.006658	0.877495	0.115847	
0.666335	0.289621	0.044044	
0.314094	0.554386	0.131520	
0.868879	0.110092	0.021029	
0.692822	0.255890	0.051288	
0.074474	0.627624	0.297902	
0.047550	0.564141	0.388309	
0.055226	0.729142	0.215632	
0.069546	0.610415	0.320039	
0.094136	0.569055	0.336809	
0.199016	0.228189	0.572795	
0.124201	0.643031	0.232768	
0.068131	0.373115	0.558755	
0.001681	0.047597	0.950722	
0.148678	0.352365	0.498958	
0.203207	0.417695	0.379098	
0.003431	0.388253	0.608316	
0.862779	0.117175	0.020046	
0.593537	0.334550	0.071913	
0.005637	0.714262	0.280101	
0.203207	0.417695	0.379098	
0.025820	0.100572	0.873608	
0.025646	0.354561	0.619794	
0.203207	0.417695	0.379098	
0.666973	0.263110	0.069917	
0.021074	0.057837	0.921089	
0.203207	0.417695	0.379098	
0.006432	0.848384	0.145184	
0.153564	0.471116	0.375320	
0.745348	0.213051	0.041601	
0.052647	0.606063	0.341290	
0.011682	0.743190	0.245128	
0.626302	0.313219	0.060478	
0.491178	0.316000	0.192822	
0.020078	0.800646	0.179276	
0.701516	0.232294	0.066190	
0.221372	0.171561	0.607067	
0.579752	0.315775	0.104473	
0.203207	0.417695	0.379098	
0.761149	0.196275	0.042576	
0.011518	0.407303	0.581180	
0.203207	0.417695	0.379098	
0.958373	0.039011	0.002617	
0.127740	0.657758	0.214502	
0.006244	0.808930	0.184826	
0.002675	0.043630	0.953695	
0.757867	0.217541	0.024592	
0.203207	0.417695	0.379098	
0.203207	0.417695	0.379098	
0.003259	0.332810	0.663931	
0.300294	0.490148	0.209558	
0.004625	0.794397	0.200978	
0.032967	0.128854	0.838178	
0.203207	0.417695	0.379098	
0.080896	0.420196	0.498908	
0.105116	0.704374	0.190510	
0.016436	0.511834	0.471729	
0.762895	0.217293	0.019811	
0.031045	0.685453	0.283502	
0.017527	0.674366	0.308106	
0.125008	0.754094	0.120897	
0.203207	0.417695	0.379098	
0.011951	0.702668	0.285380	
0.314505	0.252211	0.433284	
0.234563	0.305734	0.459703	
0.004965	0.162226	0.832808	
0.200837	0.688214	0.110949	
0.070152	0.094551	0.835297	
0.203207	0.417695	0.379098	
0.203207	0.417695	0.379098	
0.013823	0.873480	0.112697	
0.080715	0.640017	0.279268	
0.085061	0.281369	0.633569	
0.312243	0.325204	0.362553	
0.000196	0.014695	0.985109	
0.203207	0.417695	0.379098	
0.012113	0.786812	0.201075	
0.203207	0.417695	0.379098	
0.002874	0.724308	0.272818	
0.641396	0.290623	0.067982	
0.203207	0.417695	0.379098	
0.002040	0.666035	0.331925	
0.281118	0.520699	0.198182	
0.203207	0.417695	0.379098	
0.012586	0.309302	0.678112	
0.002516	0.131252	0.866232	
0.016562	0.140144	0.843293	
0.017876	0.445134	0.536989	
0.002042	0.016109	0.981850	
0.203207	0.417695	0.379098	
0.203207	0.417695	0.379098	
0.432757	0.502474	0.064769	
0.441383	0.288523	0.270094	
0.818616	0.159721	0.021663	
0.385950	0.525930	0.088120	
0.203207	0.417695	0.379098	
0.824919	0.162287	0.012794	
0.045414	0.084660	0.869926	
0.203207	0.417695	0.379098	
0.072580	0.091723	0.835696	
0.006170	0.050544	0.943286	
0.726966	0.215877	0.057158	
0.700167	0.267645	0.032189	
0.120964	0.219508	0.659528	
0.005081	0.669573	0.325346	
0.203207	0.417695	0.379098	
0.086750	0.693743	0.219508	
0.009865	0.062473	0.927662	
0.822975	0.164797	0.012227	
0.445875	0.354069	0.200056	
0.009842	0.701121	0.289037	
0.061908	0.750103	0.187989	
0.004295	0.669252	0.326453	
0.492256	0.382684	0.125060	
0.180718	0.558259	0.261023	
0.886518	0.108134	0.005348	
0.025181	0.861858	0.112961	
0.203207	0.417695	0.379098	
0.049178	0.074175	0.876647	
0.003863	0.788904	0.207233	
0.196454	0.591777	0.211769	
0.130199	0.451462	0.418339	
0.004603	0.825401	0.169995	
0.142720	0.554881	0.302399	
0.012967	0.402966	0.584067	
0.037767	0.638968	0.323265	
0.035149	0.156720	0.808131	
0.679765	0.275516	0.044720	
0.106681	0.496649	0.396670	
0.079895	0.790016	0.130089	
0.040797	0.740244	0.218960	
0.253219	0.634918	0.111864	
0.005813	0.474446	0.519742	
0.732346	0.224996	0.042659	
0.480407	0.379686	0.139908	
0.005201	0.134980	0.859820	
0.685074	0.275971	0.038955	
0.001204	0.844845	0.153951	
0.039909	0.590881	0.369210	
0.003301	0.835024	0.161675	
0.203207	0.417695	0.379098	
0.534446	0.369382	0.096172	
0.003187	0.032841	0.963972	
0.153722	0.573770	0.272508	
0.004640	0.674383	0.320978	
0.168964	0.219289	0.611747	
0.839844	0.142001	0.018155	
0.004387	0.158899	0.836714	
0.014615	0.675388	0.309997	
0.491850	0.408075	0.100075	
0.363596	0.411446	0.224958	
0.203207	0.417695	0.379098	
0.005150	0.479435	0.515415	
0.000965	0.012288	0.986747	
0.203207	0.417695	0.379098	
0.018197	0.392655	0.589148	
0.622172	0.320390	0.057438	
0.245900	0.479215	0.274884	
0.002835	0.034075	0.963091	
0.047194	0.496738	0.456069	
0.403799	0.383487	0.212714	
0.011023	0.819858	0.169118	
0.225076	0.729913	0.045010	
0.024101	0.823372	0.152527	
0.000341	0.003518	0.996141	
0.004678	0.596496	0.398826	
0.002116	0.589614	0.408270	
0.203207	0.417695	0.379098	
0.005869	0.307458	0.686673	
0.202446	0.278765	0.518789	
0.011409	0.646202	0.342389	
0.086189	0.548136	0.365675	
0.005822	0.838318	0.155860	
0.203207	0.417695	0.379098	
0.008318	0.867611	0.124070	
0.453419	0.436967	0.109614	
0.495079	0.441634	0.063287	
0.203207	0.417695	0.379098	
0.015456	0.037980	0.946564	
0.043809	0.797434	0.158756	
0.044610	0.834180	0.121210	
0.108240	0.741660	0.150101	
0.006618	0.144701	0.848680	
0.319727	0.207520	0.472752	
0.896862	0.093216	0.009923	
0.586876	0.342598	0.070526	
0.787718	0.188906	0.023376	
0.000941	0.016424	0.982635	
0.203207	0.417695	0.379098	
0.021362	0.871658	0.106980	
0.134975	0.166991	0.698033	
0.010277	0.483055	0.506667	
0.446562	0.433382	0.120056	
0.093735	0.732185	0.174080	
0.016364	0.743570	0.240067	
0.476915	0.339260	0.183824	
0.005276	0.098656	0.896068	
0.029457	0.439146	0.531397	
0.003672	0.867247	0.129081	
0.006992	0.232077	0.760932	
0.404062	0.463879	0.132059	
0.201250	0.709486	0.089264	
0.003678	0.756683	0.239639	
0.360634	0.353849	0.285517	
0.203207	0.417695	0.379098	
0.015622	0.742593	0.241786	
0.000969	0.764196	0.234835	
0.013843	0.855882	0.130275	
0.203207	0.417695	0.379098	
0.203207	0.417695	0.379098	
0.235715	0.599162	0.165123	
0.879439	0.099075	0.021485	
0.323214	0.474067	0.202719	
0.017337	0.031351	0.951312	
0.203207	0.417695	0.379098	
0.185876	0.608844	0.205281	
0.005930	0.705833	0.288237	
0.476098	0.442492	0.081410	
0.203207	0.417695	0.379098	
0.619985	0.314511	0.065503	
0.111817	0.429992	0.458191	
0.033500	0.209039	0.757460	
0.203207	0.417695	0.379098	
0.700309	0.224616	0.075074	
0.118323	0.382447	0.499231	
0.203207	0.417695	0.379098	
0.065867	0.606369	0.327764	
0.896198	0.085483	0.018320	
0.001314	0.864394	0.134292	
0.015078	0.880114	0.104808	
0.206267	0.394379	0.399354	
0.203207	0.417695	0.379098	
0.811961	0.153854	0.034186	
0.006698	0.750525	0.242777	
0.009361	0.570606	0.420032	
0.533229	0.427687	0.039084	
0.011459	0.440257	0.548283	
0.012367	0.073515	0.914118	
0.002682	0.451639	0.545679	
0.595177	0.322985	0.081838	
0.294447	0.378640	0.326913	
0.133473	0.708382	0.158145	
0.000982	0.012091	0.986928	
0.011481	0.018235	0.970283	
0.004117	0.872083	0.123801	
0.328381	0.587483	0.084137	
0.009055	0.672640	0.318305	
0.499216	0.356401	0.144383	
0.004194	0.013833	0.981973	
0.225659	0.557717	0.216625	
0.203207	0.417695	0.379098	
0.098084	0.239045	0.662871	
0.044888	0.796937	0.158175	
0.060922	0.160384	0.778694	
0.260877	0.592945	0.146178	
0.203207	0.417695	0.379098	
0.039849	0.827503	0.132648	
0.002109	0.784942	0.212949	
0.641856	0.273387	0.084757	
0.798525	0.176128	0.025347	
0.703208	0.184025	0.112767	
0.004326	0.640198	0.355476	
0.108761	0.314161	0.577078	
0.012620	0.384955	0.602425	
0.016237	0.822107	0.161656	
0.002269	0.445048	0.552683	
0.915194	0.077639	0.007166	
0.178007	0.668413	0.153580	
0.014373	0.786178	0.199449	
0.074381	0.766412	0.159207	
0.013840	0.121849	0.864312	
0.127128	0.155296	0.717576	
0.603591	0.340003	0.056406	
0.937735	0.058867	0.003397	
0.021830	0.136694	0.841476	
0.203207	0.417695	0.379098	
0.027446	0.158150	0.814403	
0.203207	0.417695	0.379098	
0.009412	0.808461	0.182127	
0.665908	0.279388	0.054704	
0.269198	0.602302	0.128500	
0.011098	0.042589	0.946313	
0.203207	0.417695	0.379098	
0.330600	0.514970	0.154431	
0.268728	0.491343	0.239929	
0.096606	0.760257	0.143137	
0.009787	0.068011	0.922202	
0.016863	0.893908	0.089229	
0.026986	0.737122	0.235893	
0.047316	0.170745	0.781940	
0.055832	0.756669	0.187499	
0.005503	0.850396	0.144102	
0.203207	0.417695	0.379098	
0.071933	0.677189	0.250878	
0.001141	0.037174	0.961685	
0.409138	0.328780	0.262082	
0.203207	0.417695	0.379098	
0.001911	0.009278	0.988811	
0.245064	0.407236	0.347699	
0.007675	0.567601	0.424724	
0.203207	0.417695	0.379098	
0.005937	0.811803	0.182259	
0.112159	0.692981	0.194860	
0.564922	0.326079	0.108999	
0.106785	0.492845	0.400370	
0.006840	0.089432	0.903728	
0.019849	0.753105	0.227046	
0.019723	0.104972	0.875304	
0.007938	0.586075	0.405986	
0.002619	0.059645	0.937736	
0.203207	0.417695	0.379098	
0.101499	0.790972	0.107529	
0.280244	0.597613	0.122143	
0.037593	0.678775	0.283632	
0.274446	0.242955	0.482598	
0.071790	0.087924	0.840286	
0.642524	0.305419	0.052057	
0.016183	0.178593	0.805224	
0.013557	0.745758	0.240686	
0.050536	0.075375	0.874089	
0.034462	0.764422	0.201116	
0.203207	0.417695	0.379098	
0.809561	0.172807	0.017631	
0.011283	0.044723	0.943995	
0.006316	0.851878	0.141806	
0.064501	0.739324	0.196175	
0.001202	0.025124	0.973674	
0.014694	0.724310	0.260995	
0.203207	0.417695	0.379098	
0.014211	0.768449	0.217340	
0.203207	0.417695	0.379098	
0.203207	0.417695	0.379098	
0.584729	0.335688	0.079582	
0.754246	0.212166	0.033588	
0.011439	0.470874	0.517687	
0.200531	0.523042	0.276428	
0.113162	0.153343	0.733495	
0.244142	0.696326	0.059532	
0.011785	0.209145	0.779070	
0.469455	0.431851	0.098695	
0.001977	0.810867	0.187156	
0.003004	0.786254	0.210742	
0.646714	0.281147	0.072139	
0.796533	0.169466	0.034001	
0.020712	0.766061	0.213226	
0.000922	0.012858	0.986220	
0.358515	0.512544	0.128941	
0.460793	0.387938	0.151269	
0.203207	0.417695	0.379098	
0.523332	0.377517	0.099151	
0.163548	0.501342	0.335110	
0.315393	0.625899	0.058709	
0.482496	0.343979	0.173526	
0.203207	0.417695	0.379098	
0.203207	0.417695	0.379098	
0.024641	0.859064	0.116295	
0.203207	0.417695	0.379098	
0.181467	0.607370	0.211163	
0.203207	0.417695	0.379098	
0.010217	0.323924	0.665859	
0.501045	0.384275	0.114680	
0.829145	0.148779	0.022076	
0.427348	0.321097	0.251556	
0.622499	0.257564	0.119937	
0.103694	0.769621	0.126685	
0.010859	0.479362	0.509779	
0.203207	0.417695	0.379098	
0.205534	0.545403	0.249062	
0.007998	0.739189	0.252813	
0.435855	0.456128	0.108018	
0.386917	0.524561	0.088522	
0.082404	0.109817	0.807779	
0.203207	0.417695	0.379098	
0.792242	0.189671	0.018087	
0.072118	0.795992	0.131890	
0.020176	0.354981	0.624842	
0.442674	0.345254	0.212072	
0.038990	0.054942	0.906068	
0.535766	0.382514	0.081720	
0.388946	0.423372	0.187681	
0.552393	0.334257	0.113351	
0.469221	0.441229	0.089550	
0.087369	0.212011	0.700619	
0.672975	0.223034	0.103992	
0.018428	0.824206	0.157366	
0.008894	0.134147	0.856958	
0.028522	0.058665	0.912812	
0.007453	0.784695	0.207852	
0.645420	0.310031	0.044548	
0.125879	0.653683	0.220438	
0.203207	0.417695	0.379098	
0.121852	0.624260	0.253888	
0.006721	0.415603	0.577676	
0.569762	0.302634	0.127604	
0.010957	0.077086	0.911957	
0.000763	0.014370	0.984867	
0.340412	0.531380	0.128209	
0.060332	0.722962	0.216706	
0.030759	0.139995	0.829246	
0.203207	0.417695	0.379098	
0.010164	0.040989	0.948847	
0.069121	0.742790	0.188089	
0.001996	0.807850	0.190154	
0.009562	0.066435	0.924003	
0.019825	0.524047	0.456128	
0.018974	0.088470	0.892556	
0.159783	0.615038	0.225179	
0.014202	0.065869	0.919929	
0.032020	0.791881	0.176099	
0.000733	0.014892	0.984374	
0.023950	0.835074	0.140976	
0.863366	0.116438	0.020195	
0.005169	0.669382	0.325449	
0.015678	0.107479	0.876843	
0.017990	0.113549	0.868460	
0.458880	0.463757	0.077363	
0.001079	0.043323	0.955599	
0.156447	0.632069	0.211485	
0.056323	0.085632	0.858045	
0.203207	0.417695	0.379098	
0.003220	0.612487	0.384294	
0.116988	0.675822	0.207190	
0.259946	0.494216	0.245839	
0.203207	0.417695	0.379098	
0.013534	0.104955	0.881511	
0.005952	0.772517	0.221531	
0.111780	0.363950	0.524270	
0.143352	0.783461	0.073187	
0.761054	0.205020	0.033926	
0.646714	0.265862	0.087424	
0.046957	0.592924	0.360118	
0.818925	0.157578	0.023497	
0.360902	0.502929	0.136168	
0.650413	0.279026	0.070561	
0.025955	0.706525	0.267520	
0.001785	0.008552	0.989663	
0.021250	0.809800	0.168950	
0.431161	0.504058	0.064782	
0.497025	0.410410	0.092565	
0.825603	0.149638	0.024759	
0.733380	0.186148	0.080472	
0.515383	0.298758	0.185859	
0.016355	0.028797	0.954847	
0.430646	0.481819	0.087534	
0.382687	0.499950	0.117363	
0.540040	0.347513	0.112448	
0.203207	0.417695	0.379098	
0.635358	0.301701	0.062941	
0.203207	0.417695	0.379098	
0.004579	0.829922	0.165499	
0.002008	0.726688	0.271304	
0.001632	0.413562	0.584806	
0.203207	0.417695	0.379098	
0.235247	0.214225	0.550528	
0.203207	0.417695	0.379098	
0.633401	0.282654	0.083945	
0.057309	0.177532	0.765159	
0.203207	0.417695	0.379098	
0.048267	0.136991	0.814741	
0.796953	0.181394	0.021653	
0.004863	0.380463	0.614674	
0.203207	0.417695	0.379098	
0.203207	0.417695	0.379098	
0.777445	0.185343	0.037212	
0.010249	0.737335	0.252416	
0.004351	0.437478	0.558171	
0.010802	0.298983	0.690215	
0.153366	0.245769	0.600865	
0.051549	0.834269	0.114181	
0.203207	0.417695	0.379098	
0.619916	0.277554	0.102530	
0.065480	0.564106	0.370414	
0.008851	0.397790	0.593359	
0.231346	0.571997	0.196657	
0.001579	0.028166	0.970255	
0.150353	0.714937	0.134710	
0.072966	0.104987	0.822047	
0.354201	0.322197	0.323603	
0.381535	0.497244	0.121221	
0.368862	0.517141	0.113997	
0.074571	0.262255	0.663174	
0.627409	0.320630	0.051961	
0.174865	0.709208	0.115927	
0.852577	0.120451	0.026972	
0.684984	0.263604	0.051411	
0.264513	0.234375	0.501113	
0.020853	0.052267	0.926879	
0.291035	0.607060	0.101905	
0.019254	0.252298	0.728448	
0.738948	0.212093	0.048959	
0.676519	0.289509	0.033972	
0.372813	0.511247	0.115940	
0.051628	0.058696	0.889676	
0.863999	0.114362	0.021639	
0.196501	0.257950	0.545549	
0.921106	0.073047	0.005847	
0.353120	0.506833	0.140047	
0.468037	0.335725	0.196239	
0.203207	0.417695	0.379098	
0.203207	0.417695	0.379098	
0.772932	0.190263	0.036805	
0.189687	0.619285	0.191028	
0.020904	0.480088	0.499008	
0.006432	0.693958	0.299610	
0.014070	0.215695	0.770235	
0.162303	0.648114	0.189584	
0.003169	0.112313	0.884518	
0.004735	0.856996	0.138269	
0.003328	0.010692	0.985980	
0.203207	0.417695	0.379098	
0.156083	0.271966	0.571952	
0.183535	0.445985	0.370480	
0.002819	0.023366	0.973815	
0.159649	0.483796	0.356556	
0.008359	0.110043	0.881598	
0.015224	0.082428	0.902349	
0.203207	0.417695	0.379098	
0.581780	0.366148	0.052072	
0.203207	0.417695	0.379098	
0.014180	0.241675	0.744146	
0.711478	0.243023	0.045498	
0.220190	0.526015	0.253795	
0.203207	0.417695	0.379098	
0.203207	0.417695	0.379098	
0.000544	0.003520	0.995936	
0.304665	0.566008	0.129327	
0.032551	0.710798	0.256651	
0.025400	0.766475	0.208125	
0.095438	0.666109	0.238453	
0.245751	0.590415	0.163834	
0.896212	0.089540	0.014248	
0.005953	0.070483	0.923563	
0.203207	0.417695	0.379098	
0.005394	0.194711	0.799895	
0.203207	0.417695	0.379098	
0.444682	0.521442	0.033876	
0.058573	0.778620	0.162807	
0.698633	0.220178	0.081189	
0.011808	0.652362	0.335830	
0.708064	0.258982	0.032955	
0.002302	0.016290	0.981409	
0.000234	0.006647	0.993119	
0.097596	0.639256	0.263147	
0.259301	0.624221	0.116478	
0.002725	0.014467	0.982808	
0.412456	0.390531	0.197013	
0.203207	0.417695	0.379098	
0.001920	0.860009	0.138071	
0.203207	0.417695	0.379098	
0.124492	0.701511	0.173997	
0.203207	0.417695	0.379098	
0.023112	0.744046	0.232842	
0.006022	0.880746	0.113232	
0.004007	0.451171	0.544822	
0.203207	0.417695	0.379098	
0.585418	0.338279	0.076303	
0.032336	0.698235	0.269429	
0.701796	0.223744	0.074460	
0.004926	0.673123	0.321951	
0.013089	0.093632	0.893279	
0.026877	0.058516	0.914607	
0.203207	0.417695	0.379098	
0.203207	0.417695	0.379098	
0.024117	0.624359	0.351524	
0.792255	0.178454	0.029292	
0.021471	0.145262	0.833266	
0.070684	0.284048	0.645268	
0.051496	0.825219	0.123285	
0.897544	0.089590	0.012865	
0.203207	0.417695	0.379098	
0.459535	0.354913	0.185553	
0.014579	0.659313	0.326107	
0.012341	0.419342	0.568317	
0.001347	0.713179	0.285475	
0.020728	0.097323	0.881949	
0.392104	0.344541	0.263355	
0.693961	0.269146	0.036893	
0.009297	0.129280	0.861424	
0.034308	0.779273	0.186419	
0.016323	0.034693	0.948983	
0.018422	0.781334	0.200245	
0.013247	0.854695	0.132058	
0.026349	0.231476	0.742175	
0.884973	0.092629	0.022398	
0.203207	0.417695	0.379098	
0.007489	0.131967	0.860544	
0.024922	0.089682	0.885396	
0.069640	0.757454	0.172906	
0.682712	0.285152	0.032136	
0.203207	0.417695	0.379098	
0.011659	0.734818	0.253523	
0.574417	0.368988	0.056595	
0.007958	0.373515	0.618527	
0.503405	0.304251	0.192344	
0.008003	0.452124	0.539873	
0.086315	0.680605	0.233080	
0.203207	0.417695	0.379098	
0.021722	0.809449	0.168829	
0.471941	0.451104	0.076955	
0.137090	0.651666	0.211244	
0.524635	0.415443	0.059921	
0.269038	0.628736	0.102226	
0.774326	0.210899	0.014775	
0.203207	0.417695	0.379098	
0.070106	0.767636	0.162258	
0.008559	0.856634	0.134806	
0.203207	0.417695	0.379098	
0.003607	0.868352	0.128041	
0.203207	0.417695	0.379098	
0.042631	0.789882	0.167487	
0.203207	0.417695	0.379098	
0.000181	0.005658	0.994161	
0.046797	0.078683	0.874520	
0.524263	0.409088	0.066649	
0.012329	0.193513	0.794159	
0.203207	0.417695	0.379098	
0.203207	0.417695	0.379098	
0.947651	0.048141	0.004208	
0.203207	0.417695	0.379098	
0.413200	0.447428	0.139372	
0.033419	0.734887	0.231694	
0.587635	0.372337	0.040028	
0.081894	0.628485	0.289621	
0.567756	0.378363	0.053881	
0.745948	0.221316	0.032736	
0.506370	0.365057	0.128572	
0.000679	0.021588	0.977732	
0.001669	0.611843	0.386488	
0.118477	0.150285	0.731238	
0.081276	0.543148	0.375577	
0.494167	0.405172	0.100661	
0.045399	0.423270	0.531331	
0.203207	0.417695	0.379098	
0.233932	0.519352	0.246716	
0.580753	0.315221	0.104026	
0.465816	0.375193	0.158991	
0.155632	0.201547	0.642821	
0.009470	0.691705	0.298825	
0.111492	0.717772	0.170735	
0.004637	0.825180	0.170183	
0.024176	0.404922	0.570901	
0.006919	0.041821	0.951260	
0.024904	0.752565	0.222531	
0.143512	0.218114	0.638374	
0.017364	0.500557	0.482079	
0.018271	0.088408	0.893321	
0.012286	0.775873	0.211841	
0.203207	0.417695	0.379098	
0.379552	0.514856	0.105592	
0.011865	0.051605	0.936530	
0.353322	0.580833	0.065845	
0.203207	0.417695	0.379098	
0.039247	0.059881	0.900872	
0.638153	0.291245	0.070601	
0.940623	0.055616	0.003761	
0.002758	0.189498	0.807744	
0.043348	0.761498	0.195154	
0.203207	0.417695	0.379098	
0.049030	0.505427	0.445543	
0.334470	0.373659	0.291872	
0.362543	0.324757	0.312700	
0.046595	0.688103	0.265302	
0.005130	0.706543	0.288327	
0.374601	0.555616	0.069783	
0.150943	0.486784	0.362273	
0.055234	0.784342	0.160424	
0.571296	0.371845	0.056859	
0.033132	0.839079	0.127789	
0.106236	0.710819	0.182945	
0.388487	0.508855	0.102658	
0.203207	0.417695	0.379098	
0.379338	0.532646	0.088016	
0.132466	0.498533	0.369002	
0.542084	0.318636	0.139280	
0.005218	0.824983	0.169799	
0.140748	0.149225	0.710027	
0.019826	0.050307	0.929867	
0.904523	0.088802	0.006675	
0.203207	0.417695	0.379098	
0.012854	0.868349	0.118798	
0.123378	0.634001	0.242620	
