0.010005	0.208470	0.781525	
0.582115	0.322776	0.095108	
0.674849	0.209717	0.115435	
0.794055	0.181005	0.024940	
0.173239	0.435972	0.390788	
0.173239	0.435972	0.390788	
0.009953	0.140362	0.849685	
0.635134	0.285663	0.079203	
0.098412	0.272404	0.629184	
0.468342	0.395260	0.136398	
0.110890	0.449267	0.439843	
0.016214	0.710654	0.273133	
0.011037	0.165427	0.823536	
0.173239	0.435972	0.390788	
0.009666	0.596951	0.393383	
0.012587	0.131901	0.855512	
0.030796	0.544790	0.424414	
0.499586	0.446783	0.053631	
0.173239	0.435972	0.390788	
0.173239	0.435972	0.390788	
0.000347	0.011244	0.988409	
0.067290	0.218437	0.714273	
0.020843	0.300794	0.678363	
0.625789	0.282944	0.091267	
0.173239	0.435972	0.390788	
0.832748	0.151067	0.016185	
0.010613	0.500395	0.488992	
0.173239	0.435972	0.390788	
0.062549	0.636088	0.301362	
0.221708	0.350407	0.427884	
0.104883	0.328622	0.566495	
0.001718	0.032696	0.965586	
0.003180	0.047875	0.948946	
0.010490	0.201863	0.787647	
0.006384	0.672904	0.320711	
0.009825	0.189550	0.800625	
0.640819	0.296600	0.062582	
0.449526	0.431934	0.118540	
0.173239	0.435972	0.390788	
0.173239	0.435972	0.390788	
0.173239	0.435972	0.390788	
0.283142	0.621668	0.095190	
0.118065	0.654662	0.227272	
0.483917	0.401641	0.114443	
0.009652	0.646511	0.343837	
0.173239	0.435972	0.390788	
0.002915	0.037809	0.959275	
0.005972	0.069808	0.924220	
0.009785	0.384893	0.605323	
0.007882	0.075625	0.916493	
0.173239	0.435972	0.390788	
0.056748	0.732745	0.210507	
0.014569	0.493488	0.491944	
0.008933	0.120443	0.870624	
0.018742	0.704690	0.276569	
0.173239	0.435972	0.390788	
0.173239	0.435972	0.390788	
0.173239	0.435972	0.390788	
0.011031	0.418429	0.570540	
0.261965	0.513312	0.224724	
0.216480	0.574021	0.209499	
0.493248	0.368491	0.138262	
0.006989	0.132381	0.860629	
0.033681	0.147701	0.818619	
0.173239	0.435972	0.390788	
0.012177	0.390060	0.597763	
0.879234	0.105715	0.015052	
0.173239	0.435972	0.390788	
0.232996	0.542346	0.224658	
0.003605	0.067399	0.928997	
0.832673	0.143572	0.023756	
0.353276	0.351234	0.295490	
0.010949	0.435048	0.554003	
0.017251	0.584262	0.398488	
0.173239	0.435972	0.390788	
0.173239	0.435972	0.390788	
0.173239	0.435972	0.390788	
0.003772	0.034606	0.961622	
0.012415	0.661221	0.326363	
0.173239	0.435972	0.390788	
0.011245	0.597488	0.391267	
0.001866	0.049246	0.948888	
0.279218	0.341182	0.379600	
0.007334	0.068138	0.924528	
0.173239	0.435972	0.390788	
0.120595	0.533553	0.345852	
0.030501	0.692192	0.277308	
0.004948	0.105410	0.889642	
0.006457	0.108457	0.885086	
0.101794	0.483114	0.415091	
0.055787	0.612456	0.331757	
0.051535	0.663301	0.285164	
0.076284	0.766415	0.157302	
0.173239	0.435972	0.390788	
0.569169	0.338722	0.092109	
0.006470	0.172322	0.821208	
0.173239	0.435972	0.390788	
0.010111	0.588314	0.401576	
0.007587	0.557238	0.435174	
0.003907	0.060567	0.935525	
0.011940	0.531497	0.456563	
0.036265	0.535735	0.428000	
0.503111	0.404128	0.092761	
0.011439	0.449724	0.538837	
0.220416	0.314961	0.464623	
0.007820	0.632216	0.359964	
0.011134	0.435418	0.553447	
0.016859	0.540868	0.442274	
0.025673	0.605766	0.368561	
0.646637	0.280153	0.073210	
0.008791	0.353763	0.637445	
0.740304	0.214070	0.045626	
0.148538	0.634791	0.216670	
0.068835	0.627345	0.303821	
0.034893	0.427649	0.537458	
0.009514	0.460471	0.530015	
0.071581	0.141899	0.786520	
0.041420	0.654035	0.304545	
0.009238	0.560334	0.430428	
0.020837	0.730351	0.248812	
0.025443	0.472243	0.502314	
0.173239	0.435972	0.390788	
0.491200	0.357537	0.151262	
0.015649	0.172417	0.811933	
0.173239	0.435972	0.390788	
0.173239	0.435972	0.390788	
0.173239	0.435972	0.390788	
0.797946	0.178970	0.023085	
0.019149	0.559328	0.421523	
0.012883	0.392935	0.594182	
0.026084	0.391349	0.582567	
0.015107	0.431429	0.553464	
0.014559	0.347265	0.638176	
0.552267	0.369242	0.078491	
0.286882	0.505803	0.207315	
0.173239	0.435972	0.390788	
0.033619	0.516825	0.449556	
0.300520	0.375784	0.323696	
0.063355	0.583108	0.353538	
0.000895	0.017967	0.981137	
0.008734	0.592461	0.398805	
0.173239	0.435972	0.390788	
0.006973	0.175814	0.817213	
0.014671	0.466399	0.518930	
0.000218	0.005406	0.994376	
0.377933	0.419005	0.203062	
0.008998	0.601691	0.389311	
0.054927	0.583493	0.361581	
0.010279	0.561919	0.427801	
0.009974	0.273848	0.716178	
0.036385	0.613583	0.350032	
0.209430	0.555483	0.235086	
0.173239	0.435972	0.390788	
0.542928	0.222227	0.234845	
0.588470	0.328671	0.082859	
0.009780	0.618087	0.372133	
0.103934	0.640370	0.255696	
0.093003	0.542901	0.364097	
0.007534	0.628207	0.364260	
0.123194	0.615987	0.260819	
0.015056	0.273873	0.711071	
0.006992	0.149706	0.843302	
0.470334	0.369761	0.159904	
0.417270	0.393796	0.188934	
0.520094	0.306154	0.173753	
0.010470	0.303511	0.686019	
0.009865	0.062247	0.927888	
0.192565	0.646318	0.161117	
0.173239	0.435972	0.390788	
0.018789	0.683943	0.297268	
0.015568	0.254859	0.729573	
0.173239	0.435972	0.390788	
0.077997	0.815446	0.106558	
0.150791	0.521531	0.327678	
0.035754	0.265964	0.698282	
0.002621	0.076429	0.920949	
0.043349	0.590604	0.366047	
0.284298	0.442245	0.273456	
0.014532	0.305035	0.680434	
0.339292	0.444122	0.216586	
0.018240	0.611113	0.370647	
0.009441	0.228910	0.761649	
0.018968	0.273497	0.707535	
0.173239	0.435972	0.390788	
0.009655	0.435763	0.554582	
0.071303	0.768134	0.160562	
0.020562	0.345712	0.633726	
0.622367	0.312555	0.065078	
0.551659	0.345989	0.102352	
0.046381	0.483516	0.470103	
0.173239	0.435972	0.390788	
0.000233	0.007601	0.992166	
0.173239	0.435972	0.390788	
0.021228	0.677855	0.300917	
0.002363	0.056572	0.941066	
0.173239	0.435972	0.390788	
0.350851	0.530509	0.118640	
0.801210	0.164280	0.034510	
0.013450	0.346119	0.640432	
0.173239	0.435972	0.390788	
0.036485	0.529215	0.434300	
0.046059	0.500726	0.453215	
0.000215	0.009307	0.990478	
0.025756	0.584482	0.389762	
0.011800	0.392300	0.595900	
0.002910	0.046617	0.950474	
0.009517	0.639318	0.351165	
0.010671	0.410736	0.578593	
0.176016	0.635268	0.188716	
0.317500	0.473731	0.208769	
0.607794	0.317766	0.074440	
0.018132	0.626789	0.355079	
0.007052	0.382117	0.610831	
0.012803	0.519038	0.468159	
0.243121	0.398970	0.357909	
0.173239	0.435972	0.390788	
0.173239	0.435972	0.390788	
0.018391	0.500474	0.481135	
0.012411	0.168655	0.818934	
0.084397	0.417440	0.498163	
0.015000	0.467305	0.517695	
0.173239	0.435972	0.390788	
0.059881	0.416777	0.523342	
0.173239	0.435972	0.390788	
0.131430	0.522165	0.346405	
0.334238	0.485412	0.180350	
0.209720	0.531539	0.258741	
0.013505	0.642785	0.343710	
0.487869	0.416954	0.095176	
0.550581	0.375131	0.074288	
0.492516	0.334338	0.173146	
0.485740	0.434574	0.079687	
0.000409	0.012484	0.987107	
0.542649	0.375585	0.081766	
0.001222	0.019668	0.979110	
0.173239	0.435972	0.390788	
0.133893	0.382929	0.483178	
0.010596	0.098490	0.890914	
0.616548	0.311102	0.072349	
0.415755	0.383623	0.200622	
0.012385	0.398509	0.589106	
0.045645	0.771039	0.183316	
0.173239	0.435972	0.390788	
0.120595	0.533553	0.345852	
0.011366	0.453003	0.535631	
0.385664	0.398719	0.215617	
0.010135	0.603303	0.386562	
0.011249	0.101723	0.887028	
0.173239	0.435972	0.390788	
0.272423	0.633435	0.094143	
0.173239	0.435972	0.390788	
0.022945	0.157871	0.819184	
0.088163	0.632871	0.278966	
0.009731	0.321555	0.668713	
0.809589	0.157766	0.032644	
0.173239	0.435972	0.390788	
0.121287	0.549243	0.329470	
0.011255	0.172233	0.816512	
0.173239	0.435972	0.390788	
0.252023	0.503451	0.244526	
0.008444	0.632253	0.359303	
0.173239	0.435972	0.390788	
0.173239	0.435972	0.390788	
0.007824	0.513554	0.478622	
0.005673	0.059996	0.934331	
0.440508	0.427396	0.132096	
0.010935	0.409560	0.579505	
0.173239	0.435972	0.390788	
0.355677	0.386107	0.258216	
0.173239	0.435972	0.390788	
0.173239	0.435972	0.390788	
0.178449	0.338053	0.483499	
0.011396	0.119814	0.868790	
0.030931	0.162593	0.806476	
0.006093	0.169146	0.824762	
0.004877	0.093542	0.901581	
0.012596	0.604506	0.382897	
0.035466	0.701105	0.263429	
0.002621	0.058508	0.938870	
0.385332	0.431454	0.183214	
0.355047	0.383864	0.261088	
0.006699	0.047205	0.946095	
0.173239	0.435972	0.390788	
0.013094	0.414413	0.572493	
0.006174	0.149216	0.844609	
0.533591	0.334892	0.131517	
0.012456	0.501842	0.485702	
0.034317	0.569109	0.396575	
0.508367	0.409045	0.082589	
0.173239	0.435972	0.390788	
0.013074	0.662212	0.324714	
0.063066	0.655341	0.281593	
0.173239	0.435972	0.390788	
0.010598	0.197939	0.791463	
0.573612	0.313818	0.112570	
0.019391	0.684208	0.296400	
0.084458	0.662113	0.253430	
0.173239	0.435972	0.390788	
0.105629	0.561019	0.333352	
0.597077	0.366123	0.036800	
0.003635	0.072262	0.924103	
0.013417	0.329220	0.657363	
0.076113	0.588762	0.335125	
0.173239	0.435972	0.390788	
0.173239	0.435972	0.390788	
0.089372	0.634148	0.276480	
0.371479	0.486143	0.142379	
0.173239	0.435972	0.390788	
0.016835	0.306526	0.676639	
0.020443	0.320834	0.658723	
0.006564	0.660860	0.332576	
0.008283	0.604239	0.387478	
0.000332	0.007508	0.992160	
0.648006	0.258133	0.093861	
0.785522	0.176802	0.037677	
0.318835	0.370472	0.310693	
0.009807	0.332860	0.657333	
0.009706	0.545674	0.444620	
0.142951	0.165319	0.691730	
0.789850	0.157114	0.053035	
0.000104	0.001847	0.998048	
0.014999	0.054755	0.930246	
0.173239	0.435972	0.390788	
0.694986	0.161139	0.143875	
0.048240	0.723652	0.228108	
0.012400	0.548336	0.439264	
0.173239	0.435972	0.390788	
0.093604	0.582318	0.324078	
0.125670	0.635964	0.238367	
0.575162	0.345525	0.079313	
0.014466	0.140365	0.845168	
0.013656	0.557304	0.429040	
0.111243	0.287798	0.600959	
0.054510	0.679387	0.266103	
0.009085	0.295274	0.695641	
0.173239	0.435972	0.390788	
0.104176	0.626523	0.269300	
0.228636	0.646262	0.125101	
0.495741	0.293832	0.210427	
0.173239	0.435972	0.390788	
0.011377	0.573079	0.415545	
0.414119	0.473615	0.112265	
0.229914	0.518381	0.251705	
0.113180	0.642199	0.244621	
0.078106	0.061504	0.860390	
0.013422	0.397136	0.589442	
0.446042	0.371340	0.182618	
0.173239	0.435972	0.390788	
0.011242	0.456895	0.531863	
0.022316	0.450461	0.527223	
0.026442	0.624700	0.348858	
0.010488	0.283094	0.706418	
0.118616	0.240630	0.640753	
0.692353	0.255236	0.052411	
0.470583	0.381203	0.148214	
0.065468	0.595380	0.339152	
0.012604	0.069312	0.918084	
0.317295	0.199054	0.483651	
0.443003	0.452797	0.104200	
0.017591	0.648980	0.333429	
0.173239	0.435972	0.390788	
0.011448	0.554743	0.433809	
0.193486	0.346576	0.459938	
0.469067	0.405689	0.125244	
0.167204	0.490580	0.342216	
0.073881	0.281151	0.644968	
0.035049	0.106132	0.858819	
0.106076	0.268560	0.625364	
0.008974	0.071678	0.919347	
0.008107	0.581636	0.410257	
0.081205	0.516327	0.402469	
0.015563	0.144918	0.839519	
0.587616	0.348956	0.063427	
0.365800	0.478955	0.155245	
0.090989	0.536254	0.372757	
0.008458	0.086169	0.905373	
0.001848	0.028696	0.969456	
0.381469	0.405106	0.213425	
0.013701	0.180705	0.805594	
0.014386	0.452617	0.532997	
0.007182	0.043300	0.949518	
0.450553	0.411759	0.137688	
0.061240	0.682048	0.256712	
0.026385	0.526173	0.447442	
0.312501	0.378694	0.308805	
0.023571	0.748329	0.228100	
0.004977	0.076059	0.918964	
0.445599	0.410173	0.144228	
0.173239	0.435972	0.390788	
0.173239	0.435972	0.390788	
0.639661	0.253596	0.106743	
0.016666	0.559166	0.424168	
0.463710	0.406455	0.129836	
0.173239	0.435972	0.390788	
0.428252	0.428138	0.143610	
0.109752	0.693967	0.196282	
0.173239	0.435972	0.390788	
0.539314	0.356936	0.103749	
0.012885	0.693188	0.293927	
0.534648	0.347314	0.118038	
0.173239	0.435972	0.390788	
0.013801	0.347868	0.638331	
0.011904	0.482842	0.505253	
0.125212	0.644205	0.230583	
0.173239	0.435972	0.390788	
0.011043	0.372933	0.616024	
0.292041	0.441225	0.266734	
0.015943	0.179821	0.804236	
0.068805	0.672644	0.258551	
0.719798	0.228632	0.051570	
0.009358	0.115210	0.875432	
0.056929	0.571419	0.371653	
0.012349	0.191590	0.796061	
0.229145	0.647242	0.123613	
0.173239	0.435972	0.390788	
0.001227	0.038900	0.959873	
0.039477	0.650955	0.309568	
0.446399	0.383453	0.170148	
0.000092	0.002509	0.997400	
0.023696	0.204416	0.771888	
0.614847	0.300927	0.084226	
0.003984	0.091296	0.904720	
0.020685	0.666506	0.312808	
0.582649	0.317079	0.100272	
0.020542	0.551908	0.427550	
0.093837	0.341138	0.565026	
0.018072	0.257779	0.724149	
0.173239	0.435972	0.390788	
0.210089	0.480514	0.309396	
0.693051	0.251708	0.055241	
0.327390	0.601299	0.071312	
0.021405	0.584242	0.394353	
0.003045	0.046390	0.950565	
0.456893	0.396639	0.146468	
0.173239	0.435972	0.390788	
0.001419	0.033630	0.964951	
0.004633	0.043918	0.951450	
0.012515	0.537243	0.450242	
0.497524	0.395213	0.107263	
0.026176	0.677258	0.296566	
0.566140	0.322844	0.111017	
0.081165	0.675460	0.243375	
0.173239	0.435972	0.390788	
0.391013	0.431671	0.177316	
0.093715	0.599339	0.306947	
0.485692	0.334730	0.179578	
0.315693	0.415127	0.269180	
0.173239	0.435972	0.390788	
0.010631	0.421090	0.568279	
0.043007	0.191005	0.765988	
0.004860	0.105481	0.889659	
0.387103	0.277391	0.335506	
0.013211	0.329359	0.657430	
0.011636	0.131294	0.857070	
0.643584	0.256099	0.100316	
0.007732	0.603897	0.388371	
0.011648	0.303947	0.684405	
0.440247	0.382726	0.177026	
0.007944	0.639399	0.352657	
0.173239	0.435972	0.390788	
0.006504	0.123105	0.870391	
0.016130	0.257952	0.725918	
0.165023	0.539043	0.295934	
0.280961	0.405129	0.313910	
0.173239	0.435972	0.390788	
0.173239	0.435972	0.390788	
0.018153	0.123968	0.857879	
0.001196	0.021126	0.977679	
0.000157	0.005628	0.994215	
0.015281	0.642761	0.341958	
0.144923	0.764149	0.090927	
0.449994	0.418721	0.131285	
0.006518	0.175395	0.818087	
0.012005	0.421780	0.566215	
0.257500	0.637815	0.104685	
0.850091	0.122935	0.026974	
0.173239	0.435972	0.390788	
0.000559	0.012174	0.987267	
0.000182	0.005724	0.994094	
0.047004	0.658380	0.294616	
0.120204	0.540300	0.339497	
0.189620	0.321510	0.488870	
0.008574	0.675959	0.315467	
0.000113	0.002493	0.997394	
0.214204	0.647950	0.137846	
0.352290	0.349287	0.298423	
0.618602	0.329713	0.051685	
0.173239	0.435972	0.390788	
0.047183	0.189477	0.763340	
0.003650	0.112251	0.884099	
0.199476	0.272146	0.528378	
0.008815	0.129870	0.861315	
0.025640	0.591518	0.382842	
0.000243	0.006819	0.992938	
0.173239	0.435972	0.390788	
0.011732	0.472315	0.515953	
0.173239	0.435972	0.390788	
0.011201	0.530282	0.458516	
0.007640	0.209519	0.782841	
0.042973	0.127368	0.829659	
0.297543	0.454443	0.248014	
0.778631	0.187796	0.033573	
0.075747	0.547496	0.376758	
0.173239	0.435972	0.390788	
0.017384	0.573192	0.409425	
0.008181	0.419690	0.572129	
0.045099	0.737940	0.216960	
0.010245	0.173409	0.816346	
0.022214	0.589613	0.388173	
0.115629	0.337661	0.546710	
0.114240	0.608660	0.277100	
0.009431	0.478007	0.512561	
0.000977	0.020476	0.978547	
0.629767	0.236504	0.133729	
0.008789	0.600443	0.390768	
0.150439	0.658170	0.191390	
0.019361	0.582637	0.398002	
0.014874	0.363089	0.622036	
0.463278	0.380219	0.156503	
0.012302	0.494275	0.493423	
0.147910	0.338098	0.513992	
0.026922	0.472989	0.500089	
0.008262	0.625545	0.366194	
0.007517	0.121679	0.870804	
0.173239	0.435972	0.390788	
0.006820	0.133751	0.859429	
0.008370	0.072574	0.919055	
0.002018	0.054209	0.943773	
0.118626	0.609489	0.271885	
0.016404	0.164429	0.819166	
0.009132	0.503872	0.486996	
0.009775	0.196753	0.793473	
0.010037	0.365610	0.624353	
0.012561	0.534372	0.453067	
0.173239	0.435972	0.390788	
0.012485	0.449285	0.538230	
0.353652	0.345438	0.300909	
0.007884	0.277028	0.715088	
0.285137	0.616558	0.098304	
0.059346	0.443589	0.497065	
0.037405	0.756866	0.205729	
0.173239	0.435972	0.390788	
0.387893	0.406385	0.205722	
0.013168	0.413245	0.573587	
0.778096	0.197649	0.024255	
0.173239	0.435972	0.390788	
0.003229	0.024371	0.972400	
0.011411	0.511449	0.477141	
0.521922	0.379989	0.098089	
0.173239	0.435972	0.390788	
0.019298	0.440371	0.540331	
0.085674	0.538311	0.376015	
0.146360	0.329692	0.523949	
0.131945	0.285233	0.582822	
0.016563	0.250198	0.733239	
0.173239	0.435972	0.390788	
0.007361	0.133436	0.859203	
0.010724	0.151787	0.837489	
0.005762	0.159993	0.834245	
0.011053	0.524462	0.464485	
0.026086	0.199131	0.774782	
0.173239	0.435972	0.390788	
0.014183	0.212846	0.772971	
0.078118	0.672075	0.249807	
0.027107	0.748081	0.224812	
0.018615	0.451165	0.530220	
0.323227	0.532320	0.144453	
0.008039	0.061309	0.930652	
0.173239	0.435972	0.390788	
0.428215	0.522302	0.049483	
0.530924	0.351186	0.117890	
0.006792	0.136465	0.856743	
0.143797	0.634631	0.221572	
0.007338	0.629554	0.363108	
0.022300	0.276205	0.701495	
0.007710	0.317435	0.674855	
0.173239	0.435972	0.390788	
0.023141	0.311793	0.665067	
0.384890	0.533901	0.081209	
0.562544	0.347502	0.089954	
0.022522	0.451353	0.526125	
0.396677	0.369455	0.233868	
0.432695	0.394771	0.172534	
0.025016	0.175062	0.799922	
0.026298	0.305922	0.667780	
0.002830	0.132585	0.864585	
0.618309	0.312707	0.068985	
0.566135	0.324433	0.109432	
0.012911	0.407622	0.579466	
0.012324	0.473662	0.514015	
0.001359	0.036287	0.962354	
0.030446	0.592594	0.376961	
0.001885	0.052537	0.945578	
0.116715	0.682304	0.200981	
0.001882	0.047895	0.950222	
0.209308	0.305982	0.484710	
0.063865	0.675145	0.260990	
0.013072	0.247706	0.739221	
0.002175	0.039220	0.958605	
0.032884	0.591137	0.375979	
0.577997	0.362041	0.059962	
0.017298	0.633208	0.349494	
0.038977	0.620758	0.340266	
0.020147	0.139378	0.840476	
0.024418	0.115070	0.860511	
0.012510	0.558310	0.429179	
0.010544	0.513938	0.475517	
0.014688	0.402869	0.582443	
0.240376	0.320975	0.438649	
0.001153	0.027717	0.971130	
0.015268	0.165154	0.819578	
0.000649	0.013781	0.985570	
0.381038	0.499522	0.119440	
0.053206	0.744152	0.202642	
0.007452	0.108365	0.884183	
0.009777	0.462703	0.527520	
0.015221	0.140500	0.844278	
0.655195	0.268702	0.076104	
0.829436	0.149158	0.021405	
0.012762	0.688306	0.298933	
0.014358	0.225644	0.759998	
0.173239	0.435972	0.390788	
0.009731	0.256294	0.733975	
0.011069	0.438845	0.550086	
0.527982	0.374732	0.097286	
0.008406	0.069175	0.922419	
0.109353	0.704548	0.186099	
0.005504	0.102780	0.891716	
0.173239	0.435972	0.390788	
0.021503	0.583941	0.394556	
0.005926	0.619066	0.375008	
0.012983	0.652493	0.334524	
0.003027	0.076235	0.920739	
0.291414	0.335286	0.373300	
0.173239	0.435972	0.390788	
0.009459	0.277815	0.712726	
0.173239	0.435972	0.390788	
0.001007	0.024708	0.974285	
0.000370	0.008296	0.991334	
0.002578	0.041323	0.956099	
0.010683	0.426134	0.563183	
0.509009	0.375554	0.115437	
0.198322	0.540035	0.261643	
0.027586	0.500622	0.471791	
0.474455	0.431635	0.093910	
0.049993	0.696914	0.253093	
0.000244	0.005203	0.994553	
0.002597	0.072147	0.925256	
0.470583	0.347144	0.182273	
0.007477	0.090363	0.902160	
0.063188	0.581383	0.355429	
0.018890	0.097640	0.883470	
0.003040	0.110244	0.886716	
0.173239	0.435972	0.390788	
0.023023	0.618306	0.358671	
0.062918	0.632720	0.304363	
0.034495	0.335862	0.629643	
0.126723	0.235992	0.637285	
0.100005	0.597983	0.302013	
0.005018	0.283417	0.711565	
0.009094	0.467888	0.523018	
0.173239	0.435972	0.390788	
0.173239	0.435972	0.390788	
0.013980	0.384260	0.601761	
0.013456	0.670613	0.315931	
0.612945	0.316623	0.070432	
0.173239	0.435972	0.390788	
0.016515	0.343232	0.640252	
0.173239	0.435972	0.390788	
0.007856	0.108112	0.884032	
0.398833	0.486976	0.114191	
0.012006	0.471274	0.516720	
0.173239	0.435972	0.390788	
0.726607	0.226631	0.046762	
0.042965	0.774149	0.182886	
0.558752	0.321634	0.119614	
0.010914	0.328656	0.660430	
0.009756	0.441498	0.548747	
0.173239	0.435972	0.390788	
0.173239	0.435972	0.390788	
0.173239	0.435972	0.390788	
0.002078	0.054383	0.943538	
0.553001	0.337024	0.109975	
0.019303	0.443499	0.537198	
0.150269	0.733514	0.116217	
0.173239	0.435972	0.390788	
0.554896	0.340700	0.104404	
0.013113	0.624356	0.362530	
0.444706	0.425148	0.130146	
0.010900	0.307827	0.681273	
0.022231	0.649315	0.328454	
0.527120	0.223189	0.249692	
0.014757	0.553638	0.431605	
0.417404	0.342258	0.240338	
0.014220	0.578432	0.407349	
0.028095	0.663107	0.308798	
0.167545	0.696540	0.135915	
0.036598	0.663492	0.299910	
0.001222	0.030390	0.968388	
0.003376	0.066144	0.930480	
0.173239	0.435972	0.390788	
0.019427	0.267897	0.712676	
0.606414	0.307339	0.086248	
0.045582	0.714119	0.240299	
0.173239	0.435972	0.390788	
0.015868	0.276244	0.707888	
0.015056	0.631445	0.353500	
0.000924	0.029716	0.969361	
0.276404	0.337470	0.386126	
0.010966	0.703046	0.285988	
0.173239	0.435972	0.390788	
0.076552	0.188001	0.735447	
0.201099	0.511013	0.287888	
0.011979	0.502803	0.485218	
0.006403	0.149414	0.844183	
0.008207	0.596648	0.395145	
0.082549	0.302233	0.615218	
0.057724	0.402163	0.540113	
0.034788	0.736790	0.228422	
0.445835	0.336574	0.217591	
0.003643	0.095538	0.900819	
0.662757	0.269601	0.067642	
0.691592	0.236306	0.072103	
0.022164	0.287442	0.690394	
0.004267	0.131332	0.864401	
0.072458	0.668822	0.258720	
0.000336	0.008271	0.991392	
0.015385	0.124494	0.860121	
0.470079	0.379984	0.149936	
0.608728	0.284086	0.107187	
0.014160	0.772070	0.213770	
0.616374	0.290479	0.093147	
0.173239	0.435972	0.390788	
0.686178	0.140438	0.173383	
0.023266	0.595640	0.381094	
0.027737	0.378915	0.593348	
0.001334	0.020777	0.977889	
0.384872	0.435739	0.179389	
0.008534	0.392034	0.599432	
0.000433	0.010891	0.988676	
0.052861	0.614844	0.332294	
0.631133	0.256501	0.112365	
0.021679	0.662745	0.315576	
0.011562	0.312599	0.675839	
0.173239	0.435972	0.390788	
0.014591	0.088369	0.897040	
0.335818	0.402895	0.261287	
0.032574	0.675331	0.292095	
0.328362	0.466428	0.205210	
0.048356	0.671282	0.280363	
0.632243	0.270844	0.096913	
0.603112	0.315039	0.081849	
0.021069	0.523888	0.455043	
0.011684	0.470235	0.518081	
0.037738	0.501367	0.460895	
0.049723	0.399381	0.550896	
0.010784	0.602631	0.386585	
0.116854	0.189726	0.693419	
0.093337	0.517480	0.389182	
0.016926	0.298954	0.684120	
0.002705	0.052579	0.944715	
0.020111	0.296377	0.683512	
0.173239	0.435972	0.390788	
0.008160	0.199765	0.792075	
0.508216	0.315537	0.176247	
0.374117	0.398185	0.227698	
0.008856	0.435911	0.555233	
0.173239	0.435972	0.390788	
0.013126	0.086557	0.900317	
0.012182	0.376803	0.611015	
0.173239	0.435972	0.390788	
0.555551	0.339859	0.104591	
0.012005	0.207373	0.780622	
0.173239	0.435972	0.390788	
0.009620	0.625904	0.364476	
0.020634	0.396634	0.582732	
0.520167	0.309834	0.169999	
0.039830	0.468619	0.491551	
0.013024	0.582355	0.404621	
0.510622	0.390713	0.098665	
0.370355	0.400015	0.229631	
0.055248	0.630282	0.314470	
0.479736	0.361434	0.158831	
0.081606	0.123889	0.794505	
0.398608	0.391587	0.209806	
0.173239	0.435972	0.390788	
0.610039	0.278386	0.111574	
0.013367	0.362645	0.623987	
0.173239	0.435972	0.390788	
0.934613	0.059913	0.005474	
0.014090	0.503988	0.481921	
0.012277	0.580922	0.406801	
0.001635	0.043768	0.954597	
0.646587	0.282284	0.071129	
0.173239	0.435972	0.390788	
0.173239	0.435972	0.390788	
0.004686	0.098129	0.897186	
0.096676	0.665245	0.238079	
0.010096	0.402919	0.586985	
0.009186	0.136536	0.854278	
0.173239	0.435972	0.390788	
0.016471	0.325734	0.657795	
0.153528	0.652281	0.194190	
0.015471	0.476678	0.507851	
0.693869	0.254229	0.051902	
0.008670	0.511022	0.480308	
0.011801	0.457833	0.530366	
0.010332	0.534081	0.455588	
0.173239	0.435972	0.390788	
0.009426	0.442309	0.548265	
0.227783	0.231424	0.540793	
0.010035	0.198504	0.791462	
0.004281	0.115554	0.880165	
0.161651	0.598623	0.239726	
0.029503	0.114999	0.855498	
0.173239	0.435972	0.390788	
0.173239	0.435972	0.390788	
0.015440	0.601361	0.383199	
0.084098	0.641424	0.274478	
0.023147	0.202741	0.774112	
0.420309	0.339676	0.240015	
0.000348	0.007746	0.991906	
0.173239	0.435972	0.390788	
0.034927	0.626639	0.338433	
0.173239	0.435972	0.390788	
0.008241	0.577419	0.414340	
0.387163	0.415685	0.197151	
0.173239	0.435972	0.390788	
0.007567	0.595486	0.396947	
0.105704	0.568907	0.325389	
0.173239	0.435972	0.390788	
0.009595	0.427386	0.563019	
0.002086	0.039469	0.958445	
0.009275	0.204399	0.786326	
0.011783	0.372488	0.615729	
0.000637	0.012703	0.986660	
0.173239	0.435972	0.390788	
0.173239	0.435972	0.390788	
0.282565	0.616174	0.101262	
0.231265	0.304774	0.463961	
0.743967	0.210478	0.045554	
0.176366	0.576315	0.247319	
0.173239	0.435972	0.390788	
0.540164	0.353631	0.106205	
0.014213	0.074013	0.911775	
0.173239	0.435972	0.390788	
0.013159	0.106567	0.880274	
0.001676	0.050452	0.947872	
0.569288	0.300554	0.130158	
0.515087	0.370197	0.114717	
0.011260	0.200211	0.788529	
0.010164	0.357505	0.632330	
0.173239	0.435972	0.390788	
0.330130	0.410340	0.259529	
0.003354	0.034581	0.962065	
0.633836	0.322191	0.043973	
0.146653	0.316102	0.537245	
0.008595	0.512686	0.478719	
0.066939	0.777076	0.155985	
0.010131	0.335027	0.654842	
0.139753	0.502825	0.357422	
0.065675	0.607409	0.326916	
0.777339	0.191432	0.031230	
0.081639	0.752213	0.166147	
0.173239	0.435972	0.390788	
0.008241	0.163044	0.828715	
0.015462	0.389268	0.595269	
0.144871	0.508683	0.346447	
0.013677	0.341249	0.645074	
0.008990	0.687774	0.303236	
0.036443	0.421570	0.541987	
0.008315	0.280724	0.710960	
0.023205	0.301592	0.675203	
0.036546	0.170529	0.792925	
0.539312	0.346698	0.113989	
0.018440	0.434669	0.546890	
0.052050	0.526392	0.421558	
0.013381	0.527759	0.458860	
0.101318	0.750865	0.147817	
0.011656	0.378646	0.609698	
0.592892	0.314256	0.092851	
0.362280	0.414650	0.223070	
0.002013	0.059093	0.938894	
0.568812	0.322472	0.108716	
0.011945	0.755609	0.232446	
0.013141	0.431148	0.555711	
0.009619	0.552571	0.437811	
0.173239	0.435972	0.390788	
0.415543	0.415216	0.169241	
0.001062	0.033402	0.965536	
0.110459	0.489957	0.399584	
0.006613	0.256016	0.737371	
0.185069	0.278876	0.536054	
0.750026	0.208315	0.041659	
0.004575	0.123817	0.871608	
0.013257	0.521287	0.465456	
0.269508	0.555696	0.174796	
0.461415	0.363982	0.174604	
0.173239	0.435972	0.390788	
0.007994	0.451853	0.540153	
0.000560	0.007972	0.991468	
0.173239	0.435972	0.390788	
0.011285	0.312283	0.676432	
0.466996	0.359854	0.173150	
0.059221	0.494966	0.445813	
0.002458	0.032962	0.964579	
0.078604	0.364443	0.556953	
0.294294	0.457898	0.247808	
0.058721	0.654643	0.286636	
0.203845	0.717759	0.078396	
0.006461	0.696429	0.297110	
0.000226	0.006109	0.993666	
0.010140	0.249885	0.739976	
0.008417	0.285648	0.705935	
0.173239	0.435972	0.390788	
0.006230	0.223744	0.770026	
0.198579	0.342336	0.459085	
0.012956	0.512298	0.474746	
0.012120	0.341858	0.646022	
0.013657	0.632573	0.353770	
0.173239	0.435972	0.390788	
0.020194	0.767552	0.212255	
0.386900	0.430330	0.182770	
0.331345	0.494707	0.173948	
0.173239	0.435972	0.390788	
0.007419	0.055555	0.937026	
0.164017	0.679110	0.156874	
0.023651	0.707353	0.268997	
0.111865	0.559291	0.328844	
0.002523	0.043060	0.954416	
0.180235	0.196947	0.622818	
0.689175	0.257922	0.052903	
0.319015	0.470299	0.210686	
0.762431	0.197225	0.040344	
0.001326	0.041264	0.957410	
0.173239	0.435972	0.390788	
0.014306	0.626795	0.358899	
0.034799	0.168097	0.797104	
0.009863	0.399533	0.590604	
0.194097	0.550748	0.255155	
0.085874	0.657732	0.256394	
0.198600	0.402036	0.399364	
0.513469	0.310312	0.176219	
0.012054	0.148633	0.839314	
0.011429	0.241978	0.746593	
0.007339	0.618165	0.374496	
0.006023	0.127416	0.866561	
0.343085	0.458598	0.198316	
0.481273	0.452665	0.066062	
0.009115	0.625065	0.365820	
0.242319	0.486415	0.271266	
0.173239	0.435972	0.390788	
0.033041	0.593952	0.373006	
0.007033	0.749556	0.243411	
0.017606	0.704133	0.278261	
0.173239	0.435972	0.390788	
0.173239	0.435972	0.390788	
0.334574	0.537659	0.127768	
0.404624	0.282714	0.312661	
0.344741	0.546453	0.108806	
0.003383	0.068320	0.928297	
0.173239	0.435972	0.390788	
0.011681	0.620291	0.368028	
0.011155	0.404176	0.584669	
0.184037	0.653114	0.162849	
0.173239	0.435972	0.390788	
0.511233	0.360731	0.128036	
0.014532	0.327071	0.658397	
0.009629	0.103204	0.887167	
0.173239	0.435972	0.390788	
0.352233	0.301297	0.346470	
0.100352	0.301060	0.598588	
0.173239	0.435972	0.390788	
0.047511	0.467806	0.484684	
0.664018	0.212678	0.123305	
0.005028	0.690391	0.304581	
0.046862	0.678694	0.274443	
0.063784	0.402473	0.533742	
0.173239	0.435972	0.390788	
0.827578	0.139080	0.033341	
0.015208	0.464209	0.520583	
0.011215	0.457732	0.531053	
0.464290	0.466902	0.068809	
0.012023	0.432214	0.555763	
0.011017	0.155841	0.833142	
0.004637	0.255064	0.740299	
0.393021	0.535377	0.071602	
0.041179	0.479791	0.479030	
0.274600	0.572227	0.153173	
0.000527	0.015976	0.983497	
0.003608	0.052508	0.943885	
0.009681	0.552338	0.437980	
0.186360	0.667729	0.145912	
0.008688	0.450726	0.540586	
0.399148	0.355643	0.245208	
0.002048	0.038970	0.958982	
0.067934	0.488436	0.443631	
0.173239	0.435972	0.390788	
0.028444	0.216137	0.755419	
0.013091	0.720899	0.266011	
0.028577	0.187347	0.784076	
0.257695	0.462794	0.279511	
0.173239	0.435972	0.390788	
0.011977	0.722162	0.265861	
0.009248	0.505948	0.484803	
0.433607	0.372536	0.193857	
0.532465	0.324337	0.143198	
0.315677	0.259491	0.424831	
0.010249	0.423410	0.566341	
0.012921	0.362615	0.624465	
0.009211	0.567308	0.423481	
0.010877	0.612757	0.376366	
0.008741	0.390383	0.600876	
0.864377	0.118689	0.016935	
0.051729	0.622615	0.325656	
0.012754	0.534939	0.452308	
0.013605	0.394715	0.591680	
0.004004	0.071167	0.924829	
0.095047	0.222784	0.682169	
0.440253	0.404207	0.155540	
0.902663	0.083300	0.014037	
0.006620	0.066250	0.927131	
0.173239	0.435972	0.390788	
0.005419	0.063217	0.931364	
0.173239	0.435972	0.390788	
0.009606	0.625337	0.365057	
0.449412	0.353284	0.197305	
0.245004	0.559937	0.195059	
0.001853	0.026226	0.971921	
0.173239	0.435972	0.390788	
0.366930	0.399290	0.233781	
0.029232	0.478691	0.492076	
0.101049	0.662754	0.236197	
0.001028	0.023652	0.975320	
0.023667	0.684503	0.291830	
0.021181	0.568041	0.410779	
0.021716	0.205395	0.772890	
0.068182	0.649160	0.282659	
0.015059	0.624286	0.360655	
0.173239	0.435972	0.390788	
0.028829	0.376878	0.594293	
0.003646	0.093243	0.903112	
0.321464	0.314567	0.363969	
0.173239	0.435972	0.390788	
0.001417	0.034372	0.964210	
0.049458	0.521646	0.428896	
0.010181	0.420879	0.568940	
0.173239	0.435972	0.390788	
0.007151	0.532496	0.460352	
0.127022	0.547885	0.325094	
0.348388	0.462347	0.189265	
0.022522	0.414292	0.563186	
0.001539	0.033697	0.964764	
0.008464	0.553530	0.438006	
0.002832	0.046478	0.950690	
0.008381	0.410224	0.581395	
0.000927	0.027088	0.971985	
0.173239	0.435972	0.390788	
0.030104	0.740629	0.229267	
0.081196	0.686368	0.232437	
0.028390	0.507931	0.463679	
0.035134	0.139135	0.825731	
0.001581	0.040121	0.958298	
0.522965	0.373450	0.103585	
0.006269	0.095428	0.898304	
0.011603	0.543157	0.445239	
0.027579	0.093634	0.878787	
0.025767	0.613296	0.360937	
0.173239	0.435972	0.390788	
0.841006	0.143935	0.015060	
0.001669	0.031481	0.966850	
0.013454	0.648458	0.338088	
0.025106	0.543255	0.431639	
0.000664	0.015743	0.983593	
0.012813	0.456761	0.530426	
0.173239	0.435972	0.390788	
0.022344	0.590865	0.386791	
0.173239	0.435972	0.390788	
0.173239	0.435972	0.390788	
0.531901	0.367446	0.100653	
0.446901	0.374650	0.178449	
0.013374	0.436390	0.550236	
0.128254	0.573694	0.298052	
0.006401	0.064941	0.928658	
0.251066	0.674461	0.074473	
0.005032	0.172130	0.822839	
0.351916	0.437485	0.210599	
0.008312	0.628032	0.363656	
0.011275	0.504401	0.484324	
0.524369	0.293039	0.182592	
0.710347	0.220204	0.069449	
0.010522	0.451536	0.537941	
0.000334	0.011679	0.987988	
0.377657	0.463893	0.158450	
0.503016	0.394171	0.102813	
0.173239	0.435972	0.390788	
0.319881	0.447100	0.233019	
0.109498	0.366808	0.523693	
0.165611	0.682304	0.152086	
0.341444	0.392572	0.265984	
0.173239	0.435972	0.390788	
0.173239	0.435972	0.390788	
0.013908	0.600409	0.385683	
0.173239	0.435972	0.390788	
0.204015	0.617333	0.178653	
0.173239	0.435972	0.390788	
0.008178	0.325559	0.666263	
0.351432	0.420294	0.228273	
0.681688	0.248133	0.070179	
0.300246	0.306257	0.393497	
0.250784	0.326153	0.423064	
0.191247	0.665988	0.142765	
0.010933	0.264705	0.724362	
0.173239	0.435972	0.390788	
0.015203	0.398363	0.586433	
0.009454	0.430298	0.560248	
0.429681	0.439504	0.130815	
0.262650	0.562936	0.174413	
0.014576	0.060820	0.924604	
0.173239	0.435972	0.390788	
0.787392	0.189470	0.023138	
0.020470	0.715540	0.263989	
0.012197	0.231905	0.755898	
0.415204	0.344231	0.240565	
0.008810	0.045194	0.945995	
0.409334	0.402586	0.188079	
0.152432	0.616831	0.230736	
0.494130	0.342546	0.163324	
0.497353	0.357318	0.145329	
0.037040	0.141115	0.821845	
0.342153	0.295113	0.362733	
0.025003	0.644867	0.330130	
0.003182	0.093647	0.903171	
0.009343	0.127253	0.863404	
0.009534	0.574551	0.415914	
0.587805	0.332709	0.079486	
0.109138	0.640655	0.250207	
0.173239	0.435972	0.390788	
0.043012	0.588013	0.368974	
0.008659	0.217958	0.773383	
0.311559	0.355529	0.332912	
0.005138	0.068984	0.925877	
0.001031	0.017058	0.981910	
0.245598	0.515302	0.239099	
0.014760	0.545132	0.440108	
0.005637	0.072596	0.921767	
0.173239	0.435972	0.390788	
0.007428	0.092868	0.899704	
0.022570	0.631626	0.345805	
0.008735	0.393833	0.597432	
0.004251	0.066871	0.928878	
0.011991	0.437721	0.550288	
0.007170	0.095610	0.897220	
0.096401	0.566560	0.337038	
0.001228	0.025254	0.973517	
0.010694	0.528627	0.460679	
0.000226	0.007415	0.992360	
0.049132	0.665938	0.284930	
0.596378	0.270324	0.133298	
0.006870	0.392731	0.600399	
0.004795	0.096431	0.898774	
0.003001	0.072760	0.924239	
0.269559	0.619020	0.111421	
0.002035	0.074470	0.923495	
0.036356	0.650850	0.312795	
0.004978	0.076596	0.918427	
0.173239	0.435972	0.390788	
0.008017	0.512056	0.479927	
0.036252	0.693814	0.269934	
0.049174	0.644664	0.306162	
0.173239	0.435972	0.390788	
0.003641	0.071507	0.924852	
0.024761	0.637205	0.338034	
0.078206	0.306212	0.615582	
0.063807	0.779526	0.156668	
0.610518	0.289680	0.099802	
0.372667	0.485409	0.141924	
0.010158	0.313658	0.676185	
0.638791	0.283758	0.077451	
0.124929	0.555980	0.319091	
0.513361	0.378237	0.108402	
0.018124	0.411859	0.570018	
0.000587	0.007550	0.991863	
0.030083	0.673556	0.296361	
0.132393	0.709123	0.158484	
0.354101	0.473844	0.172055	
0.517324	0.362802	0.119875	
0.368949	0.221089	0.409961	
0.261895	0.322082	0.416024	
0.002304	0.035783	0.961914	
0.219954	0.622000	0.158045	
0.094462	0.597097	0.308441	
0.275838	0.454974	0.269188	
0.173239	0.435972	0.390788	
0.518696	0.368130	0.113174	
0.173239	0.435972	0.390788	
0.008150	0.621482	0.370368	
0.009533	0.510966	0.479501	
0.006947	0.190687	0.802366	
0.173239	0.435972	0.390788	
0.227306	0.249246	0.523448	
0.173239	0.435972	0.390788	
0.412629	0.415072	0.172299	
0.009748	0.195895	0.794357	
0.173239	0.435972	0.390788	
0.007167	0.121284	0.871549	
0.716963	0.243297	0.039740	
0.013871	0.268759	0.717370	
0.173239	0.435972	0.390788	
0.173239	0.435972	0.390788	
0.499755	0.378186	0.122059	
0.010866	0.527821	0.461313	
0.011414	0.381187	0.607399	
0.008398	0.323187	0.668415	
0.014100	0.107584	0.878317	
0.077531	0.690516	0.231952	
0.173239	0.435972	0.390788	
0.429202	0.400435	0.170363	
0.132598	0.360951	0.506452	
0.011811	0.296402	0.691786	
0.356259	0.446262	0.197479	
0.001011	0.011721	0.987269	
0.026842	0.438795	0.534363	
0.007607	0.059590	0.932803	
0.118475	0.241731	0.639794	
0.525817	0.361135	0.113047	
0.131602	0.625564	0.242834	
0.003965	0.036831	0.959205	
0.372995	0.384257	0.242748	
0.126077	0.742342	0.131581	
0.619391	0.261764	0.118844	
0.378730	0.466186	0.155084	
0.145116	0.313015	0.541869	
0.005714	0.056158	0.938128	
0.126038	0.631918	0.242044	
0.016662	0.232391	0.750947	
0.462623	0.344690	0.192687	
0.441558	0.469753	0.088689	
0.262756	0.578882	0.158362	
0.025397	0.118585	0.856018	
0.590551	0.248140	0.161309	
0.085617	0.333994	0.580388	
0.686159	0.273493	0.040348	
0.054818	0.568226	0.376956	
0.156700	0.469494	0.373806	
0.173239	0.435972	0.390788	
0.173239	0.435972	0.390788	
0.696479	0.232099	0.071422	
0.207242	0.562952	0.229806	
0.012277	0.416299	0.571425	
0.014925	0.661650	0.323425	
0.008403	0.133855	0.857742	
0.022257	0.612511	0.365232	
0.001524	0.045421	0.953055	
0.009019	0.620821	0.370160	
0.000784	0.014047	0.985169	
0.173239	0.435972	0.390788	
0.008904	0.171679	0.819417	
0.165734	0.537599	0.296667	
0.000929	0.016463	0.982607	
0.027446	0.532761	0.439793	
0.003506	0.084929	0.911564	
0.006432	0.090504	0.903064	
0.173239	0.435972	0.390788	
0.689588	0.276502	0.033910	
0.173239	0.435972	0.390788	
0.005913	0.213350	0.780738	
0.534604	0.350523	0.114873	
0.043679	0.451149	0.505172	
0.173239	0.435972	0.390788	
0.173239	0.435972	0.390788	
0.000514	0.006794	0.992692	
0.189335	0.623435	0.187230	
0.008845	0.415867	0.575288	
0.050681	0.670352	0.278967	
0.030468	0.638004	0.331529	
0.297013	0.493711	0.209276	
0.750577	0.188326	0.061098	
0.022388	0.254463	0.723149	
0.173239	0.435972	0.390788	
0.009008	0.134705	0.856287	
0.173239	0.435972	0.390788	
0.587416	0.387106	0.025479	
0.029443	0.710548	0.260009	
0.505265	0.338647	0.156088	
0.011740	0.404205	0.584055	
0.699424	0.261625	0.038951	
0.000403	0.009747	0.989850	
0.000324	0.005303	0.994373	
0.020728	0.584400	0.394872	
0.049156	0.651110	0.299735	
0.001029	0.016520	0.982451	
0.134342	0.530947	0.334711	
0.173239	0.435972	0.390788	
0.006106	0.584544	0.409350	
0.173239	0.435972	0.390788	
0.253065	0.531516	0.215418	
0.173239	0.435972	0.390788	
0.012601	0.504479	0.482920	
0.012078	0.721947	0.265975	
0.010868	0.435882	0.553250	
0.173239	0.435972	0.390788	
0.161310	0.575841	0.262849	
0.009081	0.437494	0.553425	
0.247031	0.270392	0.482577	
0.010227	0.375092	0.614681	
0.006446	0.118290	0.875264	
0.002978	0.053022	0.944001	
0.173239	0.435972	0.390788	
0.173239	0.435972	0.390788	
0.012429	0.354617	0.632954	
0.429756	0.428431	0.141814	
0.012798	0.165521	0.821680	
0.005702	0.075097	0.919201	
0.074327	0.713896	0.211777	
0.762869	0.187308	0.049822	
0.173239	0.435972	0.390788	
0.478277	0.386098	0.135625	
0.023985	0.622491	0.353524	
0.009471	0.467266	0.523263	
0.006148	0.354114	0.639739	
0.003328	0.047535	0.949138	
0.147670	0.349247	0.503084	
0.441963	0.467140	0.090898	
0.002513	0.054467	0.943020	
0.008250	0.583099	0.408651	
0.001745	0.034718	0.963536	
0.011943	0.616091	0.371966	
0.010966	0.703046	0.285988	
0.010934	0.223372	0.765694	
0.279100	0.240957	0.479943	
0.173239	0.435972	0.390788	
0.006218	0.119053	0.874729	
0.006290	0.152335	0.841375	
0.048477	0.688841	0.262682	
0.440079	0.423029	0.136892	
0.173239	0.435972	0.390788	
0.011388	0.403148	0.585463	
0.430376	0.436305	0.133320	
0.009661	0.244754	0.745585	
0.383696	0.333778	0.282526	
0.030138	0.306665	0.663197	
0.013205	0.574024	0.412770	
0.173239	0.435972	0.390788	
0.023424	0.659558	0.317018	
0.341540	0.532110	0.126351	
0.015397	0.557328	0.427275	
0.260661	0.559542	0.179797	
0.323364	0.448869	0.227767	
0.429194	0.470074	0.100732	
0.173239	0.435972	0.390788	
0.051267	0.620943	0.327789	
0.018007	0.763411	0.218582	
0.173239	0.435972	0.390788	
0.009522	0.690668	0.299810	
0.173239	0.435972	0.390788	
0.032309	0.676605	0.291086	
0.173239	0.435972	0.390788	
0.000166	0.004730	0.995104	
0.011765	0.058984	0.929251	
0.480158	0.407317	0.112525	
0.008705	0.260342	0.730953	
0.173239	0.435972	0.390788	
0.173239	0.435972	0.390788	
0.788702	0.166782	0.044516	
0.173239	0.435972	0.390788	
0.456387	0.371002	0.172611	
0.111303	0.511298	0.377400	
0.450712	0.429455	0.119833	
0.007809	0.511163	0.481027	
0.677337	0.272955	0.049708	
0.447870	0.374901	0.177229	
0.193625	0.295896	0.510480	
0.000785	0.032426	0.966789	
0.010151	0.474465	0.515384	
0.052397	0.138672	0.808930	
0.104461	0.361405	0.534134	
0.459249	0.414330	0.126421	
0.013534	0.217577	0.768889	
0.173239	0.435972	0.390788	
0.049536	0.513315	0.437148	
0.568718	0.291765	0.139516	
0.310086	0.321518	0.368396	
0.025763	0.158842	0.815396	
0.009408	0.305704	0.684888	
0.054211	0.765938	0.179852	
0.010187	0.578700	0.411113	
0.010205	0.212927	0.776867	
0.006019	0.086554	0.907427	
0.010066	0.525412	0.464522	
0.011108	0.106650	0.882242	
0.013260	0.403090	0.583651	
0.007328	0.185968	0.806704	
0.012863	0.478149	0.508988	
0.173239	0.435972	0.390788	
0.320074	0.464417	0.215510	
0.003318	0.061500	0.935182	
0.191741	0.620874	0.187385	
0.173239	0.435972	0.390788	
0.019861	0.067121	0.913018	
0.461368	0.385776	0.152856	
0.900991	0.091817	0.007191	
0.003573	0.066789	0.929638	
0.016826	0.658614	0.324560	
0.173239	0.435972	0.390788	
0.006702	0.278457	0.714841	
0.055108	0.300962	0.643930	
0.056395	0.447137	0.496467	
0.011050	0.554223	0.434727	
0.010584	0.351812	0.637604	
0.301171	0.636282	0.062547	
0.034214	0.459950	0.505836	
0.034959	0.674169	0.290872	
0.467988	0.407940	0.124072	
0.023768	0.749242	0.226991	
0.015031	0.567118	0.417850	
0.517262	0.353404	0.129334	
0.173239	0.435972	0.390788	
0.233467	0.477910	0.288623	
0.009920	0.505285	0.484795	
0.304216	0.463131	0.232654	
0.039112	0.639014	0.321874	
0.044702	0.104474	0.850824	
0.011258	0.136587	0.852154	
0.841839	0.138899	0.019262	
0.173239	0.435972	0.390788	
0.025272	0.672814	0.301915	
0.025999	0.467798	0.506203	
