0.248608	0.517215	0.234177	
0.018054	0.408120	0.573826	
0.082791	0.235769	0.681440	
0.010923	0.453510	0.535567	
0.009017	0.591348	0.399635	
0.013285	0.422276	0.564439	
0.093823	0.481322	0.424856	
0.098797	0.388452	0.512751	
0.039410	0.588816	0.371775	
0.574207	0.308029	0.117764	
0.037442	0.312640	0.649918	
0.010279	0.356946	0.632776	
0.015436	0.545809	0.438755	
0.011280	0.062267	0.926453	
0.010049	0.686498	0.303453	
0.245995	0.401783	0.352221	
0.009888	0.328486	0.661626	
0.009948	0.393221	0.596832	
0.204390	0.483976	0.311634	
0.197644	0.503810	0.298546	
0.016502	0.507241	0.476257	
0.444293	0.343240	0.212467	
0.287859	0.351217	0.360924	
0.004480	0.107428	0.888092	
0.009795	0.257182	0.733023	
0.007004	0.328260	0.664735	
0.013985	0.475252	0.510763	
0.008490	0.575067	0.416443	
0.262216	0.516185	0.221599	
0.463704	0.411158	0.125139	
0.001874	0.034878	0.963248	
0.659498	0.256265	0.084238	
0.433351	0.382905	0.183744	
0.002846	0.040732	0.956422	
0.009906	0.461831	0.528263	
0.383454	0.403613	0.212932	
0.246743	0.515744	0.237513	
0.009948	0.490465	0.499587	
0.240768	0.351238	0.407994	
0.207454	0.485095	0.307450	
0.011439	0.554262	0.434299	
0.403104	0.387812	0.209084	
0.014103	0.519560	0.466337	
0.008148	0.645922	0.345930	
0.625527	0.284618	0.089854	
0.509845	0.334266	0.155889	
0.320600	0.220079	0.459322	
0.208400	0.593956	0.197644	
0.404316	0.487927	0.107757	
0.512612	0.401756	0.085631	
0.438947	0.357323	0.203730	
0.007070	0.296606	0.696324	
0.009040	0.349851	0.641109	
0.012783	0.240188	0.747029	
0.163357	0.691665	0.144978	
0.014492	0.587564	0.397944	
0.013522	0.574226	0.412252	
0.301219	0.509467	0.189314	
0.107217	0.409438	0.483345	
0.304505	0.353159	0.342336	
0.004786	0.050591	0.944623	
0.009474	0.538686	0.451840	
0.001295	0.023314	0.975391	
0.009327	0.499173	0.491499	
0.013526	0.494076	0.492397	
0.010264	0.487520	0.502216	
0.063907	0.382321	0.553772	
0.012229	0.442134	0.545637	
0.029093	0.512386	0.458521	
0.428813	0.366494	0.204694	
0.010637	0.690734	0.298629	
0.011238	0.520963	0.467798	
0.014854	0.466778	0.518368	
0.518102	0.360986	0.120912	
0.497993	0.370949	0.131058	
0.009518	0.468782	0.521700	
0.018689	0.479632	0.501679	
0.025076	0.225250	0.749675	
0.008864	0.227701	0.763434	
0.009818	0.631067	0.359115	
0.013726	0.284550	0.701724	
0.065310	0.521732	0.412958	
0.528561	0.358592	0.112847	
0.010542	0.448512	0.540946	
0.063203	0.545598	0.391199	
0.011591	0.395241	0.593167	
0.191961	0.289791	0.518248	
0.427087	0.424461	0.148452	
0.014866	0.377511	0.607623	
0.013133	0.153505	0.833362	
0.011406	0.451002	0.537592	
0.001978	0.047595	0.950426	
0.071060	0.583548	0.345392	
0.128895	0.528665	0.342440	
0.012119	0.316492	0.671389	
0.007607	0.389754	0.602639	
0.295761	0.392642	0.311597	
0.003965	0.073439	0.922596	
0.015391	0.284889	0.699719	
0.360676	0.410414	0.228910	
0.421284	0.418162	0.160554	
0.008792	0.363742	0.627466	
0.006081	0.106183	0.887736	
0.018178	0.583001	0.398821	
0.038834	0.508519	0.452647	
0.010462	0.406587	0.582952	
0.174268	0.458254	0.367478	
0.005296	0.282019	0.712685	
0.016755	0.205464	0.777781	
0.014537	0.519351	0.466112	
0.260855	0.482520	0.256625	
0.759337	0.184883	0.055780	
0.012640	0.225414	0.761946	
0.002296	0.055112	0.942593	
0.015133	0.520154	0.464714	
0.013895	0.660766	0.325340	
0.008079	0.333372	0.658549	
0.006765	0.165685	0.827550	
0.049021	0.359928	0.591051	
0.029862	0.389176	0.580961	
0.010276	0.219612	0.770112	
0.020339	0.538277	0.441384	
0.036329	0.512936	0.450735	
0.019971	0.549275	0.430754	
0.019270	0.110861	0.869869	
0.012128	0.452101	0.535772	
0.752576	0.205900	0.041524	
0.126091	0.306101	0.567809	
0.008734	0.363099	0.628167	
0.001063	0.025345	0.973592	
0.010155	0.106937	0.882908	
0.010053	0.644447	0.345500	
0.010223	0.347299	0.642478	
0.009905	0.325662	0.664433	
0.011134	0.393094	0.595772	
0.010035	0.188252	0.801713	
0.095852	0.558978	0.345170	
0.004750	0.088606	0.906645	
0.000832	0.037842	0.961326	
0.296555	0.377450	0.325995	
0.014100	0.481264	0.504636	
0.007840	0.299983	0.692177	
0.022478	0.340413	0.637110	
0.008884	0.217810	0.773306	
0.009472	0.383469	0.607059	
0.010829	0.378478	0.610693	
0.012218	0.291254	0.696528	
0.505965	0.350958	0.143077	
0.044097	0.363090	0.592813	
0.549655	0.289181	0.161164	
0.009803	0.204449	0.785747	
0.015300	0.440259	0.544441	
0.009820	0.438807	0.551373	
0.011777	0.552568	0.435654	
0.012044	0.481230	0.506725	
0.033263	0.158492	0.808245	
0.008255	0.370042	0.621703	
0.013029	0.475069	0.511902	
0.008418	0.151533	0.840049	
0.004375	0.093710	0.901915	
0.184823	0.488792	0.326385	
0.005674	0.171375	0.822951	
0.010484	0.418805	0.570711	
0.046243	0.329852	0.623905	
0.009857	0.513226	0.476917	
0.072303	0.400958	0.526739	
0.005805	0.104232	0.889963	
0.003647	0.038934	0.957418	
0.447456	0.385253	0.167292	
0.009923	0.313372	0.676705	
0.020110	0.243096	0.736794	
0.012060	0.499150	0.488790	
0.004812	0.102929	0.892258	
0.031206	0.250815	0.717979	
0.008514	0.261718	0.729769	
0.258242	0.395632	0.346126	
0.009232	0.326363	0.664405	
0.010382	0.228062	0.761556	
0.028126	0.568220	0.403654	
0.009707	0.383644	0.606649	
0.000898	0.011533	0.987569	
0.012076	0.431660	0.556264	
0.043042	0.461798	0.495160	
0.017676	0.488561	0.493763	
0.474141	0.361759	0.164100	
0.081751	0.617214	0.301035	
0.030165	0.678951	0.290884	
0.010683	0.524126	0.465191	
0.009103	0.236055	0.754842	
0.017135	0.322094	0.660771	
0.524463	0.357917	0.117620	
0.012409	0.678890	0.308701	
0.697478	0.261465	0.041057	
0.311507	0.481350	0.207142	
0.064221	0.318230	0.617549	
0.036972	0.530852	0.432176	
0.066217	0.663297	0.270486	
0.020497	0.523360	0.456143	
0.389028	0.528598	0.082374	
0.080709	0.659631	0.259660	
0.026392	0.534550	0.439058	
0.009433	0.593566	0.397001	
0.008780	0.686399	0.304821	
0.034667	0.264658	0.700675	
0.002908	0.063525	0.933567	
0.016214	0.340253	0.643532	
0.001989	0.056713	0.941298	
0.077540	0.717769	0.204691	
0.263978	0.290941	0.445081	
0.396185	0.347265	0.256550	
0.029656	0.663287	0.307058	
0.091158	0.269284	0.639558	
0.036326	0.405414	0.558260	
0.006958	0.139170	0.853872	
0.011518	0.459910	0.528573	
0.017131	0.116036	0.866833	
0.014144	0.413041	0.572815	
0.152244	0.597351	0.250405	
0.055680	0.676840	0.267480	
0.016832	0.465882	0.517286	
0.400190	0.383202	0.216608	
0.006806	0.084017	0.909177	
0.007981	0.076158	0.915861	
0.349735	0.465799	0.184466	
0.012119	0.397164	0.590717	
0.004970	0.109239	0.885791	
0.027886	0.594908	0.377206	
0.019655	0.367399	0.612946	
0.561370	0.369045	0.069585	
0.317546	0.485318	0.197135	
0.018192	0.609764	0.372044	
0.015699	0.464299	0.520001	
0.011790	0.607638	0.380572	
0.097110	0.738576	0.164314	
0.141016	0.584614	0.274370	
0.554939	0.328278	0.116783	
0.016063	0.548518	0.435419	
0.030003	0.630734	0.339263	
0.029003	0.647645	0.323352	
0.076721	0.611036	0.312243	
0.006972	0.091735	0.901293	
0.009315	0.501165	0.489520	
0.015005	0.484488	0.500507	
0.001986	0.035166	0.962848	
0.017306	0.500653	0.482041	
0.014346	0.482716	0.502938	
0.020006	0.211904	0.768089	
0.028217	0.499197	0.472586	
0.126634	0.527588	0.345778	
0.831078	0.137404	0.031518	
0.115594	0.613929	0.270477	
0.012699	0.452825	0.534476	
0.288129	0.387799	0.324072	
0.245894	0.532694	0.221412	
0.004428	0.067851	0.927722	
0.206645	0.356489	0.436867	
0.122735	0.586670	0.290595	
0.025266	0.413563	0.561172	
0.318740	0.415375	0.265885	
0.022084	0.410505	0.567412	
0.053108	0.743156	0.203736	
0.007177	0.139959	0.852864	
0.280993	0.537891	0.181115	
0.009565	0.576670	0.413766	
0.002799	0.064916	0.932285	
0.030388	0.446828	0.522784	
0.019608	0.605678	0.374715	
0.056692	0.527414	0.415894	
0.008480	0.079160	0.912360	
0.247770	0.511500	0.240730	
0.024814	0.609301	0.365885	
0.022075	0.119627	0.858298	
0.143429	0.633600	0.222971	
0.041531	0.656133	0.302337	
0.253667	0.532346	0.213987	
0.007120	0.165897	0.826983	
0.006878	0.140631	0.852491	
0.049492	0.327971	0.622537	
0.588570	0.258882	0.152548	
0.354345	0.423809	0.221847	
0.116385	0.367020	0.516595	
0.021600	0.607464	0.370936	
0.689094	0.240427	0.070479	
0.006301	0.129247	0.864452	
0.221104	0.595564	0.183332	
0.290471	0.267394	0.442135	
0.020156	0.196753	0.783091	
0.100321	0.634081	0.265598	
0.697600	0.228513	0.073887	
0.011094	0.441615	0.547291	
0.122322	0.669258	0.208420	
0.778749	0.187106	0.034145	
0.443994	0.413641	0.142365	
0.000699	0.015260	0.984041	
0.291333	0.492098	0.216569	
0.014814	0.529636	0.455550	
0.018185	0.114274	0.867541	
0.466464	0.344510	0.189027	
0.336996	0.431885	0.231119	
0.018522	0.617066	0.364412	
0.102122	0.643767	0.254111	
0.721718	0.220909	0.057373	
0.032109	0.659924	0.307967	
0.008845	0.060636	0.930520	
0.005167	0.094439	0.900394	
0.011098	0.496594	0.492309	
0.462672	0.322492	0.214836	
0.386672	0.395259	0.218070	
0.017709	0.234521	0.747770	
0.649460	0.264738	0.085802	
0.903419	0.084166	0.012416	
0.539916	0.383088	0.076996	
0.767804	0.185773	0.046422	
0.878878	0.107780	0.013342	
0.093853	0.333781	0.572365	
0.425479	0.440750	0.133771	
0.012199	0.582812	0.404989	
0.533182	0.339192	0.127626	
0.028575	0.541279	0.430146	
0.340595	0.490321	0.169084	
0.012884	0.594058	0.393059	
0.053774	0.558574	0.387652	
0.025472	0.662836	0.311693	
0.028600	0.305187	0.666213	
0.725380	0.205065	0.069555	
0.380300	0.476118	0.143582	
0.491355	0.397678	0.110966	
0.652800	0.289297	0.057903	
0.074175	0.503431	0.422394	
0.559608	0.354480	0.085911	
0.687420	0.221781	0.090799	
0.019688	0.662969	0.317343	
0.758447	0.197416	0.044137	
0.403658	0.479872	0.116470	
0.011126	0.305112	0.683762	
0.555364	0.351635	0.093000	
0.094383	0.610319	0.295298	
0.019004	0.528585	0.452411	
0.745243	0.200943	0.053814	
0.242108	0.414464	0.343428	
0.021888	0.230136	0.747976	
0.013906	0.169214	0.816880	
0.278384	0.535336	0.186280	
0.350196	0.387472	0.262332	
0.253060	0.396983	0.349957	
0.009084	0.515945	0.474972	
0.024709	0.654502	0.320788	
0.445894	0.406786	0.147320	
0.021860	0.135344	0.842796	
0.282532	0.526088	0.191380	
0.065063	0.670944	0.263992	
0.500557	0.363641	0.135802	
0.412773	0.457198	0.130029	
0.438319	0.381080	0.180601	
0.001905	0.061989	0.936107	
0.034047	0.519615	0.446338	
0.082467	0.598461	0.319073	
0.255951	0.282580	0.461470	
0.019511	0.434975	0.545514	
0.138487	0.576896	0.284617	
0.014708	0.307400	0.677892	
0.042580	0.581804	0.375617	
0.009890	0.281756	0.708354	
0.011922	0.341823	0.646255	
0.003889	0.110675	0.885436	
0.347608	0.387197	0.265195	
0.017443	0.388257	0.594300	
0.069356	0.445393	0.485251	
0.009211	0.233623	0.757166	
0.278757	0.502340	0.218903	
0.049932	0.323805	0.626263	
0.007341	0.244991	0.747668	
0.002397	0.050839	0.946764	
0.558709	0.308345	0.132946	
0.007594	0.167193	0.825212	
0.005069	0.065723	0.929208	
0.007812	0.081746	0.910442	
0.320814	0.392678	0.286507	
0.034731	0.276315	0.688954	
0.169325	0.406351	0.424325	
0.258487	0.353132	0.388380	
0.009242	0.260312	0.730446	
0.004988	0.089132	0.905880	
0.000020	0.001031	0.998949	
0.005139	0.084908	0.909953	
0.011515	0.343386	0.645099	
0.016176	0.305930	0.677895	
0.008513	0.118310	0.873177	
0.019108	0.348824	0.632069	
0.001833	0.049165	0.949001	
0.010933	0.285740	0.703327	
0.914248	0.071529	0.014223	
0.244600	0.455762	0.299638	
0.009610	0.452045	0.538345	
0.018891	0.325355	0.655754	
0.650505	0.277235	0.072260	
0.505650	0.339206	0.155144	
0.309867	0.451863	0.238270	
0.011406	0.341341	0.647253	
0.001279	0.015190	0.983531	
0.011115	0.265053	0.723833	
0.005251	0.124944	0.869805	
0.008948	0.227356	0.763696	
0.017161	0.484208	0.498631	
0.461578	0.355767	0.182656	
0.008209	0.189203	0.802588	
0.005743	0.096443	0.897814	
0.000230	0.006215	0.993555	
0.512534	0.321748	0.165718	
0.009592	0.114849	0.875560	
0.010476	0.312681	0.676843	
0.011414	0.413074	0.575512	
0.011230	0.289764	0.699006	
0.011347	0.313547	0.675106	
0.011688	0.287320	0.700992	
0.608604	0.206796	0.184600	
0.014874	0.571650	0.413475	
0.012409	0.258492	0.729098	
0.265942	0.425609	0.308449	
0.012464	0.507181	0.480355	
0.089353	0.435165	0.475482	
0.011230	0.375385	0.613384	
0.009848	0.201939	0.788213	
0.019668	0.279063	0.701269	
0.121001	0.521722	0.357277	
0.003681	0.082585	0.913734	
0.022463	0.691262	0.286275	
0.008749	0.259731	0.731520	
0.009335	0.263309	0.727356	
0.013922	0.387410	0.598668	
0.014165	0.515911	0.469924	
0.008184	0.075500	0.916316	
0.004035	0.052211	0.943754	
0.014581	0.343046	0.642372	
0.009450	0.175745	0.814804	
0.008751	0.424589	0.566660	
0.002040	0.039410	0.958550	
0.013293	0.481533	0.505174	
0.017572	0.429195	0.553233	
0.319656	0.328045	0.352299	
0.386865	0.401409	0.211726	
0.075905	0.319859	0.604237	
0.001421	0.030767	0.967812	
0.021626	0.357675	0.620699	
0.460371	0.361715	0.177913	
0.012260	0.479269	0.508470	
0.006705	0.118055	0.875239	
0.001558	0.035654	0.962788	
0.002472	0.037328	0.960200	
0.003509	0.093862	0.902629	
0.007714	0.206060	0.786226	
0.003964	0.031038	0.964998	
0.005029	0.075351	0.919620	
0.543316	0.339519	0.117165	
0.010064	0.202804	0.787132	
0.004982	0.050875	0.944144	
0.001691	0.023232	0.975077	
0.009834	0.110601	0.879565	
0.010362	0.357243	0.632395	
0.011611	0.442029	0.546360	
0.002274	0.033578	0.964148	
0.619222	0.278763	0.102016	
0.035333	0.512666	0.452001	
0.004998	0.235477	0.759525	
0.012489	0.507300	0.480211	
0.018227	0.263397	0.718376	
0.015601	0.134799	0.849600	
0.035690	0.258171	0.706139	
0.011932	0.265091	0.722977	
0.282708	0.309602	0.407689	
0.005316	0.129221	0.865463	
0.000930	0.019742	0.979328	
0.015068	0.115213	0.869718	
0.124721	0.533137	0.342141	
0.029427	0.445114	0.525459	
0.005052	0.137158	0.857789	
0.011333	0.107364	0.881302	
0.002065	0.026074	0.971861	
0.079282	0.451511	0.469207	
0.001174	0.025028	0.973798	
0.308465	0.330547	0.360988	
0.054127	0.701944	0.243929	
0.069112	0.169791	0.761097	
0.007118	0.268500	0.724382	
0.081956	0.523347	0.394697	
0.012474	0.361087	0.626439	
0.012813	0.276539	0.710648	
0.018820	0.411804	0.569376	
0.029582	0.690293	0.280125	
0.330739	0.484881	0.184380	
0.003421	0.068531	0.928047	
0.012520	0.104740	0.882739	
0.006836	0.054038	0.939126	
0.008333	0.060268	0.931399	
0.016338	0.134088	0.849573	
0.309372	0.391494	0.299134	
0.309446	0.256317	0.434236	
0.009023	0.143564	0.847413	
0.013641	0.601278	0.385081	
0.019561	0.682935	0.297504	
0.011528	0.503463	0.485009	
0.011032	0.452613	0.536355	
0.023943	0.189563	0.786493	
0.013761	0.529301	0.456938	
0.011804	0.446047	0.542150	
0.012564	0.292617	0.694819	
0.009063	0.183578	0.807359	
0.011128	0.551818	0.437053	
0.016771	0.374315	0.608914	
0.011595	0.623785	0.364620	
0.666316	0.257528	0.076156	
0.437889	0.352472	0.209638	
0.011254	0.341962	0.646785	
0.013514	0.378714	0.607772	
0.003820	0.057146	0.939034	
0.031729	0.251441	0.716830	
0.522711	0.327389	0.149900	
0.595079	0.299092	0.105829	
0.009097	0.446602	0.544301	
0.015486	0.370262	0.614253	
0.006869	0.168562	0.824569	
0.001665	0.018192	0.980143	
0.007779	0.326561	0.665660	
0.803644	0.171963	0.024394	
0.463994	0.316118	0.219888	
0.258670	0.282956	0.458374	
0.008004	0.227184	0.764812	
0.149104	0.552320	0.298576	
0.441515	0.375238	0.183246	
0.582706	0.328657	0.088637	
0.854626	0.126601	0.018774	
0.011245	0.419680	0.569075	
0.170840	0.271755	0.557405	
0.009158	0.435620	0.555222	
0.223424	0.318912	0.457664	
0.457915	0.351082	0.191003	
0.649120	0.265080	0.085801	
0.321996	0.438405	0.239599	
0.118822	0.344496	0.536682	
0.011730	0.570139	0.418131	
0.367227	0.336657	0.296116	
0.849330	0.126493	0.024177	
0.138572	0.704514	0.156914	
0.006103	0.167269	0.826628	
0.561038	0.332867	0.106095	
0.013598	0.516758	0.469644	
0.674525	0.260617	0.064859	
0.007329	0.186102	0.806569	
0.770803	0.182189	0.047008	
0.411697	0.404262	0.184042	
0.811232	0.157116	0.031652	
0.506370	0.373448	0.120182	
0.669606	0.264952	0.065443	
0.693693	0.243348	0.062959	
0.610164	0.294854	0.094982	
0.001076	0.027777	0.971147	
0.422704	0.418117	0.159179	
0.005861	0.242202	0.751937	
0.490606	0.385132	0.124261	
0.595166	0.306470	0.098364	
0.586699	0.320024	0.093277	
0.261989	0.571553	0.166459	
0.352606	0.421897	0.225497	
0.898240	0.093370	0.008390	
0.008224	0.489023	0.502753	
0.757036	0.195296	0.047667	
0.005916	0.143404	0.850680	
0.011853	0.521810	0.466338	
0.015677	0.453800	0.530523	
0.008595	0.347626	0.643779	
0.034797	0.322057	0.643146	
0.514768	0.372144	0.113088	
0.366901	0.418324	0.214775	
0.482619	0.356990	0.160392	
0.005359	0.119236	0.875405	
0.000972	0.030550	0.968478	
0.226858	0.315589	0.457553	
0.043812	0.384637	0.571550	
0.019241	0.057079	0.923679	
0.008557	0.461153	0.530290	
0.007981	0.482809	0.509210	
0.060185	0.514253	0.425562	
0.628566	0.291837	0.079597	
0.007035	0.219006	0.773959	
0.029295	0.343653	0.627053	
0.422848	0.409900	0.167252	
0.606349	0.290086	0.103565	
0.364720	0.329305	0.305975	
0.015012	0.411216	0.573771	
0.003236	0.071246	0.925518	
0.648335	0.282477	0.069187	
0.708587	0.245365	0.046047	
0.279106	0.533551	0.187344	
0.813654	0.150521	0.035825	
0.052528	0.526668	0.420804	
0.349272	0.438952	0.211775	
0.008980	0.319958	0.671061	
0.367508	0.346109	0.286383	
0.641985	0.258209	0.099806	
0.012742	0.472251	0.515008	
0.397028	0.317703	0.285269	
0.009828	0.280101	0.710071	
0.311637	0.392061	0.296302	
0.010058	0.330012	0.659930	
0.220969	0.552738	0.226294	
0.621335	0.289795	0.088870	
0.012238	0.104450	0.883312	
0.307683	0.270170	0.422147	
0.004135	0.076356	0.919509	
0.008984	0.482011	0.509005	
0.000034	0.001349	0.998617	
0.000040	0.001959	0.998002	
0.001518	0.041390	0.957092	
0.003560	0.050686	0.945754	
0.009443	0.283452	0.707106	
0.028640	0.325006	0.646354	
0.003239	0.066228	0.930533	
0.004229	0.064336	0.931435	
0.000083	0.003481	0.996436	
0.003265	0.062722	0.934012	
0.009448	0.163016	0.827536	
0.000314	0.007714	0.991973	
0.059314	0.316905	0.623781	
0.005672	0.099651	0.894678	
0.000678	0.019278	0.980045	
0.495077	0.377063	0.127860	
0.001597	0.035826	0.962578	
0.012162	0.240594	0.747245	
0.000811	0.026371	0.972818	
0.003310	0.071987	0.924703	
0.000076	0.004289	0.995635	
0.003048	0.084035	0.912917	
0.000072	0.002599	0.997330	
0.000218	0.007441	0.992341	
0.021861	0.183447	0.794692	
0.038987	0.290426	0.670587	
0.002102	0.042692	0.955205	
0.006561	0.134883	0.858556	
0.000091	0.002870	0.997039	
0.000897	0.020095	0.979008	
0.765023	0.188846	0.046131	
0.000143	0.005026	0.994831	
0.135369	0.220948	0.643683	
0.011940	0.298514	0.689546	
0.004319	0.028759	0.966923	
0.197350	0.338601	0.464049	
0.099675	0.213540	0.686785	
0.009886	0.190610	0.799504	
0.005004	0.120888	0.874107	
0.000462	0.010995	0.988542	
0.000029	0.001440	0.998531	
0.001796	0.057489	0.940715	
0.167884	0.322845	0.509272	
0.681170	0.174360	0.144469	
0.004038	0.145645	0.850317	
0.001426	0.045427	0.953147	
0.002292	0.047767	0.949941	
0.006802	0.167638	0.825560	
0.000472	0.013425	0.986103	
0.017097	0.033924	0.948979	
0.000379	0.011826	0.987796	
0.006264	0.179059	0.814676	
0.001567	0.025379	0.973053	
0.003477	0.098414	0.898109	
0.004656	0.052523	0.942821	
0.051309	0.310923	0.637768	
0.000143	0.004477	0.995380	
0.002861	0.035682	0.961457	
0.000328	0.012183	0.987489	
0.003825	0.081067	0.915108	
0.000044	0.001507	0.998448	
0.000137	0.004222	0.995641	
0.001580	0.039524	0.958896	
0.003539	0.096971	0.899489	
0.000773	0.033521	0.965705	
0.143450	0.283029	0.573521	
0.004710	0.118991	0.876299	
0.072255	0.324755	0.602990	
0.001407	0.018336	0.980257	
0.000487	0.016441	0.983072	
0.000049	0.002187	0.997764	
0.014472	0.367458	0.618070	
0.002903	0.079059	0.918039	
0.001742	0.037516	0.960743	
0.000417	0.009420	0.990163	
0.003539	0.074882	0.921579	
0.012793	0.327204	0.660002	
0.009345	0.225009	0.765646	
0.011607	0.264196	0.724197	
0.000226	0.007017	0.992757	
0.028860	0.339059	0.632081	
0.392319	0.399865	0.207816	
0.006703	0.453275	0.540022	
0.578501	0.338684	0.082814	
0.294773	0.334416	0.370811	
0.513317	0.249470	0.237213	
0.001642	0.020784	0.977575	
0.013330	0.240836	0.745834	
0.004878	0.105960	0.889162	
0.008555	0.586106	0.405339	
0.004120	0.074118	0.921761	
0.081897	0.744561	0.173542	
0.096879	0.625510	0.277610	
0.097403	0.496784	0.405814	
0.424137	0.439627	0.136237	
0.014189	0.435245	0.550565	
0.019672	0.739532	0.240796	
0.422608	0.412255	0.165137	
0.011917	0.509072	0.479011	
0.012834	0.245319	0.741848	
0.011881	0.654893	0.333226	
0.018309	0.138224	0.843467	
0.005280	0.191354	0.803366	
0.018031	0.476111	0.505858	
0.016637	0.305761	0.677602	
0.016091	0.425200	0.558708	
0.009469	0.616049	0.374482	
0.008774	0.096916	0.894310	
0.012067	0.466053	0.521880	
0.011775	0.538408	0.449818	
0.012356	0.403776	0.583868	
0.363104	0.370885	0.266011	
0.011672	0.425283	0.563045	
0.097601	0.365553	0.536846	
0.008277	0.100342	0.891380	
0.464061	0.422693	0.113246	
0.011827	0.212216	0.775957	
0.024194	0.368291	0.607515	
0.107335	0.563033	0.329632	
0.196266	0.426050	0.377684	
0.010275	0.201873	0.787851	
0.002935	0.042630	0.954435	
0.012937	0.164317	0.822746	
0.723418	0.235799	0.040783	
0.085367	0.238114	0.676519	
0.594171	0.322971	0.082857	
0.570158	0.353870	0.075972	
0.397337	0.400040	0.202623	
0.043240	0.712977	0.243783	
0.167950	0.624663	0.207387	
0.227447	0.506288	0.266265	
0.812001	0.159450	0.028549	
0.594380	0.280628	0.124992	
0.013469	0.257324	0.729207	
0.005950	0.093460	0.900590	
0.110837	0.599881	0.289282	
0.010569	0.600312	0.389119	
0.007850	0.367681	0.624469	
0.049959	0.477887	0.472154	
0.008739	0.266892	0.724368	
0.008589	0.220573	0.770838	
0.290289	0.565998	0.143713	
0.013154	0.332069	0.654777	
0.487054	0.405996	0.106950	
0.286657	0.272895	0.440448	
0.009056	0.125769	0.865175	
0.010976	0.161167	0.827857	
0.409582	0.431537	0.158881	
0.392913	0.431171	0.175916	
0.013846	0.368531	0.617623	
0.084677	0.744931	0.170393	
0.350646	0.255871	0.393482	
0.348228	0.449447	0.202325	
0.496836	0.329668	0.173496	
0.069690	0.498061	0.432249	
0.532197	0.354318	0.113485	
0.019945	0.603258	0.376798	
0.067101	0.164598	0.768301	
0.230152	0.300459	0.469389	
0.333642	0.494743	0.171615	
0.013972	0.503530	0.482499	
0.011707	0.457791	0.530502	
0.533084	0.363188	0.103728	
0.371970	0.537180	0.090850	
0.015686	0.306263	0.678051	
0.012671	0.479227	0.508103	
0.016897	0.417404	0.565699	
0.014296	0.389900	0.595804	
0.108051	0.256817	0.635132	
0.266443	0.392435	0.341121	
0.424733	0.463777	0.111490	
0.414524	0.257265	0.328211	
0.026391	0.569690	0.403919	
0.004661	0.081583	0.913756	
0.592530	0.309562	0.097907	
0.007143	0.109867	0.882990	
0.044736	0.653532	0.301731	
0.634048	0.284036	0.081916	
0.138760	0.684215	0.177025	
0.077050	0.723404	0.199546	
0.034180	0.749443	0.216377	
0.010008	0.440200	0.549793	
0.100166	0.623836	0.275999	
0.382083	0.416245	0.201672	
0.142422	0.173075	0.684504	
0.004563	0.111695	0.883742	
0.119796	0.407191	0.473013	
0.114015	0.654219	0.231766	
0.205148	0.317111	0.477741	
0.093705	0.618834	0.287461	
0.630908	0.322009	0.047083	
0.018099	0.229364	0.752538	
0.013320	0.503545	0.483136	
0.010131	0.278461	0.711408	
0.086297	0.524693	0.389010	
0.464235	0.369025	0.166739	
0.136282	0.248428	0.615291	
0.229549	0.600129	0.170322	
0.398975	0.490452	0.110573	
0.012615	0.293897	0.693488	
0.153739	0.355269	0.490992	
0.011687	0.194871	0.793441	
0.031609	0.756810	0.211581	
0.213280	0.603680	0.183040	
0.018266	0.462599	0.519135	
0.016105	0.182194	0.801702	
0.005024	0.081929	0.913047	
0.033653	0.155471	0.810876	
0.080895	0.636063	0.283042	
0.607004	0.333829	0.059167	
0.011384	0.298965	0.689651	
0.615284	0.261394	0.123322	
0.011404	0.619228	0.369368	
0.005913	0.105062	0.889025	
0.000765	0.018217	0.981019	
0.255738	0.370533	0.373729	
0.021684	0.426764	0.551551	
0.296259	0.322822	0.380919	
0.395962	0.491889	0.112148	
0.000723	0.011815	0.987462	
0.047559	0.282907	0.669534	
0.015329	0.195178	0.789493	
0.318252	0.478059	0.203689	
0.131686	0.210121	0.658194	
0.424302	0.314519	0.261179	
0.188760	0.640584	0.170656	
0.011580	0.725715	0.262705	
0.060281	0.298605	0.641114	
0.335431	0.326144	0.338426	
0.095730	0.441873	0.462397	
0.564202	0.340922	0.094877	
0.014305	0.641776	0.343919	
0.343560	0.519710	0.136730	
0.069471	0.350722	0.579807	
0.515508	0.318892	0.165599	
0.061700	0.121649	0.816651	
0.020990	0.560116	0.418894	
0.594850	0.311128	0.094022	
0.585133	0.302373	0.112493	
0.455221	0.370139	0.174640	
0.351679	0.529234	0.119087	
0.035430	0.197128	0.767441	
0.340185	0.488039	0.171776	
0.283875	0.500624	0.215501	
0.021126	0.068470	0.910404	
0.017258	0.095056	0.887686	
0.000934	0.029000	0.970066	
0.000765	0.011086	0.988149	
0.008600	0.367486	0.623914	
0.010651	0.124119	0.865230	
0.046894	0.571632	0.381474	
0.060792	0.553312	0.385896	
0.576464	0.322461	0.101074	
0.133983	0.535532	0.330485	
0.008631	0.130483	0.860886	
0.008851	0.498198	0.492951	
0.045681	0.685401	0.268918	
0.010047	0.405438	0.584514	
0.052907	0.319328	0.627765	
0.023004	0.338077	0.638919	
0.487158	0.383998	0.128844	
0.003787	0.149016	0.847197	
0.017175	0.409814	0.573011	
0.009581	0.528316	0.462103	
0.008453	0.100842	0.890705	
0.605103	0.317845	0.077052	
0.006998	0.447530	0.545472	
0.011600	0.068243	0.920157	
0.023129	0.306109	0.670762	
0.003391	0.049797	0.946812	
0.018444	0.581251	0.400305	
0.008127	0.283555	0.708318	
0.077154	0.570705	0.352141	
0.007325	0.639955	0.352720	
0.301963	0.344835	0.353202	
0.064045	0.746328	0.189628	
0.333388	0.494104	0.172508	
0.013154	0.150765	0.836081	
0.645843	0.298727	0.055430	
0.343293	0.578125	0.078581	
0.885690	0.099275	0.015035	
0.523296	0.407803	0.068901	
0.514375	0.368918	0.116707	
0.591404	0.309613	0.098983	
0.664157	0.295287	0.040555	
0.713924	0.222671	0.063406	
0.107474	0.678379	0.214147	
0.377390	0.443783	0.178827	
0.607932	0.264240	0.127828	
0.479529	0.365574	0.154897	
0.602772	0.330211	0.067017	
0.076053	0.115693	0.808255	
0.522165	0.386234	0.091600	
0.533357	0.341282	0.125361	
0.371795	0.487682	0.140523	
0.380646	0.428567	0.190787	
0.602067	0.318936	0.078997	
0.126279	0.640849	0.232872	
0.702080	0.264378	0.033541	
0.729817	0.216364	0.053819	
0.382582	0.474003	0.143416	
0.008968	0.072550	0.918482	
0.453618	0.413145	0.133237	
0.165392	0.670428	0.164180	
0.540130	0.384831	0.075039	
0.429776	0.442931	0.127293	
0.765888	0.197465	0.036648	
0.022676	0.691279	0.286045	
0.438109	0.406894	0.154997	
0.569829	0.348520	0.081651	
0.138227	0.664608	0.197165	
0.572792	0.318240	0.108967	
0.607878	0.348522	0.043601	
0.596344	0.310127	0.093529	
0.923867	0.059657	0.016476	
0.465922	0.436799	0.097279	
0.664447	0.250691	0.084862	
0.676533	0.278605	0.044862	
0.040310	0.634637	0.325053	
0.841670	0.138972	0.019358	
0.647514	0.287151	0.065335	
0.518138	0.358197	0.123665	
0.497395	0.431001	0.071604	
0.439516	0.388584	0.171900	
0.376097	0.450835	0.173068	
0.758201	0.215537	0.026262	
0.497732	0.386088	0.116180	
0.462574	0.448141	0.089285	
0.330892	0.497713	0.171396	
0.230577	0.533049	0.236374	
0.801296	0.172551	0.026153	
0.587710	0.337842	0.074448	
0.007806	0.107848	0.884346	
0.436223	0.319262	0.244516	
0.591577	0.289021	0.119403	
0.471260	0.393761	0.134979	
0.431573	0.456385	0.112042	
0.673354	0.273246	0.053400	
0.017941	0.586004	0.396055	
0.383933	0.513385	0.102682	
0.359765	0.512001	0.128234	
0.139841	0.638583	0.221576	
0.461972	0.455082	0.082946	
0.008956	0.259773	0.731271	
0.403498	0.444397	0.152106	
0.663378	0.252977	0.083645	
0.891964	0.097268	0.010768	
0.892714	0.096379	0.010906	
0.327010	0.554031	0.118959	
0.395362	0.486624	0.118013	
0.408258	0.380299	0.211442	
0.522081	0.361839	0.116080	
0.718286	0.243382	0.038332	
0.644216	0.290156	0.065628	
0.006827	0.057744	0.935429	
0.574705	0.306580	0.118715	
0.592209	0.349001	0.058790	
0.517723	0.372064	0.110213	
0.309684	0.585659	0.104657	
0.104586	0.608839	0.286575	
0.847670	0.135274	0.017056	
0.549618	0.332879	0.117503	
0.459588	0.372988	0.167424	
0.339951	0.537569	0.122480	
0.456311	0.379535	0.164154	
0.609325	0.333580	0.057095	
0.500293	0.345592	0.154115	
0.143047	0.678068	0.178885	
0.540217	0.385155	0.074628	
0.036562	0.408657	0.554781	
0.559091	0.371627	0.069282	
0.007065	0.092866	0.900069	
0.759359	0.198405	0.042236	
0.566992	0.348945	0.084063	
0.500443	0.406541	0.093016	
0.227536	0.547009	0.225455	
0.514369	0.369683	0.115948	
0.508085	0.356297	0.135618	
0.292120	0.538360	0.169520	
0.673663	0.276550	0.049788	
0.514000	0.405331	0.080668	
0.119758	0.715746	0.164496	
0.004605	0.100080	0.895314	
0.041194	0.634588	0.324218	
0.115331	0.461614	0.423055	
0.005389	0.061612	0.932999	
0.231837	0.649427	0.118737	
0.339139	0.460544	0.200317	
0.171484	0.598520	0.229996	
0.006084	0.116052	0.877865	
0.536050	0.368360	0.095590	
0.008240	0.128234	0.863526	
0.319131	0.485163	0.195705	
0.047361	0.100980	0.851659	
0.418701	0.421715	0.159584	
0.570638	0.302524	0.126838	
0.824574	0.158342	0.017084	
0.314605	0.555753	0.129642	
0.431019	0.365427	0.203554	
0.005336	0.099140	0.895524	
0.539093	0.355343	0.105564	
0.014652	0.501222	0.484126	
0.639498	0.294264	0.066237	
0.029904	0.339602	0.630494	
0.017635	0.269580	0.712785	
0.030718	0.648962	0.320320	
0.425774	0.428989	0.145237	
0.001071	0.019293	0.979636	
0.715908	0.251073	0.033019	
0.110140	0.682916	0.206945	
0.465470	0.461924	0.072606	
0.900074	0.089401	0.010525	
0.661368	0.266959	0.071674	
0.079244	0.662803	0.257953	
0.014915	0.173448	0.811638	
0.003479	0.060244	0.936277	
0.016268	0.235026	0.748706	
0.413357	0.382557	0.204086	
0.871614	0.112367	0.016019	
0.511166	0.388931	0.099902	
0.222486	0.530680	0.246833	
0.004348	0.081398	0.914254	
0.247727	0.598787	0.153486	
0.441846	0.298250	0.259904	
0.522489	0.406139	0.071372	
0.513905	0.338933	0.147162	
0.642884	0.270023	0.087094	
0.483320	0.376006	0.140673	
0.234903	0.317772	0.447325	
0.011373	0.238565	0.750062	
0.229171	0.238298	0.532531	
0.024328	0.188196	0.787476	
0.489346	0.297190	0.213464	
0.226837	0.696962	0.076200	
0.155963	0.479985	0.364052	
0.775952	0.197124	0.026924	
0.587913	0.339385	0.072702	
0.086357	0.644687	0.268956	
0.139663	0.660835	0.199502	
0.540758	0.341516	0.117726	
0.072411	0.529861	0.397728	
0.780826	0.193699	0.025475	
0.178300	0.585483	0.236218	
0.018427	0.295621	0.685952	
0.446615	0.365912	0.187474	
0.232061	0.585264	0.182674	
0.047454	0.224543	0.728003	
0.196595	0.602907	0.200498	
0.672977	0.282289	0.044734	
0.370423	0.460298	0.169279	
0.733722	0.224084	0.042193	
0.350776	0.445454	0.203770	
0.086620	0.233561	0.679819	
0.354756	0.434080	0.211164	
0.308208	0.401984	0.289808	
0.491381	0.449069	0.059550	
0.231832	0.466086	0.302083	
0.557510	0.306844	0.135646	
0.287103	0.379387	0.333510	
0.093020	0.726059	0.180921	
0.065412	0.634430	0.300159	
0.046290	0.760627	0.193083	
0.294698	0.612244	0.093058	
0.109132	0.655514	0.235355	
0.068491	0.546026	0.385483	
0.684631	0.238738	0.076631	
0.040480	0.342178	0.617342	
0.239507	0.347845	0.412648	
0.743048	0.232728	0.024224	
0.334785	0.420061	0.245154	
0.058115	0.736217	0.205668	
0.322013	0.544702	0.133285	
0.459531	0.451246	0.089224	
0.391273	0.499163	0.109564	
0.088552	0.279504	0.631944	
0.402325	0.434826	0.162849	
0.079046	0.705221	0.215732	
0.245480	0.437188	0.317333	
0.082483	0.740726	0.176791	
0.237989	0.573559	0.188453	
0.009110	0.577313	0.413577	
0.460168	0.361969	0.177863	
0.113842	0.339451	0.546706	
0.258050	0.691022	0.050928	
0.023432	0.736213	0.240355	
0.367243	0.470769	0.161989	
0.015540	0.532468	0.451991	
0.042137	0.735521	0.222342	
0.031551	0.741790	0.226659	
0.092294	0.742781	0.164926	
0.061148	0.727922	0.210930	
0.641813	0.286829	0.071358	
0.928016	0.061867	0.010116	
0.161328	0.699695	0.138977	
0.770315	0.196091	0.033594	
0.159782	0.669254	0.170964	
0.084260	0.708904	0.206836	
0.428667	0.398446	0.172887	
0.723382	0.244305	0.032312	
0.514457	0.422734	0.062809	
0.259406	0.509827	0.230767	
0.302483	0.557698	0.139819	
0.231837	0.536661	0.231501	
0.712036	0.222116	0.065848	
0.735841	0.221837	0.042322	
0.124732	0.636184	0.239084	
0.193243	0.667470	0.139288	
0.553935	0.315371	0.130694	
0.396203	0.407658	0.196139	
0.561773	0.336352	0.101875	
0.439713	0.467539	0.092749	
0.092846	0.739466	0.167688	
0.062689	0.673681	0.263630	
0.148126	0.680605	0.171269	
0.102007	0.548911	0.349082	
0.369430	0.496012	0.134558	
0.143563	0.637247	0.219190	
0.570748	0.374796	0.054456	
0.025089	0.551544	0.423367	
0.200997	0.346341	0.452662	
0.027745	0.779532	0.192723	
0.191558	0.641277	0.167165	
0.283123	0.578738	0.138138	
0.131879	0.776672	0.091449	
0.034868	0.657915	0.307217	
0.456809	0.410326	0.132864	
0.011615	0.520442	0.467944	
0.318749	0.487682	0.193570	
0.032739	0.643877	0.323384	
0.537503	0.395852	0.066646	
0.446351	0.434648	0.119001	
0.114983	0.532792	0.352225	
0.511261	0.391613	0.097126	
0.011860	0.196185	0.791955	
0.586085	0.347281	0.066634	
0.607193	0.335413	0.057393	
0.175755	0.644242	0.180003	
0.124531	0.614517	0.260953	
0.419971	0.482534	0.097495	
0.649989	0.299371	0.050640	
0.391626	0.480277	0.128097	
0.343577	0.472636	0.183787	
0.010267	0.250363	0.739370	
0.439074	0.401935	0.158991	
0.222665	0.671387	0.105948	
0.574931	0.341804	0.083264	
0.017776	0.551871	0.430353	
0.040188	0.737590	0.222221	
0.074343	0.684454	0.241203	
0.403333	0.328816	0.267851	
0.285605	0.537309	0.177087	
0.078994	0.656114	0.264892	
0.385761	0.505253	0.108986	
0.167181	0.295944	0.536874	
0.460152	0.443027	0.096821	
0.197780	0.604682	0.197539	
0.013441	0.446144	0.540415	
0.487991	0.411767	0.100242	
0.421925	0.477167	0.100909	
0.454138	0.468400	0.077462	
0.394612	0.443966	0.161423	
0.259915	0.445238	0.294847	
0.231131	0.321152	0.447716	
0.167238	0.628146	0.204615	
0.012234	0.543311	0.444455	
0.454780	0.407608	0.137612	
0.016690	0.502142	0.481169	
0.456761	0.460186	0.083053	
0.302588	0.521584	0.175828	
0.843499	0.137232	0.019270	
0.251297	0.647354	0.101349	
0.337614	0.503137	0.159249	
0.455999	0.364885	0.179116	
0.500043	0.438340	0.061616	
0.127930	0.502226	0.369844	
0.425576	0.304828	0.269595	
0.482100	0.388122	0.129778	
0.632834	0.300027	0.067139	
0.110182	0.649639	0.240179	
0.008533	0.107108	0.884359	
0.001802	0.045415	0.952783	
0.075698	0.251147	0.673155	
0.472190	0.447149	0.080662	
0.673814	0.287868	0.038318	
0.059588	0.713794	0.226618	
0.738894	0.214425	0.046681	
0.277826	0.507072	0.215102	
0.634281	0.319729	0.045989	
0.656864	0.291092	0.052044	
0.577607	0.356330	0.066063	
0.021268	0.418820	0.559911	
0.036834	0.253852	0.709314	
0.168187	0.564005	0.267808	
0.192815	0.665133	0.142052	
0.376307	0.475223	0.148469	
0.832728	0.148216	0.019056	
0.343293	0.578125	0.078581	
0.907687	0.081928	0.010384	
0.023146	0.716121	0.260732	
0.158479	0.593613	0.247908	
0.625215	0.319414	0.055370	
0.411209	0.421117	0.167674	
0.429240	0.468719	0.102041	
0.695529	0.264450	0.040021	
0.380646	0.428567	0.190787	
0.392396	0.482850	0.124754	
0.394583	0.442951	0.162466	
0.176992	0.301531	0.521477	
0.410467	0.446953	0.142580	
0.761337	0.207172	0.031491	
0.301275	0.555342	0.143383	
0.664720	0.272893	0.062387	
0.020277	0.654096	0.325626	
0.714720	0.235523	0.049757	
0.584062	0.344047	0.071891	
0.373691	0.493708	0.132601	
0.435166	0.396322	0.168512	
0.299809	0.592363	0.107828	
0.813255	0.162227	0.024517	
0.326756	0.483148	0.190096	
0.422348	0.516355	0.061297	
0.425677	0.438641	0.135682	
0.131058	0.703182	0.165760	
0.881465	0.103749	0.014786	
0.401791	0.449007	0.149202	
0.090139	0.727688	0.182173	
0.568568	0.346640	0.084792	
0.105225	0.194067	0.700709	
0.598251	0.347732	0.054017	
0.568378	0.262344	0.169278	
0.246983	0.582923	0.170094	
0.183177	0.629235	0.187588	
0.809842	0.154199	0.035959	
0.070998	0.410152	0.518850	
0.455434	0.482484	0.062081	
0.449453	0.438386	0.112161	
0.532151	0.383598	0.084251	
0.012724	0.242222	0.745054	
0.032529	0.284730	0.682741	
0.287689	0.533554	0.178757	
0.002173	0.052873	0.944954	
0.302061	0.517122	0.180817	
0.000210	0.002534	0.997256	
0.025721	0.662451	0.311828	
0.012795	0.439852	0.547353	
0.007796	0.153381	0.838823	
0.287630	0.320044	0.392327	
0.005244	0.121452	0.873305	
0.564217	0.309680	0.126103	
0.290531	0.329942	0.379527	
0.033643	0.451798	0.514559	
0.005451	0.086524	0.908025	
0.002926	0.068377	0.928697	
0.012060	0.566159	0.421781	
0.027742	0.503482	0.468776	
0.516831	0.278357	0.204812	
0.008220	0.396055	0.595725	
0.484873	0.388747	0.126380	
0.010020	0.488382	0.501597	
0.019150	0.121941	0.858909	
0.021704	0.565813	0.412483	
0.012965	0.146904	0.840131	
0.007859	0.118458	0.873683	
0.005488	0.085147	0.909365	
0.015364	0.109945	0.874691	
0.012006	0.218656	0.769338	
0.360069	0.349188	0.290742	
0.492611	0.360256	0.147133	
0.182968	0.299171	0.517861	
0.008353	0.560867	0.430780	
0.005140	0.083583	0.911277	
0.004413	0.048282	0.947305	
0.012261	0.210150	0.777589	
0.143610	0.584481	0.271910	
0.011070	0.526874	0.462056	
0.084015	0.300946	0.615039	
0.019150	0.479982	0.500868	
0.023915	0.418948	0.557137	
0.012319	0.459838	0.527843	
0.479681	0.370237	0.150083	
0.012866	0.361825	0.625309	
0.009909	0.246357	0.743734	
0.010539	0.402937	0.586525	
0.004421	0.124385	0.871195	
0.306264	0.418101	0.275635	
0.015727	0.346345	0.637928	
0.195523	0.514515	0.289961	
0.001175	0.016000	0.982824	
0.419844	0.428670	0.151486	
0.391996	0.406788	0.201216	
0.010506	0.467669	0.521825	
0.407021	0.413390	0.179589	
0.077118	0.463119	0.459763	
0.010470	0.193446	0.796084	
0.181396	0.476019	0.342585	
0.017707	0.104021	0.878273	
0.019847	0.614459	0.365694	
0.396839	0.375201	0.227960	
0.001324	0.027958	0.970718	
0.013959	0.248826	0.737216	
0.012745	0.179013	0.808242	
0.008255	0.142028	0.849717	
0.010967	0.324099	0.664934	
0.009487	0.302637	0.687876	
0.660138	0.269754	0.070108	
0.012463	0.221217	0.766320	
0.342545	0.371726	0.285730	
0.310631	0.379577	0.309792	
0.021000	0.586970	0.392030	
0.016278	0.487397	0.496325	
0.605610	0.254242	0.140147	
0.022152	0.498037	0.479810	
0.034747	0.661080	0.304173	
0.173665	0.627307	0.199028	
0.600394	0.301143	0.098463	
0.011539	0.498661	0.489801	
0.322139	0.372129	0.305732	
0.341325	0.405240	0.253435	
0.038283	0.691234	0.270484	
0.012817	0.346276	0.640907	
0.025805	0.470094	0.504101	
0.339693	0.297906	0.362401	
0.008636	0.074271	0.917094	
0.662043	0.247702	0.090254	
0.007323	0.274877	0.717800	
0.021234	0.380316	0.598450	
0.021026	0.387864	0.591109	
0.476740	0.417720	0.105540	
0.024422	0.419236	0.556342	
0.193085	0.582571	0.224343	
0.012873	0.373178	0.613949	
0.026120	0.361385	0.612495	
0.833313	0.130585	0.036102	
0.364399	0.353212	0.282390	
0.033733	0.635972	0.330294	
0.290471	0.327297	0.382232	
0.004865	0.111974	0.883161	
0.006165	0.111662	0.882173	
0.018655	0.340587	0.640758	
0.063117	0.317396	0.619487	
0.001158	0.012239	0.986603	
0.008688	0.537117	0.454195	
0.029696	0.592238	0.378065	
0.008061	0.096078	0.895861	
0.013609	0.462472	0.523919	
0.381764	0.418425	0.199811	
0.464704	0.402311	0.132985	
0.062669	0.642011	0.295320	
0.012191	0.449139	0.538671	
0.602977	0.302826	0.094197	
0.340118	0.410957	0.248926	
0.012652	0.426007	0.561341	
0.012370	0.457046	0.530584	
0.002027	0.031395	0.966579	
0.007341	0.136465	0.856194	
0.014321	0.418555	0.567124	
0.010210	0.545683	0.444106	
0.000634	0.016630	0.982736	
0.069101	0.380138	0.550760	
0.474281	0.349089	0.176629	
0.158562	0.592858	0.248580	
0.020376	0.644087	0.335537	
0.644530	0.278631	0.076839	
0.002614	0.092153	0.905234	
0.056103	0.447841	0.496056	
0.002509	0.064181	0.933310	
0.358739	0.367686	0.273575	
0.027856	0.123256	0.848888	
0.016305	0.381956	0.601739	
0.014503	0.407448	0.578049	
0.005509	0.086636	0.907855	
0.009027	0.071864	0.919109	
0.366918	0.548269	0.084813	
0.248004	0.530525	0.221471	
0.019175	0.566485	0.414341	
0.364009	0.346089	0.289902	
0.012857	0.438102	0.549041	
0.377075	0.398247	0.224678	
0.020161	0.305681	0.674159	
0.000336	0.009568	0.990096	
0.015031	0.547092	0.437877	
0.144949	0.455720	0.399331	
0.000973	0.029144	0.969883	
0.037963	0.592292	0.369745	
0.011695	0.247731	0.740574	
0.018497	0.570315	0.411188	
0.014926	0.277085	0.707988	
0.005356	0.072752	0.921892	
0.011874	0.430519	0.557607	
0.709423	0.254748	0.035828	
0.016886	0.139204	0.843911	
0.031107	0.566211	0.402681	
0.014989	0.352075	0.632936	
0.499609	0.359006	0.141385	
0.007835	0.041253	0.950912	
0.061546	0.664651	0.273803	
0.003103	0.047826	0.949071	
0.008096	0.178025	0.813879	
0.136410	0.531158	0.332432	
0.244578	0.285829	0.469593	
0.022667	0.175535	0.801799	
0.030399	0.088553	0.881047	
0.211189	0.294809	0.494002	
0.440536	0.277313	0.282152	
0.003462	0.027702	0.968836	
0.059295	0.264833	0.675872	
0.005939	0.131668	0.862393	
0.019679	0.500720	0.479601	
0.006536	0.066678	0.926786	
0.687151	0.257995	0.054854	
0.011412	0.443295	0.545293	
0.015871	0.099920	0.884209	
0.009035	0.148267	0.842697	
0.012947	0.288260	0.698793	
0.327962	0.360733	0.311305	
0.012338	0.423739	0.563923	
0.038004	0.295442	0.666555	
0.065562	0.228603	0.705835	
