0.007403	0.378795	0.613801	
0.776450	0.200110	0.023440	
0.925424	0.065339	0.009237	
0.842887	0.146420	0.010693	
0.194013	0.414961	0.391027	
0.194013	0.414961	0.391027	
0.011102	0.159525	0.829374	
0.785259	0.186324	0.028418	
0.618216	0.257622	0.124162	
0.811400	0.172313	0.016286	
0.244867	0.409607	0.345527	
0.030962	0.828177	0.140861	
0.012123	0.262679	0.725198	
0.194013	0.414961	0.391027	
0.003305	0.843396	0.153299	
0.038528	0.186972	0.774499	
0.031039	0.725764	0.243197	
0.597544	0.387604	0.014852	
0.194013	0.414961	0.391027	
0.194013	0.414961	0.391027	
0.000500	0.006796	0.992703	
0.126824	0.381875	0.491301	
0.005639	0.218225	0.776137	
0.780234	0.192059	0.027707	
0.194013	0.414961	0.391027	
0.905602	0.090159	0.004238	
0.004636	0.716417	0.278947	
0.194013	0.414961	0.391027	
0.164055	0.625467	0.210478	
0.232547	0.309758	0.457696	
0.086983	0.285894	0.627123	
0.001945	0.047122	0.950934	
0.005883	0.029996	0.964121	
0.029891	0.172366	0.797743	
0.002423	0.885379	0.112197	
0.016329	0.281992	0.701680	
0.779906	0.195419	0.024675	
0.702269	0.261526	0.036206	
0.194013	0.414961	0.391027	
0.194013	0.414961	0.391027	
0.194013	0.414961	0.391027	
0.261840	0.690518	0.047642	
0.138922	0.758734	0.102344	
0.570128	0.343958	0.085913	
0.002317	0.802199	0.195483	
0.194013	0.414961	0.391027	
0.017952	0.123792	0.858256	
0.080599	0.120783	0.798618	
0.025211	0.483928	0.490861	
0.039564	0.106514	0.853922	
0.194013	0.414961	0.391027	
0.020725	0.923809	0.055466	
0.019935	0.735195	0.244869	
0.005366	0.178638	0.815996	
0.001807	0.914963	0.083230	
0.194013	0.414961	0.391027	
0.194013	0.414961	0.391027	
0.194013	0.414961	0.391027	
0.002378	0.627729	0.369893	
0.392513	0.383096	0.224391	
0.297614	0.586465	0.115922	
0.760697	0.204429	0.034875	
0.002060	0.077740	0.920200	
0.171509	0.194649	0.633842	
0.194013	0.414961	0.391027	
0.013887	0.489909	0.496204	
0.958272	0.040500	0.001228	
0.194013	0.414961	0.391027	
0.241570	0.612183	0.146247	
0.006693	0.128079	0.865228	
0.919092	0.074931	0.005977	
0.490245	0.392565	0.117190	
0.015414	0.663382	0.321204	
0.012646	0.766396	0.220957	
0.194013	0.414961	0.391027	
0.194013	0.414961	0.391027	
0.194013	0.414961	0.391027	
0.002200	0.056642	0.941158	
0.003395	0.813064	0.183541	
0.194013	0.414961	0.391027	
0.003466	0.721217	0.275318	
0.000858	0.010314	0.988827	
0.401600	0.387765	0.210635	
0.159663	0.186053	0.654284	
0.194013	0.414961	0.391027	
0.069879	0.733628	0.196493	
0.026918	0.801170	0.171912	
0.004181	0.120175	0.875644	
0.011239	0.094865	0.893897	
0.389674	0.388915	0.221412	
0.044789	0.834526	0.120685	
0.014537	0.788504	0.196959	
0.036550	0.891414	0.072036	
0.194013	0.414961	0.391027	
0.689920	0.276998	0.033082	
0.007492	0.396429	0.596080	
0.194013	0.414961	0.391027	
0.003843	0.812091	0.184066	
0.001986	0.730502	0.267512	
0.008818	0.028513	0.962669	
0.010347	0.740274	0.249380	
0.081699	0.563092	0.355209	
0.783252	0.205908	0.010839	
0.046090	0.453077	0.500833	
0.150146	0.544720	0.305134	
0.000441	0.811381	0.188178	
0.004408	0.690438	0.305155	
0.150672	0.391455	0.457873	
0.016713	0.748701	0.234586	
0.853427	0.133569	0.013003	
0.003391	0.114584	0.882024	
0.857237	0.129699	0.013064	
0.305382	0.605725	0.088893	
0.235929	0.661749	0.102322	
0.265813	0.439928	0.294259	
0.003098	0.683289	0.313613	
0.176907	0.146167	0.676926	
0.032802	0.773059	0.194139	
0.001972	0.741754	0.256274	
0.011706	0.894821	0.093472	
0.019846	0.741620	0.238534	
0.194013	0.414961	0.391027	
0.538096	0.348812	0.113092	
0.028397	0.191758	0.779844	
0.194013	0.414961	0.391027	
0.194013	0.414961	0.391027	
0.194013	0.414961	0.391027	
0.919042	0.077944	0.003014	
0.012093	0.817970	0.169937	
0.066863	0.318783	0.614354	
0.024720	0.629567	0.345714	
0.013223	0.713755	0.273022	
0.139664	0.532881	0.327455	
0.637603	0.319624	0.042773	
0.035055	0.641083	0.323863	
0.194013	0.414961	0.391027	
0.080149	0.612726	0.307126	
0.458789	0.372451	0.168761	
0.060143	0.713617	0.226240	
0.000685	0.020081	0.979234	
0.002267	0.797825	0.199908	
0.194013	0.414961	0.391027	
0.010107	0.195222	0.794671	
0.018922	0.792390	0.188688	
0.000186	0.008629	0.991185	
0.540397	0.419969	0.039635	
0.001856	0.877682	0.120462	
0.045852	0.701928	0.252220	
0.003598	0.805660	0.190743	
0.002252	0.292943	0.704805	
0.012636	0.804568	0.182796	
0.187333	0.651183	0.161485	
0.194013	0.414961	0.391027	
0.225123	0.178723	0.596154	
0.620078	0.318199	0.061723	
0.003865	0.796952	0.199183	
0.072425	0.698579	0.228995	
0.118555	0.666738	0.214708	
0.004593	0.811255	0.184152	
0.101179	0.753470	0.145350	
0.077194	0.348928	0.573878	
0.006799	0.110986	0.882215	
0.677898	0.263413	0.058689	
0.560716	0.353288	0.085996	
0.796687	0.163154	0.040159	
0.057979	0.446059	0.495962	
0.003933	0.035565	0.960502	
0.042454	0.844849	0.112697	
0.194013	0.414961	0.391027	
0.025394	0.852964	0.121642	
0.010270	0.306502	0.683229	
0.194013	0.414961	0.391027	
0.010733	0.913351	0.075916	
0.407424	0.469299	0.123277	
0.033944	0.274136	0.691921	
0.001428	0.055472	0.943100	
0.092862	0.762492	0.144646	
0.537871	0.342120	0.120009	
0.014126	0.692072	0.293802	
0.523410	0.388451	0.088139	
0.007315	0.807930	0.184754	
0.026048	0.595145	0.378807	
0.107092	0.275389	0.617519	
0.194013	0.414961	0.391027	
0.008688	0.519975	0.471337	
0.025469	0.914051	0.060480	
0.038594	0.485827	0.475579	
0.713083	0.249234	0.037683	
0.825471	0.156494	0.018035	
0.331069	0.465685	0.203245	
0.194013	0.414961	0.391027	
0.002045	0.014515	0.983440	
0.194013	0.414961	0.391027	
0.010294	0.813118	0.176588	
0.000598	0.029914	0.969487	
0.194013	0.414961	0.391027	
0.685354	0.280096	0.034550	
0.940874	0.054917	0.004210	
0.023376	0.295855	0.680769	
0.194013	0.414961	0.391027	
0.116582	0.715651	0.167767	
0.050218	0.664015	0.285768	
0.000639	0.005904	0.993457	
0.029775	0.812764	0.157461	
0.010301	0.620432	0.369266	
0.003003	0.060989	0.936008	
0.003678	0.825532	0.170790	
0.007199	0.614037	0.378764	
0.101126	0.770970	0.127904	
0.668284	0.278715	0.053001	
0.860223	0.126151	0.013626	
0.018376	0.581131	0.400493	
0.004226	0.789372	0.206402	
0.009746	0.704867	0.285388	
0.236025	0.553828	0.210148	
0.194013	0.414961	0.391027	
0.194013	0.414961	0.391027	
0.022253	0.749374	0.228373	
0.007261	0.205308	0.787431	
0.331237	0.363674	0.305090	
0.032167	0.734989	0.232844	
0.194013	0.414961	0.391027	
0.136515	0.628120	0.235365	
0.194013	0.414961	0.391027	
0.238394	0.587074	0.174533	
0.449010	0.418701	0.132289	
0.291951	0.630675	0.077374	
0.003957	0.858981	0.137062	
0.708651	0.255185	0.036164	
0.667523	0.307077	0.025400	
0.760825	0.201222	0.037953	
0.594190	0.385196	0.020615	
0.000096	0.003159	0.996745	
0.721885	0.245152	0.032963	
0.012112	0.033344	0.954544	
0.194013	0.414961	0.391027	
0.173574	0.272175	0.554250	
0.026367	0.205613	0.768020	
0.784682	0.194414	0.020903	
0.689069	0.245516	0.065415	
0.036046	0.642950	0.321004	
0.075869	0.851795	0.072337	
0.194013	0.414961	0.391027	
0.069879	0.733628	0.196493	
0.001899	0.745624	0.252477	
0.599988	0.337953	0.062059	
0.003070	0.813017	0.183913	
0.045995	0.125037	0.828968	
0.194013	0.414961	0.391027	
0.743222	0.238556	0.018222	
0.194013	0.414961	0.391027	
0.076641	0.273198	0.650161	
0.164855	0.682177	0.152969	
0.015147	0.282960	0.701893	
0.924904	0.069368	0.005729	
0.194013	0.414961	0.391027	
0.133613	0.545199	0.321188	
0.011290	0.223986	0.764724	
0.194013	0.414961	0.391027	
0.098001	0.682762	0.219237	
0.002485	0.800892	0.196623	
0.194013	0.414961	0.391027	
0.194013	0.414961	0.391027	
0.001493	0.812321	0.186186	
0.005980	0.036220	0.957800	
0.670937	0.269212	0.059851	
0.014722	0.562406	0.422873	
0.194013	0.414961	0.391027	
0.445307	0.377663	0.177030	
0.194013	0.414961	0.391027	
0.194013	0.414961	0.391027	
0.258556	0.351883	0.389561	
0.055133	0.093246	0.851621	
0.031877	0.045996	0.922126	
0.002918	0.284352	0.712730	
0.016191	0.213193	0.770616	
0.006365	0.857377	0.136258	
0.010876	0.846649	0.142474	
0.009596	0.057130	0.933275	
0.539286	0.377440	0.083273	
0.621096	0.284225	0.094679	
0.005528	0.066384	0.928088	
0.194013	0.414961	0.391027	
0.008743	0.581506	0.409752	
0.016940	0.217552	0.765508	
0.620050	0.300536	0.079414	
0.008560	0.849223	0.142217	
0.044716	0.471800	0.483484	
0.636938	0.311244	0.051818	
0.194013	0.414961	0.391027	
0.009584	0.864498	0.125919	
0.132997	0.728249	0.138754	
0.194013	0.414961	0.391027	
0.003719	0.488341	0.507940	
0.871880	0.113920	0.014200	
0.008681	0.895755	0.095563	
0.318709	0.592214	0.089077	
0.194013	0.414961	0.391027	
0.319637	0.557014	0.123348	
0.599427	0.377462	0.023111	
0.030155	0.189097	0.780748	
0.025718	0.366545	0.607738	
0.278439	0.502455	0.219106	
0.194013	0.414961	0.391027	
0.194013	0.414961	0.391027	
0.077581	0.718012	0.204407	
0.440286	0.428726	0.130988	
0.194013	0.414961	0.391027	
0.034977	0.345908	0.619116	
0.260917	0.334982	0.404101	
0.007920	0.866926	0.125154	
0.003877	0.830381	0.165742	
0.000189	0.003527	0.996284	
0.842133	0.143801	0.014066	
0.938811	0.057511	0.003678	
0.532105	0.365869	0.102026	
0.004873	0.741194	0.253933	
0.003709	0.867239	0.129052	
0.173136	0.134178	0.692687	
0.950927	0.046767	0.002306	
0.000244	0.001755	0.998002	
0.006556	0.038019	0.955425	
0.194013	0.414961	0.391027	
0.630720	0.235986	0.133293	
0.072861	0.797199	0.129940	
0.003560	0.665602	0.330837	
0.194013	0.414961	0.391027	
0.141115	0.701991	0.156894	
0.124033	0.749042	0.126925	
0.637136	0.322012	0.040852	
0.034321	0.197241	0.768438	
0.005833	0.765544	0.228624	
0.070419	0.178947	0.750633	
0.051052	0.724326	0.224622	
0.004009	0.674688	0.321302	
0.194013	0.414961	0.391027	
0.277453	0.491042	0.231505	
0.276214	0.632681	0.091105	
0.708881	0.213790	0.077329	
0.194013	0.414961	0.391027	
0.008034	0.711645	0.280322	
0.696376	0.279868	0.023756	
0.180002	0.641686	0.178311	
0.066515	0.732317	0.201168	
0.261682	0.125761	0.612557	
0.012195	0.374639	0.613166	
0.658923	0.258658	0.082419	
0.194013	0.414961	0.391027	
0.003661	0.686183	0.310156	
0.117055	0.518590	0.364356	
0.022967	0.699113	0.277920	
0.005959	0.258175	0.735866	
0.543771	0.296254	0.159975	
0.782521	0.207582	0.009897	
0.643110	0.316684	0.040206	
0.134706	0.582547	0.282746	
0.035358	0.085041	0.879601	
0.650950	0.174311	0.174739	
0.247078	0.615661	0.137261	
0.060472	0.823846	0.115682	
0.194013	0.414961	0.391027	
0.008680	0.803646	0.187674	
0.334082	0.543070	0.122848	
0.161343	0.794134	0.044523	
0.285123	0.480540	0.234336	
0.521792	0.318719	0.159488	
0.063795	0.066963	0.869243	
0.212449	0.237449	0.550102	
0.021071	0.098863	0.880066	
0.002494	0.755853	0.241652	
0.588604	0.304539	0.106857	
0.055872	0.185795	0.758332	
0.418829	0.536098	0.045073	
0.559450	0.362208	0.078342	
0.224021	0.538830	0.237149	
0.005470	0.145023	0.849507	
0.000946	0.028320	0.970734	
0.444549	0.498688	0.056763	
0.147700	0.340210	0.512091	
0.007550	0.513480	0.478969	
0.003539	0.013655	0.982807	
0.406319	0.509576	0.084104	
0.035400	0.833925	0.130675	
0.022971	0.672130	0.304899	
0.452896	0.344996	0.202108	
0.004633	0.853450	0.141917	
0.003282	0.046769	0.949949	
0.716086	0.238823	0.045091	
0.194013	0.414961	0.391027	
0.194013	0.414961	0.391027	
0.913696	0.078974	0.007329	
0.007322	0.719540	0.273138	
0.546360	0.368216	0.085424	
0.194013	0.414961	0.391027	
0.116985	0.766374	0.116641	
0.128421	0.740962	0.130618	
0.194013	0.414961	0.391027	
0.710549	0.254373	0.035078	
0.004728	0.838213	0.157060	
0.765096	0.200599	0.034305	
0.194013	0.414961	0.391027	
0.039679	0.436304	0.524016	
0.034209	0.533538	0.432253	
0.027087	0.792433	0.180480	
0.194013	0.414961	0.391027	
0.005347	0.579416	0.415238	
0.152341	0.565879	0.281780	
0.017635	0.076982	0.905383	
0.116169	0.685833	0.197998	
0.912467	0.082391	0.005142	
0.038273	0.320886	0.640840	
0.062540	0.649935	0.287526	
0.081087	0.502265	0.416648	
0.253220	0.692094	0.054686	
0.194013	0.414961	0.391027	
0.002105	0.032026	0.965870	
0.304295	0.567992	0.127713	
0.727748	0.237198	0.035055	
0.000560	0.005371	0.994069	
0.053170	0.235573	0.711257	
0.760810	0.207316	0.031874	
0.003709	0.226412	0.769878	
0.007197	0.874429	0.118374	
0.715410	0.251790	0.032800	
0.007589	0.719736	0.272676	
0.519193	0.330959	0.149848	
0.042993	0.255103	0.701904	
0.194013	0.414961	0.391027	
0.442713	0.430685	0.126602	
0.900152	0.096122	0.003726	
0.278115	0.660164	0.061721	
0.027614	0.700104	0.272282	
0.007226	0.057092	0.935682	
0.751678	0.214618	0.033704	
0.194013	0.414961	0.391027	
0.016457	0.144787	0.838756	
0.006210	0.028347	0.965443	
0.011758	0.784183	0.204060	
0.597214	0.343658	0.059128	
0.013690	0.852319	0.133991	
0.729603	0.209964	0.060433	
0.070911	0.824239	0.104850	
0.194013	0.414961	0.391027	
0.552455	0.361652	0.085893	
0.130971	0.696222	0.172807	
0.900002	0.092207	0.007791	
0.532188	0.329315	0.138497	
0.194013	0.414961	0.391027	
0.004498	0.538308	0.457194	
0.069410	0.171376	0.759214	
0.004090	0.092425	0.903485	
0.429130	0.254994	0.315876	
0.009442	0.668941	0.321617	
0.029955	0.096604	0.873441	
0.781526	0.180870	0.037604	
0.007858	0.713437	0.278706	
0.011634	0.366532	0.621833	
0.742294	0.202830	0.054876	
0.005658	0.857572	0.136769	
0.194013	0.414961	0.391027	
0.015721	0.224635	0.759643	
0.031263	0.330373	0.638364	
0.104794	0.651486	0.243720	
0.433309	0.325675	0.241016	
0.194013	0.414961	0.391027	
0.194013	0.414961	0.391027	
0.010298	0.210043	0.779658	
0.002354	0.031582	0.966064	
0.000767	0.008224	0.991009	
0.049921	0.805853	0.144226	
0.014195	0.802017	0.183788	
0.632405	0.312921	0.054674	
0.006876	0.404704	0.588420	
0.004904	0.711103	0.283993	
0.284061	0.658775	0.057164	
0.956535	0.041971	0.001494	
0.194013	0.414961	0.391027	
0.000579	0.008588	0.990833	
0.003843	0.033040	0.963117	
0.036163	0.718140	0.245696	
0.214809	0.631046	0.154145	
0.562640	0.290009	0.147350	
0.000668	0.814414	0.184919	
0.000073	0.000899	0.999028	
0.418364	0.536950	0.044686	
0.600578	0.329192	0.070230	
0.698800	0.259685	0.041514	
0.194013	0.414961	0.391027	
0.108327	0.530954	0.360719	
0.003113	0.130197	0.866690	
0.665207	0.206246	0.128547	
0.016281	0.041217	0.942502	
0.042405	0.723185	0.234410	
0.001129	0.023850	0.975021	
0.194013	0.414961	0.391027	
0.010537	0.655601	0.333862	
0.194013	0.414961	0.391027	
0.014791	0.726709	0.258500	
0.005913	0.426813	0.567274	
0.013126	0.033241	0.953633	
0.363027	0.500028	0.136945	
0.881740	0.109006	0.009254	
0.080510	0.545928	0.373562	
0.194013	0.414961	0.391027	
0.003731	0.796086	0.200183	
0.003297	0.598975	0.397728	
0.080268	0.689353	0.230378	
0.011698	0.156887	0.831415	
0.012584	0.793479	0.193938	
0.570379	0.366250	0.063371	
0.164676	0.745108	0.090215	
0.004844	0.789300	0.205856	
0.000334	0.005214	0.994453	
0.953798	0.042858	0.003344	
0.024986	0.766919	0.208094	
0.051919	0.823441	0.124640	
0.007579	0.656806	0.335615	
0.024673	0.425302	0.550025	
0.530401	0.363713	0.105887	
0.009977	0.787834	0.202189	
0.471444	0.324094	0.204462	
0.060191	0.735754	0.204056	
0.026852	0.879234	0.093914	
0.010040	0.054603	0.935357	
0.194013	0.414961	0.391027	
0.002650	0.205848	0.791502	
0.007332	0.030982	0.961686	
0.001585	0.067684	0.930731	
0.019733	0.579611	0.400655	
0.133285	0.237177	0.629538	
0.001578	0.794514	0.203908	
0.087406	0.388878	0.523715	
0.040283	0.513814	0.445903	
0.004491	0.644149	0.351360	
0.194013	0.414961	0.391027	
0.067306	0.613419	0.319275	
0.573110	0.292546	0.134344	
0.001596	0.393361	0.605043	
0.626881	0.354952	0.018167	
0.226855	0.473708	0.299438	
0.038105	0.892790	0.069105	
0.194013	0.414961	0.391027	
0.297093	0.623831	0.079076	
0.006236	0.619323	0.374441	
0.870615	0.119992	0.009392	
0.194013	0.414961	0.391027	
0.004788	0.034491	0.960720	
0.010649	0.867081	0.122270	
0.616923	0.335809	0.047267	
0.194013	0.414961	0.391027	
0.168646	0.346478	0.484876	
0.286105	0.566550	0.147345	
0.032426	0.670619	0.296955	
0.272864	0.246260	0.480875	
0.186556	0.326376	0.487068	
0.194013	0.414961	0.391027	
0.010195	0.190613	0.799192	
0.174754	0.400587	0.424659	
0.012941	0.070503	0.916556	
0.091783	0.682568	0.225649	
0.048044	0.131376	0.820580	
0.194013	0.414961	0.391027	
0.007036	0.372676	0.620288	
0.048576	0.807670	0.143755	
0.081577	0.820088	0.098335	
0.025604	0.502879	0.471517	
0.632954	0.303814	0.063232	
0.002326	0.012513	0.985161	
0.194013	0.414961	0.391027	
0.082180	0.874026	0.043794	
0.790165	0.188462	0.021373	
0.014176	0.216436	0.769389	
0.170246	0.731540	0.098214	
0.004112	0.803215	0.192673	
0.010081	0.354331	0.635588	
0.001796	0.664671	0.333533	
0.194013	0.414961	0.391027	
0.030711	0.638165	0.331124	
0.273512	0.583076	0.143412	
0.633197	0.316889	0.049914	
0.159526	0.577495	0.262979	
0.802030	0.171013	0.026957	
0.819239	0.159575	0.021186	
0.135687	0.305549	0.558764	
0.219220	0.378802	0.401978	
0.000276	0.048486	0.951238	
0.816944	0.168074	0.014982	
0.570323	0.376226	0.053452	
0.022027	0.742722	0.235251	
0.012591	0.569607	0.417802	
0.000568	0.043568	0.955863	
0.058118	0.776221	0.165661	
0.001647	0.042418	0.955935	
0.066841	0.810235	0.122924	
0.020912	0.103447	0.875641	
0.507656	0.289953	0.202391	
0.200293	0.674570	0.125137	
0.021841	0.234445	0.743715	
0.001435	0.032870	0.965695	
0.056776	0.733038	0.210186	
0.618021	0.349485	0.032494	
0.010183	0.906701	0.083117	
0.050921	0.857759	0.091320	
0.196105	0.256100	0.547795	
0.049344	0.083696	0.866960	
0.009894	0.765568	0.224538	
0.000876	0.797640	0.201484	
0.043637	0.380461	0.575902	
0.550361	0.342188	0.107451	
0.001334	0.022185	0.976481	
0.106070	0.236786	0.657144	
0.000164	0.007618	0.992218	
0.768561	0.211882	0.019557	
0.025088	0.854132	0.120780	
0.014272	0.129182	0.856546	
0.000986	0.555221	0.443792	
0.053343	0.194274	0.752384	
0.822673	0.159568	0.017759	
0.871689	0.119740	0.008570	
0.092194	0.765699	0.142107	
0.095930	0.253859	0.650211	
0.194013	0.414961	0.391027	
0.010576	0.600622	0.388803	
0.006431	0.789642	0.203928	
0.709133	0.269008	0.021859	
0.070628	0.186002	0.743370	
0.038143	0.870188	0.091668	
0.037812	0.145413	0.816775	
0.194013	0.414961	0.391027	
0.025091	0.597790	0.377120	
0.004421	0.700318	0.295261	
0.017559	0.831651	0.150790	
0.000914	0.030296	0.968790	
0.427102	0.397478	0.175420	
0.194013	0.414961	0.391027	
0.003939	0.656847	0.339214	
0.194013	0.414961	0.391027	
0.000783	0.020710	0.978507	
0.002351	0.014707	0.982942	
0.003488	0.034284	0.962228	
0.020851	0.560961	0.418188	
0.642422	0.295153	0.062425	
0.163622	0.551647	0.284730	
0.054391	0.766623	0.178987	
0.729744	0.250433	0.019822	
0.021152	0.842861	0.135988	
0.001611	0.008801	0.989588	
0.001049	0.025005	0.973946	
0.539438	0.338503	0.122058	
0.034973	0.202088	0.762939	
0.010532	0.833061	0.156408	
0.056666	0.075106	0.868229	
0.002249	0.044744	0.953007	
0.194013	0.414961	0.391027	
0.013692	0.774709	0.211600	
0.092277	0.738992	0.168732	
0.128573	0.482352	0.389075	
0.179230	0.228578	0.592191	
0.131757	0.700786	0.167457	
0.000991	0.544189	0.454820	
0.003319	0.751550	0.245131	
0.194013	0.414961	0.391027	
0.194013	0.414961	0.391027	
0.062109	0.457621	0.480270	
0.010259	0.867810	0.121931	
0.725509	0.242927	0.031564	
0.194013	0.414961	0.391027	
0.136368	0.429176	0.434457	
0.194013	0.414961	0.391027	
0.041097	0.192046	0.766857	
0.271256	0.624166	0.104577	
0.011052	0.737770	0.251177	
0.194013	0.414961	0.391027	
0.702195	0.231655	0.066150	
0.012365	0.909505	0.078131	
0.807887	0.168356	0.023757	
0.053052	0.534481	0.412467	
0.004646	0.569647	0.425707	
0.194013	0.414961	0.391027	
0.194013	0.414961	0.391027	
0.194013	0.414961	0.391027	
0.003579	0.088788	0.907633	
0.805498	0.168400	0.026102	
0.236354	0.543878	0.219769	
0.151282	0.802851	0.045867	
0.194013	0.414961	0.391027	
0.624043	0.308271	0.067685	
0.003185	0.806545	0.190270	
0.350303	0.546496	0.103202	
0.007015	0.480549	0.512436	
0.034789	0.632858	0.332353	
0.830374	0.136727	0.032899	
0.033704	0.732891	0.233405	
0.532380	0.307005	0.160616	
0.043617	0.662869	0.293514	
0.013644	0.630324	0.356032	
0.034715	0.889858	0.075428	
0.011019	0.839772	0.149209	
0.003440	0.056152	0.940407	
0.018923	0.059863	0.921214	
0.194013	0.414961	0.391027	
0.060378	0.508170	0.431452	
0.746748	0.232913	0.020338	
0.023130	0.823812	0.153058	
0.194013	0.414961	0.391027	
0.071937	0.453159	0.474904	
0.001509	0.869910	0.128581	
0.002957	0.028398	0.968644	
0.282802	0.362113	0.355086	
0.003879	0.872090	0.124031	
0.194013	0.414961	0.391027	
0.017737	0.057506	0.924757	
0.552805	0.360540	0.086656	
0.004115	0.721499	0.274386	
0.004373	0.188157	0.807469	
0.002499	0.816892	0.180609	
0.246067	0.211105	0.542829	
0.087876	0.375381	0.536743	
0.016133	0.816328	0.167540	
0.730317	0.221776	0.047907	
0.007138	0.201997	0.790865	
0.805077	0.170313	0.024611	
0.880699	0.108149	0.011152	
0.163134	0.541716	0.295150	
0.011815	0.146494	0.841691	
0.231280	0.691561	0.077159	
0.000288	0.002775	0.996937	
0.038806	0.094408	0.866786	
0.726895	0.218142	0.054963	
0.716002	0.237109	0.046889	
0.004959	0.907126	0.087915	
0.791345	0.176762	0.031893	
0.194013	0.414961	0.391027	
0.923922	0.059660	0.016418	
0.039257	0.798516	0.162227	
0.084692	0.364324	0.550984	
0.006056	0.029136	0.964808	
0.571223	0.354081	0.074696	
0.006554	0.708431	0.285015	
0.000082	0.002005	0.997912	
0.048380	0.744456	0.207164	
0.899519	0.091419	0.009062	
0.023666	0.843064	0.133270	
0.009110	0.658752	0.332138	
0.194013	0.414961	0.391027	
0.026665	0.112188	0.861147	
0.580718	0.327462	0.091820	
0.004004	0.870101	0.125895	
0.687862	0.264618	0.047520	
0.164784	0.632887	0.202329	
0.849714	0.124454	0.025832	
0.737967	0.218410	0.043622	
0.050551	0.727911	0.221538	
0.012606	0.300659	0.686735	
0.078651	0.657862	0.263488	
0.245025	0.475706	0.279268	
0.075014	0.752721	0.172265	
0.427764	0.257538	0.314698	
0.043760	0.657488	0.298752	
0.063960	0.508421	0.427619	
0.001797	0.026282	0.971920	
0.041800	0.210225	0.747975	
0.194013	0.414961	0.391027	
0.006069	0.169401	0.824529	
0.877755	0.110452	0.011793	
0.655143	0.312887	0.031970	
0.001283	0.739195	0.259522	
0.194013	0.414961	0.391027	
0.015802	0.145969	0.838229	
0.027977	0.502214	0.469808	
0.194013	0.414961	0.391027	
0.736720	0.230347	0.032933	
0.005448	0.127574	0.866978	
0.194013	0.414961	0.391027	
0.003897	0.896146	0.099957	
0.095589	0.533935	0.370476	
0.743810	0.212692	0.043498	
0.021033	0.622835	0.356131	
0.011689	0.844852	0.143459	
0.781078	0.196784	0.022138	
0.466019	0.339415	0.194566	
0.012331	0.800497	0.187172	
0.710367	0.235272	0.054361	
0.042254	0.060013	0.897733	
0.794580	0.174012	0.031408	
0.194013	0.414961	0.391027	
0.828884	0.150232	0.020884	
0.012686	0.570872	0.416442	
0.194013	0.414961	0.391027	
0.977762	0.021639	0.000599	
0.051356	0.722135	0.226509	
0.010700	0.795710	0.193589	
0.002368	0.027224	0.970408	
0.882921	0.110001	0.007078	
0.194013	0.414961	0.391027	
0.194013	0.414961	0.391027	
0.002549	0.243636	0.753815	
0.136694	0.656779	0.206527	
0.007846	0.768358	0.223796	
0.029215	0.115035	0.855749	
0.194013	0.414961	0.391027	
0.091358	0.526741	0.381901	
0.020879	0.868597	0.110524	
0.163309	0.340371	0.496319	
0.818354	0.172461	0.009186	
0.003488	0.695801	0.300710	
0.013200	0.759393	0.227407	
0.020402	0.837987	0.141610	
0.194013	0.414961	0.391027	
0.003658	0.628660	0.367682	
0.494672	0.196880	0.308447	
0.063443	0.320175	0.616382	
0.006528	0.148920	0.844552	
0.137209	0.649519	0.213272	
0.087266	0.113668	0.799066	
0.194013	0.414961	0.391027	
0.194013	0.414961	0.391027	
0.002715	0.859150	0.138135	
0.016403	0.693315	0.290283	
0.068996	0.388581	0.542423	
0.660780	0.223428	0.115791	
0.000129	0.005139	0.994733	
0.194013	0.414961	0.391027	
0.021179	0.754947	0.223874	
0.194013	0.414961	0.391027	
0.000445	0.846029	0.153526	
0.454403	0.492393	0.053204	
0.194013	0.414961	0.391027	
0.001950	0.717928	0.280122	
0.069870	0.676419	0.253711	
0.194013	0.414961	0.391027	
0.005871	0.259313	0.734816	
0.001953	0.111731	0.886316	
0.006618	0.078509	0.914874	
0.009541	0.277789	0.712670	
0.000738	0.018359	0.980903	
0.194013	0.414961	0.391027	
0.194013	0.414961	0.391027	
0.252467	0.686730	0.060802	
0.217777	0.219105	0.563119	
0.791382	0.188340	0.020277	
0.304175	0.598497	0.097329	
0.194013	0.414961	0.391027	
0.767419	0.206647	0.025934	
0.022703	0.072136	0.905161	
0.194013	0.414961	0.391027	
0.055650	0.070883	0.873467	
0.005224	0.052787	0.941989	
0.703047	0.230512	0.066441	
0.749998	0.223896	0.026106	
0.060787	0.141262	0.797951	
0.003812	0.729706	0.266482	
0.194013	0.414961	0.391027	
0.272514	0.515389	0.212097	
0.002105	0.015499	0.982395	
0.683340	0.298963	0.017697	
0.431322	0.322814	0.245864	
0.005538	0.804986	0.189475	
0.067674	0.845737	0.086589	
0.002448	0.549191	0.448361	
0.317897	0.528977	0.153126	
0.050095	0.760414	0.189491	
0.915784	0.079876	0.004340	
0.025345	0.834601	0.140055	
0.194013	0.414961	0.391027	
0.020100	0.066691	0.913209	
0.128280	0.591450	0.280270	
0.084077	0.723127	0.192796	
0.033774	0.680733	0.285493	
0.005834	0.869551	0.124616	
0.433779	0.412026	0.154195	
0.007534	0.394612	0.597854	
0.065514	0.452391	0.482095	
0.121346	0.304161	0.574493	
0.660783	0.305864	0.033354	
0.097727	0.580231	0.322041	
0.053348	0.722527	0.224125	
0.005482	0.785119	0.209398	
0.054039	0.874102	0.071860	
0.004402	0.591001	0.404597	
0.683619	0.251100	0.065280	
0.449529	0.418002	0.132468	
0.006950	0.062296	0.930753	
0.726998	0.242957	0.030045	
0.000150	0.872471	0.127378	
0.006479	0.667864	0.325657	
0.001934	0.822258	0.175808	
0.194013	0.414961	0.391027	
0.623228	0.307187	0.069586	
0.002550	0.022164	0.975286	
0.070662	0.704406	0.224933	
0.002141	0.609897	0.387962	
0.202049	0.253567	0.544384	
0.925386	0.070330	0.004284	
0.007133	0.144228	0.848639	
0.007069	0.651525	0.341406	
0.585440	0.321465	0.093095	
0.479081	0.385802	0.135117	
0.194013	0.414961	0.391027	
0.007951	0.678215	0.313834	
0.000105	0.002166	0.997729	
0.194013	0.414961	0.391027	
0.060561	0.472324	0.467116	
0.805469	0.176247	0.018285	
0.071915	0.426267	0.501818	
0.000880	0.032632	0.966488	
0.052937	0.485582	0.461481	
0.582076	0.324041	0.093884	
0.008321	0.824033	0.167646	
0.108679	0.828142	0.063179	
0.023684	0.805268	0.171049	
0.000471	0.008842	0.990686	
0.004600	0.235779	0.759621	
0.002051	0.668223	0.329727	
0.194013	0.414961	0.391027	
0.008002	0.296668	0.695330	
0.313149	0.291001	0.395851	
0.004131	0.703753	0.292117	
0.061334	0.462970	0.475696	
0.006725	0.823212	0.170063	
0.194013	0.414961	0.391027	
0.006060	0.892951	0.100988	
0.379917	0.440007	0.180077	
0.186318	0.724237	0.089445	
0.194013	0.414961	0.391027	
0.001470	0.023418	0.975112	
0.057756	0.852753	0.089491	
0.001923	0.876697	0.121380	
0.026227	0.863368	0.110405	
0.003315	0.068400	0.928285	
0.332627	0.192531	0.474842	
0.915561	0.079000	0.005438	
0.387379	0.528186	0.084435	
0.847414	0.139383	0.013203	
0.001085	0.012772	0.986143	
0.194013	0.414961	0.391027	
0.006870	0.842237	0.150893	
0.020074	0.061772	0.918154	
0.028354	0.560937	0.410709	
0.134561	0.625660	0.239779	
0.063813	0.768289	0.167898	
0.111004	0.556871	0.332125	
0.611964	0.292980	0.095056	
0.012077	0.108645	0.879278	
0.022958	0.412685	0.564357	
0.005485	0.738485	0.256030	
0.002762	0.110167	0.887071	
0.540571	0.361023	0.098406	
0.278327	0.663566	0.058107	
0.006432	0.881608	0.111960	
0.428404	0.372019	0.199577	
0.194013	0.414961	0.391027	
0.006256	0.760449	0.233296	
0.000473	0.747244	0.252283	
0.005025	0.862699	0.132277	
0.194013	0.414961	0.391027	
0.194013	0.414961	0.391027	
0.178768	0.653069	0.168163	
0.855377	0.116423	0.028201	
0.442507	0.441710	0.115783	
0.005388	0.030950	0.963662	
0.194013	0.414961	0.391027	
0.091786	0.658118	0.250096	
0.009500	0.597658	0.392842	
0.488984	0.442971	0.068046	
0.194013	0.414961	0.391027	
0.579891	0.362490	0.057618	
0.011817	0.407372	0.580811	
0.027550	0.131513	0.840937	
0.194013	0.414961	0.391027	
0.586724	0.287103	0.126174	
0.268142	0.439159	0.292699	
0.194013	0.414961	0.391027	
0.015157	0.793757	0.191086	
0.921872	0.066530	0.011598	
0.000372	0.797534	0.202094	
0.003316	0.857715	0.138969	
0.091772	0.458885	0.449343	
0.194013	0.414961	0.391027	
0.894850	0.096101	0.009050	
0.002444	0.771695	0.225861	
0.005350	0.636753	0.357897	
0.449946	0.497243	0.052811	
0.003767	0.608025	0.388207	
0.020927	0.104880	0.874193	
0.003142	0.421988	0.574869	
0.524980	0.402174	0.072845	
0.087368	0.436773	0.475859	
0.139949	0.734925	0.125126	
0.000314	0.004139	0.995547	
0.006278	0.037135	0.956587	
0.001168	0.851246	0.147586	
0.216811	0.695013	0.088175	
0.007985	0.693554	0.298462	
0.537931	0.364558	0.097511	
0.000732	0.014445	0.984823	
0.078364	0.624969	0.296667	
0.194013	0.414961	0.391027	
0.123668	0.339836	0.536497	
0.011624	0.866863	0.121513	
0.025445	0.210161	0.764394	
0.227069	0.592708	0.180223	
0.194013	0.414961	0.391027	
0.005615	0.921152	0.073232	
0.002278	0.792293	0.205429	
0.773675	0.187689	0.038636	
0.791558	0.183839	0.024603	
0.827382	0.124580	0.048038	
0.001500	0.600146	0.398354	
0.032830	0.357187	0.609983	
0.003083	0.451241	0.545676	
0.005644	0.829018	0.165337	
0.001618	0.237141	0.761241	
0.908794	0.085224	0.005982	
0.085855	0.770117	0.144029	
0.012208	0.799348	0.188444	
0.002934	0.781234	0.215832	
0.016382	0.118215	0.865403	
0.073515	0.131047	0.795438	
0.536945	0.345772	0.117284	
0.933417	0.063518	0.003065	
0.024964	0.132142	0.842894	
0.194013	0.414961	0.391027	
0.006288	0.147840	0.845872	
0.194013	0.414961	0.391027	
0.001351	0.866508	0.132141	
0.665434	0.290248	0.044318	
0.072388	0.813602	0.114011	
0.001996	0.008700	0.989304	
0.194013	0.414961	0.391027	
0.369604	0.456626	0.173770	
0.018705	0.733470	0.247825	
0.045822	0.717389	0.236789	
0.000865	0.019684	0.979451	
0.007519	0.846781	0.145700	
0.007014	0.832157	0.160828	
0.016261	0.167823	0.815916	
0.181029	0.723940	0.095031	
0.002458	0.878672	0.118870	
0.194013	0.414961	0.391027	
0.064941	0.666517	0.268542	
0.001980	0.029183	0.968837	
0.243922	0.276264	0.479814	
0.194013	0.414961	0.391027	
0.001102	0.021647	0.977251	
0.193940	0.461552	0.344508	
0.003140	0.813846	0.183014	
0.194013	0.414961	0.391027	
0.006261	0.770841	0.222898	
0.014050	0.846394	0.139556	
0.585828	0.331665	0.082508	
0.123114	0.580616	0.296270	
0.004222	0.043059	0.952719	
0.007181	0.784932	0.207887	
0.016552	0.061901	0.921547	
0.004403	0.521765	0.473833	
0.001765	0.054087	0.944148	
0.194013	0.414961	0.391027	
0.049497	0.841793	0.108710	
0.136702	0.684553	0.178745	
0.024142	0.813347	0.162510	
0.068717	0.123034	0.808249	
0.013739	0.032028	0.954233	
0.675452	0.279845	0.044703	
0.011444	0.091732	0.896824	
0.006031	0.722930	0.271040	
0.033427	0.055914	0.910659	
0.017953	0.804124	0.177923	
0.194013	0.414961	0.391027	
0.899980	0.094807	0.005213	
0.007252	0.035113	0.957635	
0.006728	0.885212	0.108061	
0.031276	0.886375	0.082348	
0.000512	0.005863	0.993625	
0.008225	0.770061	0.221714	
0.194013	0.414961	0.391027	
0.006086	0.801653	0.192262	
0.194013	0.414961	0.391027	
0.194013	0.414961	0.391027	
0.565906	0.351944	0.082150	
0.637519	0.297361	0.065120	
0.009286	0.500938	0.489776	
0.287333	0.443334	0.269334	
0.128432	0.258510	0.613058	
0.222318	0.723902	0.053780	
0.001997	0.325062	0.672941	
0.419685	0.514204	0.066111	
0.000453	0.861988	0.137559	
0.003848	0.771390	0.224763	
0.731909	0.224957	0.043134	
0.863795	0.124371	0.011834	
0.007189	0.784432	0.208379	
0.001283	0.005942	0.992774	
0.511212	0.433745	0.055042	
0.563377	0.331540	0.105083	
0.194013	0.414961	0.391027	
0.607424	0.321193	0.071383	
0.236025	0.472675	0.291300	
0.381985	0.561939	0.056076	
0.620011	0.284092	0.095896	
0.194013	0.414961	0.391027	
0.194013	0.414961	0.391027	
0.026776	0.803528	0.169696	
0.194013	0.414961	0.391027	
0.180489	0.638514	0.180997	
0.194013	0.414961	0.391027	
0.006540	0.268717	0.724743	
0.448275	0.404268	0.147458	
0.735308	0.224530	0.040163	
0.418257	0.324899	0.256844	
0.708159	0.209147	0.082694	
0.098619	0.815233	0.086148	
0.007171	0.274283	0.718546	
0.194013	0.414961	0.391027	
0.033679	0.653800	0.312521	
0.005721	0.648302	0.345977	
0.516443	0.404348	0.079210	
0.221993	0.678624	0.099383	
0.125929	0.174286	0.699785	
0.194013	0.414961	0.391027	
0.856488	0.137433	0.006079	
0.017539	0.848270	0.134191	
0.008257	0.158870	0.832872	
0.470771	0.363443	0.165786	
0.011832	0.033249	0.954919	
0.259507	0.603451	0.137042	
0.303531	0.440344	0.256124	
0.798320	0.168773	0.032907	
0.388953	0.491084	0.119963	
0.191078	0.207196	0.601726	
0.704840	0.215956	0.079205	
0.009547	0.824760	0.165692	
0.001684	0.076584	0.921732	
0.032391	0.132432	0.835177	
0.002363	0.786848	0.210790	
0.613330	0.339145	0.047524	
0.307930	0.558796	0.133274	
0.194013	0.414961	0.391027	
0.017620	0.769185	0.213194	
0.009784	0.288988	0.701229	
0.726888	0.219790	0.053323	
0.006576	0.027132	0.966291	
0.003332	0.045376	0.951292	
0.261665	0.553789	0.184546	
0.010968	0.741752	0.247280	
0.118881	0.203058	0.678061	
0.194013	0.414961	0.391027	
0.023193	0.111337	0.865469	
0.012740	0.853133	0.134127	
0.001364	0.692609	0.306027	
0.010007	0.075554	0.914438	
0.145477	0.466710	0.387814	
0.042417	0.202711	0.754872	
0.278491	0.536979	0.184530	
0.003439	0.032214	0.964347	
0.038790	0.724039	0.237171	
0.000353	0.006794	0.992852	
0.058834	0.850133	0.091033	
0.914675	0.076967	0.008358	
0.001500	0.691560	0.306940	
0.005981	0.062179	0.931840	
0.003562	0.071279	0.925159	
0.456749	0.496005	0.047246	
0.001668	0.035571	0.962761	
0.027684	0.741952	0.230364	
0.013115	0.104998	0.881888	
0.194013	0.414961	0.391027	
0.002629	0.502539	0.494831	
0.009348	0.851788	0.138864	
0.062222	0.693073	0.244704	
0.194013	0.414961	0.391027	
0.003368	0.033655	0.962978	
0.006908	0.714191	0.278901	
0.149535	0.514242	0.336223	
0.139997	0.795806	0.064197	
0.795340	0.173068	0.031592	
0.622326	0.309694	0.067980	
0.012473	0.685488	0.302039	
0.803495	0.161740	0.034765	
0.189582	0.606708	0.203710	
0.699570	0.253746	0.046684	
0.007503	0.676539	0.315958	
0.000236	0.001544	0.998220	
0.092046	0.733631	0.174323	
0.536001	0.420754	0.043245	
0.416174	0.494579	0.089247	
0.778333	0.191442	0.030225	
0.745745	0.158142	0.096113	
0.357919	0.281930	0.360151	
0.003158	0.018654	0.978188	
0.189488	0.712973	0.097540	
0.075744	0.814347	0.109909	
0.408371	0.409091	0.182538	
0.194013	0.414961	0.391027	
0.694940	0.255135	0.049925	
0.194013	0.414961	0.391027	
0.001430	0.792308	0.206262	
0.001602	0.740659	0.257739	
0.007340	0.187906	0.804754	
0.194013	0.414961	0.391027	
0.392617	0.240666	0.366717	
0.194013	0.414961	0.391027	
0.635684	0.287550	0.076766	
0.048165	0.165725	0.786110	
0.194013	0.414961	0.391027	
0.112773	0.239213	0.648014	
0.794603	0.191595	0.013802	
0.010025	0.359432	0.630542	
0.194013	0.414961	0.391027	
0.194013	0.414961	0.391027	
0.872498	0.115021	0.012480	
0.010363	0.688504	0.301133	
0.002173	0.530972	0.466855	
0.006793	0.516117	0.477090	
0.058509	0.163665	0.777826	
0.126859	0.731448	0.141693	
0.194013	0.414961	0.391027	
0.772621	0.191302	0.036077	
0.061657	0.617731	0.320613	
0.010784	0.397038	0.592178	
0.172541	0.501910	0.325549	
0.000874	0.017752	0.981374	
0.024568	0.745046	0.230385	
0.106743	0.121480	0.771778	
0.293405	0.262454	0.444142	
0.664037	0.275894	0.060069	
0.083150	0.784351	0.132498	
0.211782	0.320793	0.467426	
0.755358	0.208165	0.036477	
0.013673	0.900296	0.086031	
0.736665	0.191052	0.072283	
0.757101	0.220124	0.022775	
0.220255	0.316456	0.463289	
0.033003	0.046986	0.920011	
0.085037	0.798522	0.116441	
0.015939	0.254767	0.729294	
0.755687	0.206315	0.037997	
0.776812	0.198613	0.024575	
0.050468	0.833210	0.116322	
0.193341	0.157327	0.649333	
0.865036	0.117778	0.017186	
0.067158	0.182209	0.750632	
0.955433	0.042601	0.001967	
0.279589	0.549407	0.171003	
0.474145	0.364210	0.161645	
0.194013	0.414961	0.391027	
0.194013	0.414961	0.391027	
0.780243	0.191311	0.028446	
0.255150	0.577729	0.167121	
0.013932	0.348512	0.637556	
0.011520	0.792193	0.196287	
0.013021	0.196212	0.790767	
0.010654	0.878325	0.111021	
0.005028	0.132399	0.862573	
0.004309	0.891784	0.103907	
0.002389	0.012636	0.984974	
0.194013	0.414961	0.391027	
0.091351	0.265409	0.643240	
0.186834	0.447752	0.365414	
0.002566	0.039470	0.957964	
0.120914	0.536993	0.342093	
0.007248	0.114881	0.877871	
0.025478	0.143460	0.831061	
0.194013	0.414961	0.391027	
0.583939	0.379200	0.036861	
0.194013	0.414961	0.391027	
0.004945	0.253506	0.741548	
0.754642	0.200170	0.045188	
0.030078	0.750012	0.219910	
0.194013	0.414961	0.391027	
0.194013	0.414961	0.391027	
0.000192	0.001729	0.998079	
0.104639	0.700548	0.194814	
0.004523	0.643951	0.351526	
0.022008	0.733250	0.244742	
0.172659	0.625139	0.202202	
0.218816	0.609164	0.172020	
0.765124	0.190967	0.043909	
0.006270	0.203304	0.790426	
0.194013	0.414961	0.391027	
0.035809	0.143526	0.820665	
0.194013	0.414961	0.391027	
0.475151	0.511615	0.013234	
0.022178	0.850041	0.127782	
0.791682	0.169809	0.038509	
0.004999	0.736625	0.258376	
0.727126	0.247327	0.025547	
0.004323	0.021728	0.973949	
0.000611	0.004433	0.994956	
0.010586	0.783073	0.206340	
0.298570	0.566174	0.135256	
0.000681	0.005391	0.993928	
0.576625	0.303743	0.119632	
0.194013	0.414961	0.391027	
0.000575	0.816544	0.182880	
0.194013	0.414961	0.391027	
0.235060	0.637291	0.127649	
0.194013	0.414961	0.391027	
0.016722	0.779718	0.203560	
0.005313	0.858471	0.136216	
0.003028	0.412183	0.584789	
0.194013	0.414961	0.391027	
0.461330	0.463563	0.075107	
0.007341	0.736382	0.256277	
0.743349	0.187393	0.069257	
0.003468	0.480519	0.516013	
0.002340	0.063876	0.933784	
0.007618	0.043294	0.949088	
0.194013	0.414961	0.391027	
0.194013	0.414961	0.391027	
0.018619	0.461415	0.519966	
0.748723	0.231187	0.020090	
0.003075	0.108415	0.888511	
0.056923	0.245971	0.697106	
0.028266	0.872287	0.099447	
0.915114	0.078004	0.006882	
0.194013	0.414961	0.391027	
0.480116	0.375258	0.144626	
0.023916	0.661600	0.314485	
0.014290	0.375385	0.610325	
0.000537	0.682052	0.317412	
0.004659	0.080647	0.914694	
0.150622	0.444962	0.404416	
0.783392	0.192785	0.023823	
0.012035	0.061860	0.926104	
0.005859	0.829053	0.165088	
0.003595	0.024441	0.971964	
0.005509	0.811884	0.182608	
0.003879	0.872090	0.124031	
0.039759	0.245349	0.714892	
0.779745	0.142978	0.077277	
0.194013	0.414961	0.391027	
0.007979	0.081376	0.910645	
0.003892	0.134744	0.861364	
0.043688	0.784823	0.171489	
0.502675	0.424413	0.072913	
0.194013	0.414961	0.391027	
0.016098	0.694904	0.288999	
0.660051	0.304661	0.035288	
0.004658	0.198666	0.796676	
0.543222	0.277715	0.179063	
0.019038	0.333832	0.647130	
0.010521	0.763299	0.226180	
0.194013	0.414961	0.391027	
0.005738	0.821653	0.172610	
0.251901	0.634148	0.113951	
0.030309	0.603094	0.366596	
0.535723	0.419649	0.044627	
0.248051	0.631408	0.120541	
0.758131	0.229778	0.012091	
0.194013	0.414961	0.391027	
0.021826	0.759135	0.219039	
0.007401	0.908892	0.083706	
0.194013	0.414961	0.391027	
0.002537	0.854812	0.142651	
0.194013	0.414961	0.391027	
0.005628	0.777122	0.217250	
0.194013	0.414961	0.391027	
0.000105	0.001887	0.998008	
0.017660	0.065839	0.916501	
0.472615	0.467493	0.059892	
0.020286	0.222810	0.756904	
0.194013	0.414961	0.391027	
0.194013	0.414961	0.391027	
0.965968	0.032498	0.001534	
0.194013	0.414961	0.391027	
0.610192	0.335361	0.054446	
0.066425	0.748726	0.184850	
0.321434	0.605120	0.073446	
0.008062	0.824713	0.167225	
0.637914	0.337463	0.024623	
0.745242	0.223047	0.031711	
0.596068	0.269909	0.134023	
0.000693	0.011987	0.987319	
0.003842	0.751848	0.244310	
0.050387	0.100323	0.849290	
0.073619	0.627148	0.299234	
0.692809	0.279777	0.027414	
0.058880	0.313325	0.627794	
0.194013	0.414961	0.391027	
0.183077	0.553765	0.263158	
0.682409	0.253951	0.063639	
0.474914	0.369015	0.156071	
0.069390	0.134491	0.796119	
0.002755	0.737377	0.259868	
0.019965	0.814883	0.165152	
0.002875	0.801112	0.196013	
0.025694	0.348534	0.625772	
0.002658	0.036466	0.960875	
0.015957	0.820937	0.163106	
0.102047	0.173271	0.724682	
0.020992	0.697858	0.281150	
0.006520	0.097814	0.895665	
0.005199	0.757044	0.237757	
0.194013	0.414961	0.391027	
0.456656	0.438353	0.104991	
0.010813	0.039768	0.949419	
0.196839	0.764831	0.038330	
0.194013	0.414961	0.391027	
0.130266	0.172749	0.696986	
0.530870	0.400554	0.068576	
0.951729	0.046558	0.001713	
0.002439	0.321397	0.676165	
0.019287	0.823931	0.156781	
0.194013	0.414961	0.391027	
0.012172	0.635350	0.352478	
0.358480	0.351249	0.290271	
0.230631	0.374118	0.395251	
0.025355	0.793781	0.180865	
0.005192	0.766205	0.228604	
0.243940	0.695769	0.060291	
0.138301	0.537500	0.324199	
0.036152	0.827583	0.136265	
0.471821	0.469019	0.059160	
0.025829	0.881629	0.092542	
0.014046	0.744038	0.241916	
0.518845	0.418730	0.062424	
0.194013	0.414961	0.391027	
0.280210	0.622822	0.096968	
0.027895	0.605427	0.366678	
0.522268	0.382940	0.094792	
0.004951	0.807283	0.187766	
0.058863	0.059756	0.881381	
0.020106	0.092569	0.887325	
0.905795	0.090990	0.003215	
0.194013	0.414961	0.391027	
0.009869	0.874329	0.115802	
0.011653	0.725228	0.263118	
