0.007278	0.242254	0.750468	
0.712270	0.254309	0.033421	
0.814242	0.138070	0.047688	
0.875385	0.116391	0.008224	
0.008716	0.181146	0.810139	
0.685819	0.265824	0.048356	
0.583382	0.277409	0.139209	
0.746054	0.232280	0.021666	
0.501811	0.341037	0.157151	
0.025684	0.876450	0.097866	
0.015189	0.356654	0.628156	
0.000909	0.872265	0.126826	
0.030880	0.171689	0.797431	
0.113812	0.589135	0.297054	
0.381438	0.579762	0.038800	
0.000340	0.013761	0.985899	
0.052615	0.443855	0.503531	
0.042513	0.307688	0.649799	
0.777298	0.186403	0.036298	
0.869131	0.117146	0.013723	
0.020389	0.806086	0.173524	
0.229208	0.617334	0.153458	
0.289106	0.313024	0.397870	
0.024930	0.157526	0.817545	
0.001385	0.063311	0.935304	
0.015978	0.045902	0.938121	
0.020048	0.155259	0.824693	
0.004918	0.853200	0.141882	
0.021966	0.241822	0.736212	
0.773020	0.198298	0.028682	
0.605094	0.350103	0.044802	
0.096758	0.866622	0.036620	
0.046205	0.841251	0.112544	
0.686166	0.262462	0.051372	
0.003025	0.879274	0.117702	
0.113544	0.237478	0.648977	
0.116811	0.198657	0.684532	
0.022486	0.556494	0.421020	
0.007860	0.041059	0.951080	
0.139997	0.765572	0.094431	
0.058517	0.784666	0.156817	
0.024545	0.178206	0.797249	
0.008827	0.905945	0.085228	
0.007311	0.673045	0.319644	
0.218560	0.616286	0.165155	
0.232433	0.671154	0.096413	
0.714108	0.238399	0.047493	
0.017748	0.118615	0.863637	
0.098974	0.148575	0.752451	
0.022829	0.425565	0.551606	
0.960853	0.036297	0.002850	
0.387732	0.556565	0.055703	
0.001564	0.145458	0.852978	
0.904566	0.082503	0.012931	
0.578071	0.342496	0.079432	
0.006259	0.478433	0.515308	
0.010658	0.819702	0.169640	
0.000750	0.048133	0.951117	
0.009208	0.913652	0.077139	
0.062470	0.838042	0.099488	
0.000531	0.009925	0.989544	
0.225435	0.596687	0.177879	
0.121757	0.216442	0.661801	
0.136366	0.656236	0.207398	
0.115969	0.774245	0.109786	
0.001162	0.088480	0.910358	
0.008881	0.157136	0.833983	
0.576533	0.317477	0.105990	
0.072116	0.763203	0.164681	
0.032972	0.755532	0.211496	
0.064606	0.904704	0.030690	
0.744322	0.222305	0.033373	
0.027833	0.544267	0.427900	
0.010433	0.875117	0.114450	
0.002208	0.796780	0.201012	
0.002103	0.027670	0.970228	
0.020671	0.616430	0.362899	
0.092735	0.630980	0.276285	
0.613450	0.323767	0.062783	
0.079557	0.672041	0.248402	
0.135680	0.528750	0.335570	
0.000860	0.880557	0.118583	
0.003278	0.733977	0.262745	
0.053228	0.646833	0.299939	
0.034371	0.816772	0.148857	
0.749573	0.204268	0.046159	
0.001268	0.233706	0.765026	
0.861188	0.120313	0.018499	
0.172649	0.738093	0.089258	
0.108657	0.766531	0.124812	
0.161481	0.381920	0.456600	
0.013590	0.634942	0.351468	
0.094326	0.188838	0.716836	
0.160372	0.720520	0.119108	
0.008489	0.849217	0.142294	
0.006989	0.944467	0.048544	
0.034054	0.758768	0.207178	
0.503884	0.347969	0.148147	
0.029970	0.214751	0.755279	
0.886525	0.108302	0.005173	
0.072811	0.840926	0.086263	
0.061354	0.336468	0.602178	
0.090488	0.704291	0.205221	
0.034289	0.722948	0.242763	
0.045467	0.512978	0.441554	
0.726663	0.250780	0.022557	
0.211093	0.588369	0.200539	
0.135391	0.601927	0.262682	
0.416391	0.369480	0.214129	
0.028837	0.848116	0.123047	
0.000378	0.026727	0.972896	
0.001317	0.839915	0.158768	
0.003519	0.140639	0.855842	
0.039817	0.598602	0.361581	
0.000146	0.017319	0.982535	
0.600244	0.337983	0.061773	
0.003106	0.944901	0.051993	
0.079964	0.750690	0.169346	
0.009272	0.755018	0.235710	
0.004478	0.429598	0.565925	
0.062482	0.757952	0.179565	
0.223661	0.654567	0.121772	
0.315932	0.212744	0.471324	
0.731851	0.239917	0.028232	
0.028281	0.857002	0.114717	
0.081136	0.772074	0.146790	
0.163829	0.715734	0.120436	
0.005644	0.845322	0.149034	
0.104807	0.803842	0.091351	
0.124441	0.454921	0.420638	
0.032185	0.208325	0.759490	
0.678361	0.273166	0.048474	
0.582660	0.323743	0.093597	
0.690740	0.217621	0.091640	
0.011338	0.300447	0.688215	
0.011666	0.041542	0.946792	
0.046237	0.900076	0.053687	
0.068799	0.805098	0.126103	
0.014469	0.329247	0.656283	
0.051366	0.919283	0.029352	
0.306739	0.588452	0.104809	
0.041353	0.540907	0.417740	
0.000455	0.098830	0.900715	
0.100712	0.686388	0.212901	
0.333665	0.480935	0.185399	
0.015718	0.700648	0.283633	
0.561447	0.338594	0.099959	
0.027054	0.832583	0.140363	
0.077624	0.504715	0.417662	
0.046307	0.266551	0.687142	
0.030477	0.529199	0.440324	
0.025171	0.952194	0.022635	
0.314782	0.506002	0.179215	
0.600942	0.338277	0.060782	
0.724532	0.228564	0.046904	
0.289380	0.425200	0.285420	
0.000541	0.005909	0.993550	
0.028648	0.839516	0.131836	
0.001384	0.050470	0.948146	
0.480958	0.490347	0.028695	
0.953481	0.042080	0.004440	
0.033622	0.385121	0.581257	
0.113366	0.645896	0.240738	
0.074582	0.715572	0.209846	
0.000447	0.010529	0.989025	
0.034934	0.827111	0.137955	
0.018213	0.603104	0.378683	
0.001982	0.040840	0.957178	
0.002825	0.935678	0.061498	
0.031427	0.718561	0.250012	
0.221676	0.696637	0.081687	
0.383969	0.480239	0.135793	
0.860805	0.120198	0.018996	
0.015158	0.609862	0.374980	
0.001943	0.856924	0.141133	
0.004735	0.855183	0.140082	
0.303459	0.574309	0.122231	
0.059408	0.837854	0.102738	
0.012666	0.127906	0.859428	
0.157623	0.575177	0.267199	
0.054965	0.760073	0.184963	
0.130074	0.651496	0.218431	
0.057663	0.771906	0.170430	
0.370112	0.502284	0.127603	
0.361687	0.549962	0.088352	
0.016069	0.817451	0.166480	
0.560448	0.383088	0.056464	
0.570808	0.383696	0.045496	
0.603497	0.336616	0.059886	
0.654873	0.300576	0.044551	
0.000148	0.008123	0.991728	
0.758864	0.208913	0.032223	
0.008436	0.031713	0.959851	
0.439184	0.298857	0.261959	
0.055719	0.253935	0.690347	
0.711669	0.247421	0.040910	
0.645138	0.292911	0.061951	
0.025934	0.459142	0.514924	
0.059953	0.911528	0.028518	
0.136366	0.656236	0.207398	
0.001786	0.866031	0.132183	
0.445998	0.400950	0.153051	
0.003742	0.931235	0.065023	
0.054230	0.162191	0.783578	
0.590405	0.355755	0.053841	
0.333776	0.329193	0.337031	
0.149599	0.757326	0.093075	
0.031338	0.510852	0.457810	
0.875627	0.106467	0.017907	
0.543932	0.368608	0.087460	
0.003231	0.243401	0.753368	
0.208561	0.526726	0.264713	
0.006631	0.863359	0.130010	
0.002634	0.918660	0.078706	
0.006400	0.051190	0.942410	
0.720329	0.211116	0.068555	
0.013717	0.577046	0.409237	
0.512361	0.347342	0.140297	
0.084365	0.141453	0.774182	
0.065339	0.133199	0.801462	
0.007252	0.050485	0.942263	
0.004855	0.192767	0.802378	
0.005740	0.098375	0.895884	
0.052072	0.835690	0.112237	
0.011535	0.918632	0.069833	
0.005207	0.070194	0.924599	
0.175030	0.634417	0.190552	
0.705102	0.240297	0.054601	
0.045639	0.118455	0.835906	
0.005879	0.823563	0.170558	
0.035553	0.367670	0.596777	
0.644302	0.290902	0.064796	
0.028040	0.853273	0.118687	
0.152289	0.596492	0.251219	
0.505946	0.415575	0.078479	
0.008001	0.881031	0.110968	
0.176510	0.634405	0.189085	
0.001363	0.215759	0.782877	
0.860458	0.118820	0.020722	
0.025086	0.877868	0.097046	
0.378203	0.508741	0.113056	
0.126626	0.598652	0.274723	
0.520231	0.457817	0.021952	
0.030039	0.186861	0.783100	
0.019248	0.289338	0.691414	
0.280058	0.501727	0.218216	
0.058526	0.790088	0.151387	
0.608453	0.302153	0.089393	
0.012517	0.190208	0.797275	
0.128015	0.247157	0.624828	
0.002261	0.875047	0.122692	
0.003066	0.764809	0.232124	
0.000098	0.006538	0.993364	
0.770308	0.201525	0.028166	
0.954473	0.041396	0.004131	
0.481896	0.349818	0.168286	
0.007130	0.723339	0.269531	
0.007743	0.835346	0.156911	
0.147318	0.150045	0.702637	
0.930611	0.063299	0.006089	
0.006376	0.020666	0.972958	
0.002552	0.043793	0.953655	
0.194913	0.228805	0.576281	
0.063594	0.729214	0.207192	
0.008042	0.797104	0.194855	
0.091089	0.787630	0.121281	
0.300675	0.632851	0.066474	
0.747713	0.237317	0.014969	
0.015003	0.207770	0.777227	
0.070720	0.820850	0.108431	
0.302916	0.301891	0.395193	
0.250246	0.605531	0.144223	
0.005139	0.467828	0.527033	
0.388950	0.438500	0.172550	
0.114833	0.823714	0.061453	
0.585989	0.302316	0.111695	
0.029711	0.705567	0.264722	
0.703528	0.271543	0.024929	
0.454758	0.492141	0.053101	
0.220571	0.639915	0.139514	
0.209387	0.114335	0.676278	
0.018870	0.415107	0.566022	
0.619181	0.304792	0.076027	
0.013073	0.730462	0.256465	
0.118339	0.515081	0.366580	
0.035241	0.782563	0.182196	
0.006999	0.542894	0.450106	
0.403018	0.327036	0.269947	
0.850064	0.133917	0.016019	
0.613288	0.323809	0.062902	
0.270852	0.537972	0.191176	
0.118112	0.165039	0.716849	
0.308385	0.207208	0.484407	
0.596753	0.317434	0.085812	
0.269282	0.640457	0.090261	
0.009040	0.760144	0.230817	
0.257721	0.526536	0.215742	
0.103655	0.828265	0.068080	
0.202067	0.682794	0.115139	
0.236833	0.375142	0.388025	
0.045415	0.067297	0.887289	
0.143129	0.164531	0.692339	
0.185865	0.208610	0.605526	
0.003501	0.739060	0.257439	
0.612027	0.265654	0.122319	
0.069105	0.231709	0.699186	
0.622195	0.349791	0.028015	
0.460432	0.443845	0.095724	
0.215250	0.610060	0.174689	
0.002376	0.112434	0.885190	
0.001393	0.048725	0.949881	
0.516769	0.377887	0.105343	
0.027120	0.148788	0.824093	
0.011617	0.556070	0.432313	
0.002585	0.020911	0.976505	
0.515470	0.387346	0.097184	
0.028087	0.896036	0.075877	
0.047428	0.633952	0.318620	
0.201342	0.327130	0.471528	
0.060808	0.764459	0.174732	
0.008155	0.093831	0.898014	
0.790327	0.174324	0.035349	
0.851835	0.122733	0.025431	
0.008960	0.871917	0.119123	
0.563539	0.379398	0.057063	
0.517895	0.458365	0.023740	
0.055329	0.834004	0.110667	
0.704308	0.254671	0.041021	
0.035864	0.888004	0.076132	
0.846459	0.137572	0.015969	
0.154224	0.295965	0.549810	
0.048280	0.499968	0.451753	
0.079658	0.819142	0.101201	
0.005627	0.459194	0.535179	
0.232349	0.529127	0.238524	
0.060477	0.112268	0.827255	
0.212467	0.644605	0.142928	
0.879419	0.109542	0.011039	
0.018213	0.273488	0.708300	
0.085995	0.650960	0.263045	
0.095917	0.266632	0.637451	
0.150888	0.711689	0.137423	
0.003556	0.098535	0.897909	
0.305721	0.620024	0.074255	
0.721143	0.235788	0.043069	
0.000191	0.006183	0.993626	
0.048622	0.193709	0.757668	
0.772135	0.195627	0.032238	
0.001505	0.080087	0.918407	
0.026995	0.906780	0.066225	
0.821024	0.154619	0.024357	
0.007189	0.769547	0.223263	
0.134961	0.574778	0.290262	
0.066720	0.328207	0.605073	
0.174732	0.732032	0.093237	
0.874229	0.113264	0.012507	
0.209745	0.638570	0.151685	
0.080983	0.643484	0.275533	
0.001080	0.025690	0.973230	
0.661821	0.298653	0.039526	
0.016987	0.074853	0.908161	
0.002093	0.024565	0.973342	
0.002981	0.791487	0.205532	
0.724136	0.239365	0.036499	
0.001792	0.845643	0.152565	
0.877038	0.112361	0.010601	
0.076840	0.753515	0.169645	
0.359621	0.488163	0.152216	
0.201700	0.709647	0.088653	
0.844698	0.133886	0.021417	
0.527392	0.409380	0.063228	
0.007583	0.477900	0.514517	
0.115053	0.164075	0.720872	
0.001011	0.057027	0.941962	
0.433424	0.242649	0.323927	
0.017533	0.601882	0.380585	
0.028270	0.088344	0.883386	
0.810152	0.152922	0.036926	
0.001915	0.871652	0.126433	
0.008399	0.621574	0.370027	
0.678798	0.253317	0.067885	
0.004429	0.800441	0.195130	
0.052648	0.358017	0.589335	
0.032220	0.260481	0.707299	
0.195226	0.646809	0.157965	
0.395210	0.351828	0.252962	
0.026510	0.182114	0.791376	
0.000675	0.020576	0.978749	
0.000484	0.012915	0.986601	
0.030944	0.890147	0.078909	
0.206482	0.596138	0.197380	
0.598109	0.350322	0.051570	
0.028005	0.501404	0.470590	
0.011350	0.733673	0.254977	
0.121838	0.809209	0.068953	
0.943084	0.053203	0.003714	
0.000210	0.038669	0.961121	
0.000822	0.017104	0.982074	
0.037631	0.839318	0.123050	
0.516322	0.352819	0.130859	
0.492711	0.254288	0.253001	
0.001414	0.941526	0.057060	
0.000025	0.001340	0.998635	
0.203280	0.755197	0.041523	
0.621885	0.281072	0.097043	
0.834440	0.146123	0.019437	
0.341264	0.460993	0.197742	
0.001680	0.091267	0.907053	
0.562623	0.207122	0.230256	
0.009952	0.048209	0.941839	
0.124489	0.693089	0.182423	
0.000121	0.011215	0.988664	
0.030583	0.413122	0.556295	
0.005170	0.129160	0.865670	
0.013770	0.377050	0.609180	
0.007485	0.029982	0.962533	
0.442821	0.489935	0.067244	
0.819534	0.150704	0.029762	
0.063103	0.604381	0.332516	
0.013703	0.814623	0.171675	
0.002694	0.364830	0.632476	
0.118179	0.713128	0.168693	
0.007633	0.127347	0.865020	
0.012608	0.867029	0.120363	
0.302489	0.572540	0.124971	
0.041921	0.818079	0.139999	
0.002895	0.916367	0.080738	
0.000159	0.009353	0.990488	
0.928425	0.065091	0.006484	
0.011380	0.829590	0.159030	
0.061413	0.836867	0.101720	
0.005963	0.924102	0.069935	
0.047647	0.363762	0.588591	
0.701979	0.261482	0.036540	
0.023371	0.801322	0.175307	
0.209163	0.516637	0.274200	
0.085431	0.592879	0.321690	
0.042280	0.794682	0.163038	
0.029309	0.208880	0.761811	
0.019072	0.247550	0.733378	
0.009129	0.128712	0.862159	
0.001412	0.182158	0.816431	
0.160591	0.627528	0.211881	
0.036177	0.168178	0.795645	
0.001252	0.781666	0.217082	
0.031947	0.261727	0.706326	
0.036406	0.606234	0.357359	
0.113982	0.748275	0.137742	
0.169192	0.638104	0.192704	
0.317192	0.496511	0.186296	
0.001613	0.498019	0.500368	
0.317718	0.642421	0.039861	
0.486061	0.368713	0.145227	
0.059568	0.853403	0.087029	
0.397848	0.505135	0.097017	
0.007743	0.503484	0.488773	
0.845988	0.146358	0.007654	
0.006478	0.061900	0.931622	
0.053069	0.812240	0.134691	
0.752673	0.217825	0.029501	
0.133230	0.613657	0.253113	
0.133567	0.695002	0.171432	
0.096854	0.616891	0.286255	
0.305653	0.338077	0.356270	
0.216822	0.342806	0.440372	
0.009145	0.119228	0.871626	
0.235725	0.499704	0.264571	
0.014650	0.154521	0.830830	
0.016601	0.839613	0.143786	
0.082713	0.130643	0.786644	
0.008651	0.407554	0.583796	
0.047237	0.808902	0.143861	
0.043668	0.889665	0.066666	
0.137910	0.606326	0.255764	
0.207198	0.576241	0.216562	
0.004710	0.108628	0.886662	
0.267595	0.671332	0.061073	
0.865414	0.119662	0.014924	
0.031172	0.297263	0.671566	
0.464166	0.486178	0.049656	
0.003947	0.867170	0.128884	
0.043766	0.473195	0.483038	
0.001953	0.441851	0.556196	
0.038512	0.713586	0.247902	
0.407558	0.434724	0.157719	
0.632638	0.307108	0.060254	
0.069604	0.719647	0.210749	
0.622794	0.340285	0.036921	
0.658806	0.260874	0.080321	
0.193372	0.371172	0.435456	
0.085097	0.489834	0.425069	
0.000190	0.214641	0.785168	
0.724444	0.260617	0.014939	
0.666092	0.284805	0.049103	
0.185308	0.624316	0.190376	
0.048089	0.488411	0.463501	
0.000632	0.034864	0.964503	
0.065088	0.825198	0.109714	
0.001477	0.050489	0.948034	
0.018039	0.912530	0.069431	
0.058467	0.118550	0.822983	
0.595057	0.243048	0.161896	
0.292511	0.568294	0.139194	
0.014333	0.197349	0.788318	
0.010369	0.102978	0.886653	
0.024163	0.853300	0.122537	
0.461391	0.498610	0.040000	
0.005018	0.889551	0.105431	
0.064951	0.742474	0.192575	
0.401267	0.349536	0.249196	
0.030675	0.081760	0.887565	
0.020165	0.842803	0.137032	
0.009752	0.798657	0.191591	
0.010594	0.352291	0.637115	
0.310100	0.537759	0.152141	
0.001348	0.016398	0.982254	
0.078894	0.203906	0.717200	
0.000095	0.025198	0.974707	
0.398982	0.542995	0.058023	
0.038546	0.873892	0.087562	
0.005439	0.058481	0.936080	
0.006373	0.414283	0.579344	
0.092445	0.194793	0.712762	
0.767646	0.207192	0.025162	
0.869533	0.114166	0.016301	
0.031944	0.807273	0.160783	
0.098148	0.335866	0.565985	
0.012366	0.728864	0.258769	
0.011946	0.771605	0.216449	
0.579419	0.376072	0.044509	
0.007951	0.356001	0.636048	
0.067876	0.853374	0.078750	
0.019081	0.148667	0.832252	
0.093456	0.589532	0.317012	
0.001136	0.657617	0.341247	
0.007919	0.885358	0.106724	
0.003182	0.038520	0.958298	
0.561004	0.319944	0.119052	
0.012107	0.353725	0.634168	
0.000518	0.029373	0.970109	
0.000529	0.007091	0.992380	
0.010881	0.119434	0.869686	
0.013214	0.745450	0.241337	
0.608708	0.333796	0.057496	
0.132348	0.709769	0.157882	
0.128791	0.699776	0.171433	
0.648229	0.326182	0.025589	
0.027333	0.886068	0.086598	
0.002066	0.009283	0.988651	
0.001055	0.023912	0.975033	
0.523196	0.366607	0.110196	
0.050698	0.173161	0.776141	
0.061212	0.849109	0.089679	
0.019422	0.047418	0.933160	
0.002114	0.139111	0.858775	
0.024140	0.766645	0.209215	
0.133801	0.716424	0.149775	
0.114663	0.503662	0.381675	
0.212035	0.193755	0.594210	
0.366948	0.442397	0.190654	
0.002185	0.510612	0.487204	
0.018420	0.714961	0.266619	
0.190410	0.507945	0.301645	
0.074960	0.849099	0.075941	
0.613621	0.360205	0.026174	
0.162735	0.592408	0.244858	
0.014275	0.119997	0.865728	
0.538051	0.416452	0.045496	
0.008149	0.788546	0.203305	
0.756372	0.198591	0.045037	
0.050184	0.910971	0.038845	
0.610088	0.348997	0.040915	
0.014535	0.836572	0.148893	
0.010408	0.629564	0.360028	
0.004154	0.096725	0.899121	
0.789932	0.174661	0.035407	
0.270762	0.503357	0.225881	
0.057503	0.885846	0.056652	
0.748489	0.216950	0.034560	
0.003988	0.826759	0.169254	
0.458909	0.425887	0.115204	
0.015448	0.550026	0.434526	
0.039482	0.709090	0.251428	
0.754620	0.180823	0.064556	
0.041619	0.782706	0.175675	
0.658174	0.253083	0.088744	
0.020326	0.732897	0.246778	
0.017406	0.781805	0.200789	
0.087597	0.863454	0.048949	
0.014777	0.914244	0.070979	
0.001685	0.051824	0.946492	
0.007718	0.053263	0.939020	
0.075235	0.568961	0.355804	
0.641518	0.312616	0.045867	
0.032876	0.894607	0.072517	
0.041644	0.250042	0.708314	
0.001994	0.887716	0.110290	
0.000487	0.012111	0.987402	
0.369620	0.387178	0.243201	
0.017653	0.757091	0.225256	
0.005451	0.144937	0.849613	
0.562255	0.330366	0.107379	
0.006039	0.850869	0.143092	
0.002234	0.158262	0.839503	
0.009780	0.873198	0.117022	
0.128368	0.249101	0.622531	
0.162988	0.490844	0.346168	
0.027868	0.858045	0.114087	
0.630521	0.284354	0.085125	
0.018598	0.177814	0.803588	
0.872630	0.110889	0.016480	
0.787388	0.171128	0.041484	
0.137744	0.278827	0.583428	
0.002014	0.247221	0.750765	
0.067300	0.744490	0.188210	
0.000289	0.004887	0.994823	
0.053501	0.116242	0.830257	
0.723474	0.230784	0.045742	
0.675473	0.256559	0.067969	
0.007973	0.884506	0.107521	
0.740669	0.204471	0.054860	
0.803381	0.137794	0.058824	
0.041598	0.669886	0.288516	
0.051383	0.632581	0.316036	
0.003779	0.020830	0.975392	
0.760594	0.203892	0.035514	
0.003619	0.625444	0.370937	
0.000391	0.007984	0.991625	
0.128312	0.712718	0.158969	
0.828116	0.128729	0.043156	
0.028671	0.863373	0.107956	
0.029123	0.597444	0.373433	
0.006811	0.083014	0.910175	
0.582569	0.329382	0.088049	
0.011841	0.913239	0.074920	
0.491401	0.417464	0.091135	
0.188430	0.713307	0.098263	
0.851851	0.128867	0.019281	
0.621769	0.305664	0.072567	
0.021851	0.739886	0.238263	
0.016945	0.569323	0.413731	
0.084140	0.660903	0.254957	
0.251296	0.550715	0.197989	
0.028643	0.726909	0.244448	
0.349351	0.330735	0.319914	
0.173677	0.575975	0.250348	
0.035334	0.436869	0.527797	
0.007584	0.054188	0.938228	
0.011402	0.178665	0.809933	
0.005800	0.137776	0.856424	
0.910705	0.078945	0.010350	
0.728080	0.233599	0.038320	
0.004033	0.764693	0.231274	
0.040289	0.185630	0.774081	
0.022967	0.507929	0.469104	
0.714419	0.257471	0.028109	
0.023333	0.154610	0.822057	
0.003904	0.884439	0.111657	
0.056329	0.409397	0.534274	
0.703330	0.255077	0.041593	
0.088135	0.571352	0.340513	
0.012778	0.869747	0.117475	
0.539578	0.399121	0.061302	
0.570924	0.332320	0.096756	
0.074207	0.772416	0.153378	
0.667305	0.236347	0.096349	
0.040182	0.051554	0.908264	
0.671028	0.243299	0.085673	
0.502330	0.412372	0.085297	
0.041740	0.595969	0.362291	
0.975926	0.022427	0.001647	
0.047056	0.738304	0.214641	
0.012142	0.833042	0.154816	
0.001323	0.042861	0.955816	
0.861916	0.125208	0.012875	
0.003872	0.436962	0.559166	
0.260118	0.548523	0.191359	
0.005856	0.927533	0.066611	
0.022076	0.085067	0.892858	
0.033284	0.370820	0.595896	
0.044983	0.830442	0.124575	
0.156549	0.436018	0.407433	
0.775754	0.211921	0.012325	
0.002169	0.738259	0.259572	
0.021919	0.733995	0.244085	
0.120478	0.787247	0.092275	
0.007336	0.777967	0.214697	
0.238039	0.172399	0.589562	
0.054997	0.395914	0.549089	
0.000840	0.091848	0.907312	
0.188172	0.603227	0.208600	
0.179676	0.157151	0.663173	
0.007388	0.865830	0.126782	
0.056668	0.804669	0.138663	
0.035287	0.327554	0.637159	
0.450989	0.335981	0.213031	
0.000066	0.016216	0.983718	
0.060127	0.779039	0.160833	
0.000661	0.815509	0.183829	
0.514024	0.391998	0.093978	
0.002094	0.484024	0.513882	
0.076555	0.668494	0.254951	
0.005436	0.371470	0.623094	
0.001829	0.119696	0.878475	
0.002624	0.067030	0.930346	
0.035294	0.595526	0.369180	
0.000814	0.020549	0.978637	
0.186058	0.772758	0.041184	
0.211769	0.251211	0.537020	
0.818751	0.154440	0.026808	
0.409654	0.496365	0.093981	
0.837081	0.145966	0.016953	
0.037840	0.154274	0.807887	
0.058272	0.079482	0.862246	
0.004009	0.062157	0.933834	
0.770610	0.186020	0.043371	
0.725053	0.234433	0.040514	
0.043314	0.267146	0.689540	
0.002808	0.682563	0.314629	
0.204114	0.559157	0.236729	
0.005971	0.108830	0.885199	
0.726415	0.244435	0.029150	
0.466404	0.397664	0.135932	
0.008444	0.592291	0.399265	
0.020053	0.858714	0.121233	
0.006975	0.802560	0.190465	
0.635462	0.292805	0.071732	
0.190814	0.716815	0.092371	
0.877512	0.111873	0.010615	
0.043375	0.873077	0.083548	
0.063855	0.127296	0.808849	
0.227004	0.643958	0.129038	
0.132162	0.644233	0.223605	
0.120974	0.597078	0.281948	
0.008025	0.894878	0.097097	
0.056565	0.619364	0.324071	
0.002974	0.317283	0.679743	
0.241198	0.614040	0.144762	
0.104353	0.224851	0.670797	
0.719039	0.243026	0.037935	
0.093271	0.441674	0.465056	
0.031299	0.811315	0.157386	
0.016074	0.768023	0.215902	
0.282819	0.617776	0.099405	
0.003592	0.556789	0.439620	
0.670333	0.279440	0.050227	
0.306851	0.558052	0.135097	
0.003948	0.039425	0.956627	
0.639167	0.301172	0.059661	
0.000209	0.941704	0.058087	
0.025482	0.641795	0.332724	
0.003201	0.905123	0.091676	
0.351018	0.525474	0.123508	
0.004230	0.048339	0.947431	
0.136288	0.525431	0.338281	
0.003328	0.733472	0.263200	
0.204159	0.277485	0.518356	
0.890935	0.099040	0.010025	
0.001674	0.152635	0.845691	
0.032844	0.861684	0.105473	
0.555819	0.369984	0.074197	
0.421994	0.450619	0.127387	
0.027602	0.534378	0.438020	
0.000130	0.003668	0.996202	
0.007112	0.431327	0.561561	
0.769805	0.197650	0.032545	
0.172953	0.568695	0.258352	
0.005189	0.079804	0.915008	
0.092181	0.446114	0.461704	
0.627101	0.315324	0.057575	
0.010019	0.914171	0.075810	
0.066909	0.902082	0.031009	
0.014410	0.920054	0.065536	
0.000115	0.008953	0.990932	
0.007442	0.418313	0.574246	
0.002168	0.501677	0.496155	
0.004833	0.278865	0.716302	
0.242518	0.279489	0.477993	
0.007287	0.740925	0.251788	
0.070288	0.522392	0.407320	
0.006627	0.879259	0.114114	
0.032301	0.875342	0.092358	
0.759249	0.204779	0.035973	
0.453855	0.475712	0.070434	
0.010678	0.041658	0.947664	
0.129576	0.804717	0.065708	
0.030045	0.882161	0.087794	
0.078146	0.803673	0.118181	
0.003475	0.034742	0.961783	
0.195527	0.202004	0.602469	
0.769398	0.211836	0.018766	
0.268642	0.609816	0.121542	
0.845749	0.131460	0.022791	
0.000210	0.016494	0.983296	
0.002608	0.913604	0.083788	
0.013349	0.058958	0.927693	
0.021531	0.596866	0.381603	
0.050656	0.830540	0.118804	
0.066506	0.842355	0.091139	
0.064146	0.752589	0.183265	
0.647847	0.265354	0.086799	
0.005597	0.102298	0.892105	
0.112606	0.557837	0.329557	
0.004207	0.884265	0.111529	
0.001470	0.129157	0.869373	
0.325749	0.550996	0.123255	
0.194289	0.754261	0.051449	
0.007404	0.849846	0.142750	
0.225758	0.482226	0.292016	
0.008358	0.793295	0.198347	
0.000656	0.923908	0.075436	
0.041059	0.848915	0.110026	
0.386071	0.548427	0.065502	
0.844768	0.127071	0.028161	
0.323877	0.426795	0.249328	
0.001628	0.011795	0.986577	
0.213597	0.697716	0.088687	
0.018863	0.458008	0.523129	
0.307203	0.585308	0.107489	
0.704957	0.276237	0.018806	
0.047575	0.343454	0.608971	
0.010448	0.109551	0.880001	
0.481693	0.399044	0.119263	
0.350737	0.341394	0.307869	
0.084904	0.623830	0.291266	
0.917107	0.070356	0.012537	
0.000462	0.910147	0.089391	
0.007975	0.916637	0.075388	
0.310289	0.400720	0.288991	
0.872191	0.106778	0.021031	
0.060742	0.738451	0.200807	
0.013393	0.563437	0.423171	
0.382491	0.517350	0.100159	
0.010024	0.434957	0.555019	
0.025211	0.075451	0.899338	
0.002038	0.481810	0.516151	
0.428546	0.484667	0.086787	
0.163144	0.560860	0.275996	
0.015924	0.922982	0.061094	
0.000253	0.009190	0.990558	
0.003028	0.013870	0.983102	
0.000936	0.859095	0.139968	
0.050111	0.852475	0.097415	
0.008579	0.690100	0.301321	
0.654314	0.280134	0.065552	
0.000827	0.008678	0.990494	
0.193416	0.611992	0.194592	
0.028295	0.415533	0.556172	
0.024249	0.903162	0.072589	
0.019811	0.255872	0.724317	
0.195998	0.714085	0.089917	
0.007471	0.908377	0.084152	
0.003547	0.729185	0.267269	
0.701882	0.226449	0.071670	
0.704555	0.261152	0.034293	
0.782400	0.160151	0.057450	
0.002126	0.608917	0.388957	
0.066874	0.645423	0.287703	
0.006410	0.611106	0.382483	
0.007121	0.895965	0.096913	
0.000948	0.403923	0.595129	
0.855320	0.126407	0.018273	
0.120451	0.718579	0.160970	
0.035586	0.782537	0.181877	
0.052671	0.741754	0.205574	
0.012218	0.106951	0.880831	
0.116241	0.135038	0.748720	
0.722703	0.229902	0.047395	
0.952306	0.043937	0.003758	
0.040742	0.163117	0.796141	
0.019022	0.078421	0.902557	
0.003070	0.906988	0.089942	
0.676467	0.277822	0.045711	
0.251197	0.682959	0.065844	
0.003537	0.018694	0.977769	
0.422264	0.490575	0.087161	
0.072804	0.616429	0.310767	
0.129419	0.722131	0.148451	
0.001017	0.027947	0.971036	
0.012801	0.891182	0.096018	
0.007255	0.886708	0.106037	
0.017737	0.232370	0.749893	
0.251211	0.626616	0.122173	
0.021535	0.839392	0.139074	
0.036153	0.680432	0.283416	
0.000520	0.043020	0.956460	
0.420343	0.258505	0.321152	
0.000736	0.008777	0.990487	
0.236677	0.441449	0.321874	
0.003177	0.596166	0.400657	
0.005094	0.818605	0.176301	
0.098944	0.800552	0.100504	
0.313778	0.568722	0.117500	
0.186641	0.556255	0.257104	
0.003055	0.039130	0.957814	
0.024886	0.792766	0.182348	
0.020915	0.099687	0.879398	
0.003079	0.519774	0.477148	
0.000943	0.041995	0.957061	
0.022876	0.914533	0.062591	
0.072364	0.763551	0.164085	
0.118814	0.749057	0.132129	
0.398555	0.236170	0.365275	
0.007046	0.030526	0.962428	
0.682944	0.283078	0.033978	
0.012720	0.153751	0.833529	
0.026966	0.762829	0.210205	
0.097328	0.166807	0.735865	
0.105194	0.765023	0.129783	
0.925985	0.068753	0.005262	
0.002525	0.038551	0.958925	
0.002906	0.945465	0.051629	
0.037947	0.819245	0.142809	
0.000904	0.025675	0.973421	
0.007311	0.870041	0.122649	
0.025267	0.774050	0.200683	
0.649908	0.301825	0.048266	
0.701584	0.259687	0.038729	
0.065832	0.481002	0.453166	
0.264226	0.497798	0.237977	
0.045835	0.145825	0.808340	
0.232469	0.741525	0.026006	
0.008655	0.369274	0.622070	
0.503862	0.390359	0.105779	
0.001263	0.888646	0.110091	
0.001914	0.785427	0.212658	
0.724745	0.212762	0.062493	
0.827688	0.151912	0.020400	
0.049590	0.808648	0.141762	
0.008863	0.032090	0.959048	
0.328285	0.591621	0.080094	
0.425980	0.426756	0.147264	
0.400591	0.467118	0.132291	
0.235548	0.560169	0.204284	
0.338416	0.603927	0.057657	
0.607500	0.301351	0.091149	
0.012847	0.926413	0.060740	
0.068562	0.820557	0.110881	
0.001884	0.340385	0.657731	
0.253582	0.596382	0.150036	
0.841986	0.137199	0.020815	
0.463897	0.266243	0.269861	
0.534300	0.261700	0.203999	
0.047220	0.851334	0.101446	
0.004969	0.632098	0.362934	
0.060384	0.615338	0.324278	
0.004133	0.706704	0.289163	
0.439409	0.501264	0.059327	
0.273451	0.650794	0.075755	
0.015248	0.072769	0.911982	
0.758402	0.220949	0.020649	
0.023823	0.924960	0.051217	
0.014014	0.234083	0.751903	
0.317967	0.366936	0.315098	
0.008287	0.032073	0.959640	
0.366962	0.475572	0.157465	
0.511833	0.367103	0.121064	
0.723144	0.211199	0.065657	
0.567067	0.329314	0.103619	
0.094938	0.192838	0.712223	
0.714375	0.243847	0.041779	
0.044004	0.839528	0.116468	
0.001488	0.098531	0.899981	
0.113815	0.197316	0.688869	
0.009498	0.762670	0.227833	
0.634536	0.312917	0.052547	
0.145506	0.772545	0.081950	
0.089510	0.737392	0.173098	
0.004906	0.407366	0.587728	
0.590971	0.322410	0.086619	
0.008006	0.054665	0.937329	
0.001045	0.010427	0.988528	
0.135465	0.758767	0.105767	
0.046368	0.746399	0.207233	
0.055116	0.170031	0.774853	
0.005094	0.028469	0.966437	
0.144192	0.736646	0.119161	
0.003090	0.821749	0.175161	
0.017442	0.227523	0.755034	
0.023795	0.499297	0.476908	
0.026846	0.162598	0.810556	
0.402789	0.457343	0.139867	
0.003113	0.048960	0.947927	
0.052903	0.705755	0.241343	
0.000185	0.007054	0.992761	
0.033870	0.918985	0.047146	
0.825347	0.139463	0.035190	
0.003612	0.654570	0.341818	
0.007781	0.057136	0.935084	
0.005059	0.087278	0.907663	
0.473014	0.469083	0.057903	
0.002500	0.110223	0.887277	
0.061342	0.803692	0.134966	
0.002515	0.044263	0.953222	
0.004607	0.499102	0.496291	
0.010749	0.886019	0.103231	
0.162096	0.621783	0.216121	
0.000937	0.066572	0.932491	
0.024173	0.826328	0.149499	
0.381007	0.413060	0.205933	
0.079816	0.872240	0.047944	
0.636562	0.286347	0.077091	
0.703760	0.233764	0.062476	
0.099805	0.670142	0.230053	
0.852157	0.121960	0.025883	
0.176063	0.648876	0.175061	
0.816301	0.167507	0.016193	
0.013184	0.795572	0.191244	
0.001135	0.007696	0.991169	
0.016556	0.916704	0.066740	
0.142805	0.816188	0.041007	
0.370960	0.562133	0.066907	
0.687551	0.262565	0.049885	
0.574616	0.265222	0.160162	
0.282392	0.381732	0.335876	
0.007329	0.021096	0.971575	
0.185014	0.742100	0.072886	
0.128309	0.759808	0.111883	
0.722411	0.222257	0.055332	
0.585063	0.359456	0.055481	
0.000491	0.810980	0.188530	
0.003311	0.818473	0.178216	
0.012587	0.456542	0.530871	
0.599128	0.235215	0.165656	
0.619073	0.305924	0.075003	
0.044889	0.164525	0.790586	
0.099182	0.153819	0.746999	
0.791294	0.194590	0.014116	
0.004759	0.245639	0.749602	
0.834673	0.142820	0.022507	
0.011722	0.817868	0.170410	
0.003124	0.742015	0.254861	
0.001091	0.342583	0.656325	
0.068920	0.203843	0.727237	
0.105266	0.830730	0.064003	
0.758911	0.195284	0.045804	
0.200957	0.563120	0.235923	
0.005146	0.212885	0.781969	
0.126542	0.759067	0.114391	
0.002224	0.033804	0.963972	
0.084304	0.822860	0.092836	
0.134158	0.106702	0.759140	
0.437658	0.275109	0.287232	
0.558923	0.351378	0.089699	
0.148279	0.565467	0.286254	
0.249866	0.320397	0.429737	
0.558709	0.384449	0.056843	
0.039592	0.898171	0.062237	
0.753949	0.204581	0.041469	
0.387130	0.531337	0.081532	
0.248637	0.343570	0.407793	
0.001163	0.017461	0.981376	
0.063395	0.856940	0.079664	
0.026250	0.464481	0.509269	
0.795114	0.170453	0.034434	
0.665864	0.284305	0.049831	
0.390106	0.490006	0.119889	
0.096007	0.124780	0.779213	
0.893078	0.092067	0.014856	
0.077552	0.413343	0.509106	
0.933697	0.063694	0.002609	
0.019403	0.845745	0.134851	
0.566358	0.335994	0.097648	
0.781310	0.190096	0.028593	
0.391540	0.458976	0.149484	
0.018158	0.404604	0.577238	
0.005600	0.877095	0.117304	
0.039283	0.150220	0.810497	
0.069796	0.694817	0.235387	
0.002427	0.190328	0.807245	
0.003486	0.884421	0.112093	
0.000977	0.014719	0.984304	
0.097215	0.187864	0.714922	
0.164030	0.598863	0.237107	
0.001404	0.041909	0.956687	
0.102104	0.638778	0.259118	
0.006910	0.076408	0.916682	
0.010858	0.077860	0.911283	
0.507799	0.397776	0.094424	
0.002151	0.270033	0.727816	
0.751467	0.201335	0.047198	
0.007626	0.578447	0.413927	
0.000132	0.002365	0.997504	
0.084729	0.738226	0.177045	
0.005679	0.730828	0.263493	
0.049930	0.695163	0.254907	
0.109702	0.620116	0.270182	
0.244124	0.631223	0.124653	
0.854711	0.124675	0.020614	
0.025013	0.240161	0.734826	
0.004050	0.286843	0.709107	
0.487815	0.485841	0.026344	
0.059806	0.843210	0.096984	
0.596091	0.316566	0.087343	
0.151073	0.593768	0.255159	
0.739130	0.244453	0.016416	
0.001730	0.017091	0.981180	
0.006117	0.019841	0.974041	
0.037785	0.763058	0.199157	
0.309419	0.588470	0.102111	
0.001022	0.014344	0.984634	
0.377270	0.534065	0.088665	
0.000227	0.888822	0.110952	
0.189608	0.700884	0.109507	
0.011481	0.874609	0.113909	
0.008949	0.896356	0.094695	
0.007340	0.392742	0.599917	
0.241187	0.677901	0.080912	
0.010837	0.749334	0.239829	
0.676295	0.214795	0.108910	
0.004822	0.614809	0.380369	
0.005404	0.096847	0.897750	
0.004343	0.036756	0.958902	
0.099481	0.500930	0.399589	
0.852273	0.137545	0.010182	
0.024208	0.153370	0.822421	
0.003474	0.151089	0.845438	
0.026261	0.874010	0.099729	
0.935183	0.057577	0.007240	
0.549723	0.351487	0.098789	
0.019112	0.718207	0.262680	
0.010674	0.519718	0.469607	
0.000255	0.790115	0.209630	
0.004112	0.092130	0.903758	
0.187167	0.539276	0.273557	
0.655957	0.283746	0.060298	
0.007749	0.078424	0.913827	
0.003600	0.851849	0.144551	
0.010196	0.046137	0.943667	
0.007854	0.910311	0.081835	
0.017653	0.757091	0.225256	
0.048183	0.420226	0.531591	
0.836170	0.122680	0.041151	
0.004737	0.131826	0.863437	
0.011149	0.137524	0.851327	
0.022089	0.862720	0.115191	
0.465182	0.466824	0.067994	
0.006447	0.836976	0.156577	
0.614428	0.337610	0.047961	
0.012075	0.381359	0.606566	
0.361885	0.270437	0.367679	
0.041105	0.523894	0.435000	
0.008120	0.880170	0.111710	
0.078158	0.752206	0.169636	
0.485889	0.452137	0.061974	
0.032318	0.484849	0.482832	
0.729485	0.237112	0.033403	
0.505568	0.400712	0.093720	
0.727814	0.254074	0.018112	
0.051514	0.835131	0.113355	
0.011677	0.924217	0.064106	
0.007095	0.913394	0.079511	
0.058376	0.764221	0.177404	
0.000036	0.002974	0.996991	
0.023902	0.073918	0.902180	
0.652329	0.292154	0.055517	
0.004907	0.350556	0.644538	
0.910249	0.079309	0.010442	
0.689675	0.273348	0.036977	
0.098958	0.723416	0.177627	
0.544701	0.391606	0.063693	
0.015390	0.851432	0.133178	
0.700286	0.268251	0.031463	
0.801725	0.172827	0.025448	
0.542820	0.347807	0.109373	
0.000232	0.030185	0.969583	
0.006931	0.742909	0.250159	
0.314434	0.235773	0.449792	
0.021843	0.713421	0.264735	
0.604810	0.308933	0.086257	
0.055540	0.201362	0.743098	
0.166437	0.550978	0.282585	
0.634876	0.254791	0.110333	
0.252680	0.559238	0.188082	
0.033542	0.066377	0.900081	
0.003469	0.805369	0.191162	
0.122974	0.680493	0.196533	
0.005399	0.827136	0.167465	
0.015528	0.387173	0.597300	
0.001426	0.048257	0.950317	
0.024070	0.780811	0.195119	
0.099622	0.167966	0.732412	
0.021520	0.575436	0.403044	
0.083363	0.363801	0.552837	
0.011194	0.797420	0.191386	
0.587378	0.346752	0.065870	
0.012171	0.078659	0.909170	
0.223297	0.727192	0.049511	
0.043659	0.067851	0.888489	
0.517916	0.431326	0.050758	
0.948851	0.048365	0.002785	
0.003679	0.285476	0.710845	
0.022920	0.858738	0.118342	
0.021537	0.779261	0.199201	
0.260520	0.398542	0.340938	
0.418309	0.404283	0.177407	
0.035720	0.867926	0.096354	
0.009602	0.807845	0.182553	
0.080389	0.891393	0.028218	
0.048160	0.621688	0.330152	
0.017815	0.927486	0.054700	
0.819884	0.154282	0.025833	
0.021473	0.928890	0.049637	
0.053625	0.822648	0.123727	
0.417958	0.533563	0.048480	
0.496852	0.433883	0.069265	
0.028628	0.715154	0.256218	
0.511976	0.400740	0.087284	
0.025310	0.792025	0.182665	
0.271246	0.198120	0.530634	
0.007496	0.065953	0.926551	
0.925400	0.069611	0.004989	
0.011462	0.906129	0.082409	
0.497211	0.380805	0.121984	
0.011248	0.195770	0.792982	
0.088554	0.620757	0.290688	
0.000840	0.915392	0.083768	
0.043638	0.252325	0.704037	
0.091089	0.138603	0.770308	
0.481097	0.411312	0.107591	
0.031674	0.834632	0.133695	
0.037546	0.432338	0.530116	
0.566248	0.303294	0.130458	
0.016169	0.057846	0.925984	
0.047432	0.881167	0.071400	
0.001129	0.898693	0.100178	
0.691474	0.245833	0.062692	
0.007987	0.776955	0.215058	
0.041950	0.110550	0.847499	
0.040498	0.207877	0.751625	
0.001001	0.903596	0.095402	
0.050483	0.240369	0.709148	
0.920394	0.070517	0.009089	
0.073276	0.819549	0.107175	
0.058730	0.729729	0.211541	
0.652610	0.240019	0.107372	
0.769973	0.182764	0.047263	
0.003344	0.058306	0.938350	
0.072531	0.748338	0.179131	
0.545940	0.417913	0.036147	
0.003180	0.099770	0.897050	
0.101762	0.574375	0.323863	
0.065205	0.507705	0.427090	
0.104248	0.597075	0.298677	
0.006259	0.079851	0.913890	
0.912891	0.080748	0.006361	
0.538552	0.409927	0.051521	
0.008220	0.826388	0.165392	
0.108829	0.604101	0.287070	
0.001169	0.834908	0.163923	
0.000204	0.007175	0.992621	
0.166935	0.325740	0.507325	
0.240262	0.325670	0.434069	
0.022845	0.321571	0.655584	
0.224710	0.722848	0.052442	
0.358310	0.569297	0.072393	
0.352807	0.518217	0.128976	
0.008675	0.211525	0.779800	
0.186098	0.449527	0.364375	
0.000609	0.342041	0.657350	
0.014182	0.845168	0.140651	
0.036481	0.729240	0.234279	
0.001698	0.138564	0.859738	
0.011616	0.074152	0.914231	
0.760046	0.183343	0.056611	
0.933287	0.062665	0.004048	
0.011254	0.739913	0.248833	
0.001141	0.894469	0.104390	
0.216109	0.626175	0.157716	
0.039098	0.128310	0.832591	
0.076377	0.762753	0.160870	
0.001225	0.037828	0.960947	
0.007057	0.942671	0.050272	
0.018181	0.077843	0.903976	
0.066894	0.732184	0.200921	
0.729767	0.216389	0.053844	
0.315070	0.593682	0.091248	
0.769662	0.160649	0.069690	
0.058570	0.115687	0.825743	
0.253557	0.698311	0.048132	
0.013901	0.041016	0.945082	
0.014477	0.913400	0.072123	
0.094586	0.432883	0.472531	
0.001572	0.097568	0.900860	
0.692945	0.242422	0.064634	
0.677180	0.285471	0.037349	
0.879978	0.108069	0.011953	
0.002562	0.084185	0.913253	
0.519685	0.358470	0.121845	
0.005776	0.177121	0.817103	
0.005085	0.933584	0.061330	
0.253224	0.635757	0.111019	
0.031257	0.679747	0.288996	
0.006409	0.092100	0.901491	
0.023501	0.568363	0.408137	
0.642894	0.312891	0.044215	
0.087608	0.202887	0.709505	
0.000267	0.552687	0.447047	
0.000692	0.007096	0.992212	
0.566889	0.356840	0.076271	
0.313411	0.258829	0.427760	
0.082541	0.395092	0.522367	
0.006989	0.114663	0.878347	
0.017977	0.917894	0.064128	
0.385842	0.502323	0.111835	
0.599801	0.316054	0.084145	
0.521043	0.348120	0.130837	
0.000867	0.929413	0.069720	
0.728099	0.233161	0.038739	
0.034887	0.462019	0.503095	
0.827813	0.141192	0.030995	
0.728562	0.245586	0.025851	
0.003858	0.119667	0.876476	
0.251500	0.592511	0.155989	
0.069420	0.121444	0.809137	
0.105370	0.744372	0.150257	
0.439027	0.338887	0.222086	
0.000449	0.012851	0.986700	
0.014045	0.829108	0.156848	
0.005846	0.727632	0.266522	
0.055908	0.168219	0.775872	
0.920922	0.070889	0.008188	
0.012340	0.099056	0.888604	
0.032037	0.868922	0.099041	
0.106386	0.798853	0.094761	
0.086421	0.535519	0.378060	
0.194718	0.582884	0.222398	
0.003658	0.896495	0.099846	
0.506818	0.393533	0.099649	
0.039977	0.129588	0.830435	
0.010380	0.879018	0.110602	
0.002100	0.053149	0.944751	
0.440013	0.517569	0.042418	
0.908949	0.080131	0.010920	
0.000916	0.864680	0.134404	
0.025092	0.883470	0.091438	
0.167329	0.740992	0.091679	
0.792807	0.163945	0.043249	
0.016232	0.154923	0.828845	
0.002299	0.728203	0.269498	
0.160495	0.349770	0.489735	
0.002893	0.172524	0.824583	
0.159466	0.532899	0.307635	
0.001316	0.782383	0.216301	
0.085559	0.699244	0.215197	
0.692787	0.233288	0.073925	
0.041056	0.829496	0.129448	
0.079557	0.672041	0.248402	
0.197150	0.534689	0.268161	
0.007925	0.868314	0.123760	
0.007075	0.191775	0.801151	
0.183702	0.472709	0.343588	
0.022067	0.823953	0.153980	
0.014052	0.091998	0.893950	
0.307042	0.536107	0.156851	
0.000274	0.016102	0.983623	
0.503600	0.429685	0.066716	
0.843968	0.144033	0.011999	
0.018674	0.564149	0.417177	
0.855199	0.130601	0.014200	
0.273099	0.675898	0.051003	
0.147934	0.125368	0.726698	
0.046596	0.757926	0.195478	
0.532098	0.437108	0.030794	
0.007053	0.242272	0.750675	
0.021371	0.849829	0.128799	
0.033675	0.782324	0.184002	
0.060316	0.088399	0.851285	
0.012479	0.595814	0.391706	
0.000846	0.012420	0.986734	
0.385617	0.477933	0.136450	
0.002828	0.043068	0.954104	
0.005980	0.063737	0.930283	
0.003458	0.513815	0.482727	
0.000073	0.058586	0.941341	
0.000110	0.012506	0.987384	
0.027006	0.844211	0.128783	
0.491050	0.406110	0.102840	
0.002326	0.187279	0.810395	
0.001944	0.123481	0.874575	
0.891091	0.101171	0.007738	
0.036038	0.799308	0.164654	
0.042518	0.831431	0.126052	
0.665538	0.281786	0.052676	
0.820482	0.148839	0.030679	
0.257498	0.663789	0.078713	
0.270621	0.663693	0.065686	
0.183289	0.714624	0.102087	
0.196364	0.290107	0.513528	
0.277327	0.574828	0.147845	
0.004440	0.448278	0.547283	
0.021993	0.786877	0.191131	
0.001171	0.043584	0.955245	
0.645616	0.259856	0.094528	
0.005480	0.954564	0.039957	
0.111463	0.737763	0.150774	
0.069061	0.774791	0.156148	
0.005546	0.921266	0.073187	
0.029847	0.660063	0.310090	
0.825150	0.159833	0.015017	
0.355201	0.589432	0.055367	
0.003169	0.813988	0.182843	
0.003477	0.068957	0.927566	
0.250264	0.654692	0.095044	
0.004905	0.015359	0.979736	
0.000171	0.050329	0.949500	
0.131116	0.704503	0.164381	
0.020416	0.873986	0.105598	
0.109622	0.784283	0.106095	
0.909967	0.080082	0.009951	
0.366263	0.548314	0.085423	
0.000778	0.604819	0.394403	
0.835867	0.134868	0.029265	
0.010398	0.098738	0.890864	
0.185017	0.784277	0.030706	
0.085441	0.810377	0.104182	
0.009485	0.690951	0.299564	
0.580765	0.315351	0.103884	
0.024370	0.252916	0.722714	
0.374071	0.565808	0.060120	
0.051718	0.881401	0.066881	
0.111409	0.254922	0.633669	
0.002004	0.285504	0.712492	
0.005751	0.835283	0.158966	
0.022301	0.103894	0.873805	
0.137337	0.329635	0.533028	
0.184081	0.629038	0.186882	
0.005082	0.118014	0.876903	
