0.268710	0.576637	0.154652	
0.018680	0.486027	0.495293	
0.134551	0.221808	0.643641	
0.007890	0.603729	0.388381	
0.011401	0.774561	0.214039	
0.012244	0.455029	0.532728	
0.237371	0.507098	0.255531	
0.137605	0.413389	0.449007	
0.058931	0.666087	0.274983	
0.725880	0.224542	0.049578	
0.097354	0.342560	0.560086	
0.010401	0.363531	0.626068	
0.015641	0.663902	0.320457	
0.014953	0.065331	0.919716	
0.009832	0.842285	0.147883	
0.365675	0.405439	0.228886	
0.008998	0.389890	0.601111	
0.008052	0.548953	0.442996	
0.248858	0.496337	0.254805	
0.358020	0.470640	0.171340	
0.017479	0.546625	0.435896	
0.623046	0.286528	0.090426	
0.413579	0.339590	0.246831	
0.003742	0.092293	0.903965	
0.010741	0.239134	0.750125	
0.006466	0.388919	0.604615	
0.012086	0.516822	0.471092	
0.009441	0.691470	0.299089	
0.355973	0.523852	0.120175	
0.589669	0.361954	0.048377	
0.002033	0.028046	0.969921	
0.820828	0.148878	0.030294	
0.545212	0.350050	0.104738	
0.004186	0.045265	0.950549	
0.007708	0.543924	0.448368	
0.501398	0.381857	0.116745	
0.391170	0.490889	0.117941	
0.007502	0.606307	0.386191	
0.366298	0.380889	0.252813	
0.283927	0.516936	0.199138	
0.008836	0.685833	0.305331	
0.528644	0.358482	0.112874	
0.013438	0.579983	0.406579	
0.010676	0.791295	0.198030	
0.833906	0.144661	0.021433	
0.652831	0.266152	0.081017	
0.615236	0.193451	0.191313	
0.318432	0.588166	0.093403	
0.414009	0.535621	0.050371	
0.606223	0.355688	0.038089	
0.607798	0.288634	0.103568	
0.007905	0.329398	0.662697	
0.014008	0.531831	0.454161	
0.015107	0.237784	0.747110	
0.244439	0.698812	0.056749	
0.020872	0.677561	0.301567	
0.013293	0.719599	0.267108	
0.384566	0.504250	0.111184	
0.203176	0.522319	0.274504	
0.490532	0.359683	0.149785	
0.006947	0.065935	0.927118	
0.008270	0.661854	0.329875	
0.000954	0.017103	0.981943	
0.006522	0.685624	0.307854	
0.012344	0.560825	0.426831	
0.008854	0.526951	0.464195	
0.165268	0.453387	0.381344	
0.012403	0.592831	0.394766	
0.028951	0.683808	0.287242	
0.638081	0.288508	0.073411	
0.013387	0.851450	0.135163	
0.009892	0.647091	0.343017	
0.021416	0.602492	0.376091	
0.657077	0.292787	0.050136	
0.643517	0.310192	0.046290	
0.007941	0.610059	0.382000	
0.027586	0.495173	0.477241	
0.034178	0.223827	0.741996	
0.008812	0.289381	0.701808	
0.011109	0.791750	0.197141	
0.012693	0.272674	0.714634	
0.153164	0.521001	0.325835	
0.674234	0.287285	0.038481	
0.008774	0.526344	0.464882	
0.102563	0.590035	0.307402	
0.010928	0.429085	0.559987	
0.313756	0.286658	0.399586	
0.601519	0.349886	0.048594	
0.022553	0.398306	0.579141	
0.028324	0.213050	0.758626	
0.010109	0.490126	0.499765	
0.001764	0.040000	0.958236	
0.143210	0.642030	0.214760	
0.302589	0.501078	0.196334	
0.010560	0.377169	0.612272	
0.006028	0.401233	0.592740	
0.423930	0.391624	0.184446	
0.003943	0.077858	0.918199	
0.019006	0.282359	0.698636	
0.473891	0.389483	0.136626	
0.514094	0.409723	0.076183	
0.007675	0.486852	0.505473	
0.008739	0.126050	0.865211	
0.034860	0.714828	0.250312	
0.150279	0.632603	0.217118	
0.010504	0.473943	0.515553	
0.350748	0.422557	0.226695	
0.004952	0.296758	0.698290	
0.019247	0.203913	0.776840	
0.019127	0.630341	0.350532	
0.368330	0.489163	0.142507	
0.902364	0.085657	0.011979	
0.012468	0.242119	0.745413	
0.002010	0.049718	0.948271	
0.026014	0.661142	0.312843	
0.032139	0.827445	0.140416	
0.007147	0.344076	0.648777	
0.007527	0.207967	0.784506	
0.061469	0.359515	0.579016	
0.057557	0.451399	0.491044	
0.010568	0.221577	0.767855	
0.031730	0.727638	0.240632	
0.074548	0.628631	0.296821	
0.030246	0.689368	0.280386	
0.098896	0.173013	0.728091	
0.017300	0.636556	0.346144	
0.907575	0.086228	0.006197	
0.206547	0.307512	0.485941	
0.007711	0.445694	0.546595	
0.000903	0.019557	0.979539	
0.010185	0.104407	0.885408	
0.010559	0.818805	0.170636	
0.009826	0.406654	0.583520	
0.008557	0.473683	0.517760	
0.010054	0.437508	0.552438	
0.008940	0.172100	0.818960	
0.194558	0.587339	0.218103	
0.004590	0.088785	0.906625	
0.000686	0.030245	0.969069	
0.443230	0.391705	0.165065	
0.017171	0.576810	0.406019	
0.007371	0.372890	0.619739	
0.023581	0.368465	0.607954	
0.024991	0.304352	0.670657	
0.008453	0.463822	0.527725	
0.022586	0.448751	0.528663	
0.018675	0.396598	0.584728	
0.652873	0.287917	0.059210	
0.093294	0.470896	0.435809	
0.794315	0.164308	0.041377	
0.008422	0.186508	0.805070	
0.020132	0.493733	0.486135	
0.008265	0.485756	0.505979	
0.011506	0.685440	0.303054	
0.014768	0.702731	0.282502	
0.201202	0.260395	0.538403	
0.006937	0.379224	0.613839	
0.012972	0.570992	0.416036	
0.008716	0.170845	0.820439	
0.004456	0.096246	0.899298	
0.375943	0.436685	0.187371	
0.005297	0.182413	0.812289	
0.008893	0.511572	0.479535	
0.212265	0.422517	0.365218	
0.007847	0.643926	0.348228	
0.265451	0.454441	0.280109	
0.004292	0.077434	0.918274	
0.003997	0.038112	0.957891	
0.616913	0.316455	0.066632	
0.008727	0.332990	0.658284	
0.028305	0.225531	0.746164	
0.017255	0.652884	0.329861	
0.004977	0.108376	0.886647	
0.134075	0.311220	0.554705	
0.008058	0.273279	0.718663	
0.387903	0.392773	0.219325	
0.008237	0.380715	0.611048	
0.012227	0.304425	0.683348	
0.040301	0.713347	0.246352	
0.008329	0.406858	0.584812	
0.000724	0.008578	0.990698	
0.010846	0.475499	0.513655	
0.118424	0.599573	0.282003	
0.037233	0.649442	0.313325	
0.666728	0.262603	0.070669	
0.125473	0.703127	0.171400	
0.031008	0.807081	0.161911	
0.019245	0.730882	0.249874	
0.010018	0.241814	0.748167	
0.019797	0.312893	0.667310	
0.668439	0.283503	0.048058	
0.018180	0.821234	0.160586	
0.791873	0.196741	0.011386	
0.396629	0.485739	0.117632	
0.148529	0.327369	0.524102	
0.073832	0.617710	0.308458	
0.107232	0.749031	0.143737	
0.053963	0.635222	0.310815	
0.439541	0.530101	0.030358	
0.104549	0.747726	0.147725	
0.051180	0.670562	0.278257	
0.006207	0.742047	0.251746	
0.008492	0.818352	0.173157	
0.107908	0.318066	0.574026	
0.004002	0.079038	0.916959	
0.026066	0.367729	0.606205	
0.001869	0.049605	0.948526	
0.069988	0.837171	0.092840	
0.557630	0.262687	0.179683	
0.566312	0.289983	0.143704	
0.036576	0.778409	0.185015	
0.125896	0.287156	0.586949	
0.064722	0.534852	0.400427	
0.006470	0.134029	0.859501	
0.009229	0.527741	0.463030	
0.031118	0.149607	0.819276	
0.013878	0.400170	0.585951	
0.297366	0.596789	0.105846	
0.083782	0.766858	0.149361	
0.045635	0.706021	0.248343	
0.597620	0.314694	0.087685	
0.012971	0.086931	0.900099	
0.014059	0.084333	0.901609	
0.483342	0.430412	0.086246	
0.010465	0.476157	0.513378	
0.006615	0.113330	0.880055	
0.045958	0.740988	0.213054	
0.072440	0.516322	0.411238	
0.671784	0.306436	0.021781	
0.476688	0.438255	0.085057	
0.034177	0.744270	0.221552	
0.027506	0.620136	0.352358	
0.018998	0.789447	0.191555	
0.125179	0.798843	0.075979	
0.275370	0.596980	0.127651	
0.699540	0.257808	0.042652	
0.030068	0.744560	0.225371	
0.058280	0.754548	0.187173	
0.046623	0.778762	0.174615	
0.133490	0.683450	0.183060	
0.007709	0.095940	0.896352	
0.008047	0.733928	0.258025	
0.024875	0.597407	0.377718	
0.001979	0.035752	0.962269	
0.020522	0.572007	0.407471	
0.012220	0.529775	0.458004	
0.036304	0.251066	0.712630	
0.049691	0.652397	0.297912	
0.231341	0.525583	0.243076	
0.942111	0.052703	0.005186	
0.180376	0.670665	0.148960	
0.011406	0.508229	0.480366	
0.407154	0.370288	0.222558	
0.357534	0.521329	0.121137	
0.004416	0.077924	0.917661	
0.267009	0.346582	0.386409	
0.193301	0.638475	0.168224	
0.112180	0.592575	0.295245	
0.438196	0.410475	0.151329	
0.038151	0.417845	0.544004	
0.072401	0.841004	0.086595	
0.007128	0.144237	0.848635	
0.414564	0.508064	0.077372	
0.006904	0.750620	0.242476	
0.002663	0.058741	0.938597	
0.042698	0.514202	0.443100	
0.025539	0.750400	0.224061	
0.090290	0.567588	0.342122	
0.008540	0.080199	0.911261	
0.370762	0.483364	0.145874	
0.030183	0.756685	0.213132	
0.034110	0.141412	0.824479	
0.173469	0.690153	0.136377	
0.074882	0.775691	0.149427	
0.395359	0.504925	0.099716	
0.007683	0.169638	0.822679	
0.006909	0.147738	0.845353	
0.110770	0.358879	0.530350	
0.764303	0.180918	0.054779	
0.430361	0.435711	0.133927	
0.273519	0.402620	0.323861	
0.030170	0.735193	0.234637	
0.866893	0.118612	0.014495	
0.010921	0.155426	0.833653	
0.362383	0.555781	0.081836	
0.613177	0.193844	0.192979	
0.073031	0.290886	0.636083	
0.201804	0.669976	0.128219	
0.851272	0.127903	0.020825	
0.009910	0.557687	0.432403	
0.175326	0.723633	0.101041	
0.919644	0.075282	0.005075	
0.534044	0.402919	0.063037	
0.000796	0.013557	0.985647	
0.344963	0.513253	0.141784	
0.019835	0.643089	0.337076	
0.031875	0.129823	0.838302	
0.551124	0.315733	0.133143	
0.528925	0.372913	0.098161	
0.075482	0.747105	0.177413	
0.220910	0.652529	0.126561	
0.884022	0.103840	0.012137	
0.053289	0.761149	0.185561	
0.017755	0.069088	0.913157	
0.004659	0.078042	0.917299	
0.010159	0.660792	0.329048	
0.587107	0.283599	0.129293	
0.576284	0.330114	0.093602	
0.042954	0.301629	0.655418	
0.826539	0.149338	0.024123	
0.965421	0.032648	0.001931	
0.689402	0.289576	0.021022	
0.881327	0.105332	0.013341	
0.954624	0.043191	0.002185	
0.323018	0.384019	0.292963	
0.617646	0.335113	0.047241	
0.008597	0.713938	0.277465	
0.702894	0.246471	0.050635	
0.037604	0.699015	0.263381	
0.364546	0.539911	0.095543	
0.016145	0.702164	0.281691	
0.108228	0.626902	0.264871	
0.056604	0.780251	0.163145	
0.043732	0.327197	0.629072	
0.852321	0.129544	0.018135	
0.534959	0.415891	0.049149	
0.656923	0.303703	0.039374	
0.769864	0.210609	0.019527	
0.257072	0.549668	0.193260	
0.780465	0.199106	0.020429	
0.895944	0.091344	0.012713	
0.034708	0.758287	0.207005	
0.890598	0.097937	0.011465	
0.562922	0.393908	0.043170	
0.011168	0.338589	0.650243	
0.721512	0.245958	0.032530	
0.162155	0.678673	0.159172	
0.030995	0.643286	0.325720	
0.878615	0.107628	0.013757	
0.333341	0.437701	0.228958	
0.041712	0.231543	0.726745	
0.050521	0.283992	0.665487	
0.341497	0.546436	0.112067	
0.475294	0.356412	0.168294	
0.338288	0.446318	0.215393	
0.007093	0.619860	0.373047	
0.047581	0.789337	0.163083	
0.581223	0.376597	0.042181	
0.165411	0.262453	0.572136	
0.348375	0.541932	0.109692	
0.127997	0.747793	0.124209	
0.645903	0.293315	0.060782	
0.531659	0.416367	0.051973	
0.558596	0.336716	0.104688	
0.003214	0.070164	0.926623	
0.042153	0.581132	0.376715	
0.081547	0.704281	0.214172	
0.382711	0.276129	0.341160	
0.036077	0.582161	0.381762	
0.257708	0.577420	0.164872	
0.014207	0.301578	0.684215	
0.127523	0.634380	0.238097	
0.009935	0.350382	0.639683	
0.011639	0.381688	0.606674	
0.003797	0.106416	0.889787	
0.444108	0.387019	0.168873	
0.032147	0.555285	0.412567	
0.241050	0.497031	0.261919	
0.009282	0.265122	0.725596	
0.417916	0.466372	0.115711	
0.182558	0.351384	0.466058	
0.006904	0.306517	0.686579	
0.002525	0.052979	0.944496	
0.716027	0.229721	0.054252	
0.007478	0.162743	0.829779	
0.007362	0.073839	0.918799	
0.011163	0.102202	0.886634	
0.471761	0.375633	0.152606	
0.040172	0.274978	0.684850	
0.398385	0.377181	0.224434	
0.408941	0.349095	0.241964	
0.009043	0.294335	0.696622	
0.006795	0.118614	0.874591	
0.000013	0.000563	0.999424	
0.007162	0.093924	0.898914	
0.023759	0.538099	0.438142	
0.027132	0.375914	0.596954	
0.018310	0.174985	0.806705	
0.024352	0.576380	0.399268	
0.001555	0.040819	0.957626	
0.011670	0.345910	0.642420	
0.974655	0.023411	0.001934	
0.425548	0.396350	0.178102	
0.007754	0.596331	0.395915	
0.053764	0.434288	0.511948	
0.856950	0.129521	0.013528	
0.752435	0.205645	0.041920	
0.567602	0.356692	0.075707	
0.010865	0.397945	0.591191	
0.001600	0.018238	0.980162	
0.018789	0.372896	0.608315	
0.004973	0.114554	0.880473	
0.010212	0.335406	0.654382	
0.047620	0.603601	0.348778	
0.667818	0.277256	0.054926	
0.008034	0.195992	0.795975	
0.004932	0.086535	0.908532	
0.000280	0.005915	0.993805	
0.657017	0.255204	0.087779	
0.054808	0.183473	0.761719	
0.010322	0.380620	0.609058	
0.009325	0.579466	0.411209	
0.010623	0.321015	0.668362	
0.011184	0.340901	0.647915	
0.011566	0.284908	0.703525	
0.813959	0.131099	0.054941	
0.032101	0.750937	0.216962	
0.012666	0.290585	0.696749	
0.384021	0.408296	0.207682	
0.016991	0.679900	0.303109	
0.289361	0.452352	0.258287	
0.016487	0.524895	0.458618	
0.009599	0.216221	0.774181	
0.075072	0.340048	0.584880	
0.315695	0.505626	0.178680	
0.003901	0.085718	0.910381	
0.029972	0.851366	0.118662	
0.008239	0.308771	0.682990	
0.008599	0.281959	0.709442	
0.020386	0.471000	0.508614	
0.025302	0.690352	0.284345	
0.013159	0.070629	0.916212	
0.002970	0.037098	0.959932	
0.018266	0.455845	0.525889	
0.008628	0.161536	0.829836	
0.006577	0.566697	0.426726	
0.001640	0.030303	0.968057	
0.015495	0.602428	0.382077	
0.028076	0.605364	0.366560	
0.455932	0.321801	0.222267	
0.529870	0.355188	0.114942	
0.160233	0.340172	0.499596	
0.001222	0.023371	0.975408	
0.038387	0.394582	0.567031	
0.634379	0.289259	0.076362	
0.017525	0.687976	0.294499	
0.008766	0.153547	0.837687	
0.002972	0.052559	0.944469	
0.003400	0.038803	0.957796	
0.003469	0.094273	0.902257	
0.007825	0.268652	0.723523	
0.004379	0.033723	0.961898	
0.008271	0.103708	0.888021	
0.748814	0.222391	0.028795	
0.012664	0.243823	0.743512	
0.005165	0.053995	0.940840	
0.001284	0.016285	0.982431	
0.009896	0.093906	0.896197	
0.008246	0.471945	0.519809	
0.013221	0.594932	0.391847	
0.003167	0.039132	0.957701	
0.797994	0.167784	0.034221	
0.071757	0.714659	0.213584	
0.004119	0.378255	0.617626	
0.009573	0.612647	0.377780	
0.027166	0.427900	0.544934	
0.032945	0.158039	0.809016	
0.067121	0.307688	0.625191	
0.015464	0.378146	0.606391	
0.352088	0.297175	0.350736	
0.005959	0.146392	0.847649	
0.000844	0.016162	0.982994	
0.016072	0.103113	0.880815	
0.209833	0.617808	0.172360	
0.055873	0.560163	0.383965	
0.005839	0.169432	0.824730	
0.016200	0.109018	0.874783	
0.001450	0.018181	0.980369	
0.257226	0.509888	0.232886	
0.001032	0.019692	0.979275	
0.602134	0.277670	0.120197	
0.082854	0.819305	0.097841	
0.137961	0.175439	0.686599	
0.006684	0.371797	0.621519	
0.132558	0.581558	0.285884	
0.011862	0.407235	0.580902	
0.026726	0.330045	0.643229	
0.021338	0.570611	0.408051	
0.037081	0.809689	0.153230	
0.415915	0.497658	0.086427	
0.003761	0.064547	0.931692	
0.026125	0.124089	0.849786	
0.006809	0.049381	0.943810	
0.034319	0.086002	0.879679	
0.016270	0.134325	0.849405	
0.412909	0.387461	0.199630	
0.546643	0.217560	0.235797	
0.011628	0.199563	0.788809	
0.018485	0.767204	0.214311	
0.042573	0.797813	0.159614	
0.017527	0.711198	0.271275	
0.008864	0.600760	0.390376	
0.104705	0.302718	0.592577	
0.022247	0.771718	0.206035	
0.008511	0.629405	0.362083	
0.011907	0.284831	0.703263	
0.017742	0.238214	0.744045	
0.011906	0.716201	0.271893	
0.015218	0.545686	0.439097	
0.011773	0.789725	0.198502	
0.794787	0.178195	0.027018	
0.580558	0.305384	0.114058	
0.009904	0.432363	0.557733	
0.019960	0.579067	0.400974	
0.003210	0.044928	0.951862	
0.041278	0.263809	0.694913	
0.680719	0.246157	0.073125	
0.739400	0.224115	0.036484	
0.007997	0.541998	0.450004	
0.031095	0.545735	0.423171	
0.007191	0.183994	0.808816	
0.004720	0.025173	0.970107	
0.006187	0.469109	0.524705	
0.915890	0.080119	0.003991	
0.721306	0.218561	0.060133	
0.387407	0.284456	0.328136	
0.006727	0.229230	0.764043	
0.254351	0.623912	0.121737	
0.673936	0.267199	0.058865	
0.755514	0.215984	0.028502	
0.954389	0.043445	0.002166	
0.008803	0.586297	0.404900	
0.361350	0.302557	0.336093	
0.006974	0.598429	0.394597	
0.378064	0.343931	0.278005	
0.629265	0.281303	0.089433	
0.825293	0.149566	0.025141	
0.435207	0.421758	0.143035	
0.347467	0.394812	0.257721	
0.016774	0.722213	0.261012	
0.547792	0.323797	0.128411	
0.972786	0.026166	0.001047	
0.171256	0.763992	0.064752	
0.011763	0.229379	0.758857	
0.755528	0.216282	0.028190	
0.011762	0.593331	0.394906	
0.829607	0.153822	0.016571	
0.006921	0.185190	0.807889	
0.900348	0.088961	0.010691	
0.573232	0.347395	0.079373	
0.927381	0.066578	0.006041	
0.611113	0.336168	0.052719	
0.829448	0.152379	0.018174	
0.835320	0.144319	0.020361	
0.757276	0.205374	0.037350	
0.000875	0.021459	0.977666	
0.547502	0.368704	0.083794	
0.005039	0.336789	0.658172	
0.665541	0.288157	0.046303	
0.763201	0.203550	0.033249	
0.732225	0.238053	0.029722	
0.430852	0.512878	0.056269	
0.561828	0.351296	0.086876	
0.978732	0.020782	0.000486	
0.006234	0.623044	0.370722	
0.875355	0.111006	0.013639	
0.006478	0.157388	0.836135	
0.011871	0.682776	0.305352	
0.022644	0.543448	0.433909	
0.007753	0.519174	0.473072	
0.100366	0.438826	0.460808	
0.654279	0.308338	0.037382	
0.477337	0.402268	0.120395	
0.741357	0.223459	0.035184	
0.006438	0.137912	0.855650	
0.000815	0.024186	0.974999	
0.366846	0.310638	0.322517	
0.147767	0.443096	0.409136	
0.046652	0.071217	0.882130	
0.006450	0.655720	0.337830	
0.005425	0.666130	0.328446	
0.217195	0.574435	0.208370	
0.823806	0.160413	0.015781	
0.006561	0.266867	0.726572	
0.114476	0.471276	0.414249	
0.572682	0.368731	0.058587	
0.813535	0.159008	0.027457	
0.519446	0.327706	0.152848	
0.027848	0.555562	0.416589	
0.004798	0.080122	0.915080	
0.813557	0.169170	0.017273	
0.891702	0.102872	0.005426	
0.403451	0.512984	0.083565	
0.940548	0.054616	0.004837	
0.108815	0.628305	0.262880	
0.442022	0.429349	0.128628	
0.008027	0.415537	0.576436	
0.496138	0.323432	0.180430	
0.801292	0.168631	0.030077	
0.020581	0.643996	0.335423	
0.600550	0.281310	0.118140	
0.010063	0.425039	0.564897	
0.505250	0.356500	0.138250	
0.010465	0.433073	0.556462	
0.290778	0.591954	0.117269	
0.820343	0.161969	0.017688	
0.026365	0.158809	0.814826	
0.526156	0.254310	0.219533	
0.005020	0.082330	0.912651	
0.006979	0.615936	0.377085	
0.000023	0.000728	0.999250	
0.000034	0.001392	0.998575	
0.001349	0.034292	0.964359	
0.004852	0.074019	0.921129	
0.008213	0.345755	0.646033	
0.085571	0.550036	0.364392	
0.003324	0.074909	0.921767	
0.008718	0.070064	0.921218	
0.000082	0.003017	0.996901	
0.003089	0.057092	0.939818	
0.013159	0.181415	0.805426	
0.000219	0.004698	0.995082	
0.158044	0.387948	0.454008	
0.005604	0.100776	0.893620	
0.000808	0.020277	0.978915	
0.684912	0.272465	0.042623	
0.001566	0.033697	0.964738	
0.021307	0.262614	0.716079	
0.000886	0.026397	0.972717	
0.003708	0.077609	0.918683	
0.000100	0.003867	0.996033	
0.003792	0.101393	0.894816	
0.000060	0.001813	0.998127	
0.000183	0.005366	0.994451	
0.028670	0.190027	0.781303	
0.068811	0.315353	0.615836	
0.002116	0.043958	0.953926	
0.007321	0.160429	0.832250	
0.000086	0.002247	0.997667	
0.000793	0.015853	0.983354	
0.918724	0.073507	0.007768	
0.000160	0.004323	0.995516	
0.291257	0.256888	0.451855	
0.021006	0.418986	0.560008	
0.003791	0.024731	0.971478	
0.393404	0.359065	0.247531	
0.278910	0.259380	0.461710	
0.010770	0.225133	0.764097	
0.004855	0.120050	0.875095	
0.000458	0.009461	0.990081	
0.000020	0.000818	0.999162	
0.001673	0.049066	0.949261	
0.421630	0.350720	0.227650	
0.883094	0.087087	0.029820	
0.004667	0.181506	0.813826	
0.001301	0.039858	0.958841	
0.002846	0.055761	0.941393	
0.009864	0.219482	0.770654	
0.000432	0.010403	0.989165	
0.080158	0.056369	0.863473	
0.000380	0.011526	0.988094	
0.007297	0.232584	0.760119	
0.001649	0.025009	0.973343	
0.004157	0.109840	0.886003	
0.007826	0.068531	0.923644	
0.207083	0.382365	0.410553	
0.000107	0.002923	0.996970	
0.004363	0.038446	0.957191	
0.000344	0.010887	0.988769	
0.004017	0.080711	0.915272	
0.000046	0.001262	0.998692	
0.000103	0.002672	0.997226	
0.001223	0.032339	0.966438	
0.004220	0.121882	0.873898	
0.000818	0.036243	0.962940	
0.246111	0.284668	0.469220	
0.008509	0.146141	0.845350	
0.203022	0.358608	0.438370	
0.001291	0.013866	0.984843	
0.000528	0.014184	0.985289	
0.000044	0.001599	0.998357	
0.015300	0.481914	0.502786	
0.003036	0.081809	0.915155	
0.001424	0.033067	0.965509	
0.000330	0.007335	0.992335	
0.002954	0.061219	0.935827	
0.019161	0.437304	0.543534	
0.011039	0.257830	0.731131	
0.011000	0.280833	0.708167	
0.000187	0.004969	0.994844	
0.121188	0.536838	0.341975	
0.681078	0.269539	0.049383	
0.004012	0.595285	0.400703	
0.752232	0.222165	0.025602	
0.543657	0.303243	0.153100	
0.732951	0.177417	0.089632	
0.001825	0.021637	0.976539	
0.014563	0.275140	0.710297	
0.003694	0.078606	0.917699	
0.007757	0.768158	0.224085	
0.003609	0.062587	0.933804	
0.180358	0.760481	0.059162	
0.161454	0.729887	0.108659	
0.292976	0.528667	0.178357	
0.579469	0.373072	0.047459	
0.014001	0.547028	0.438971	
0.023903	0.877549	0.098547	
0.541334	0.377077	0.081589	
0.008913	0.628311	0.362776	
0.014996	0.209383	0.775621	
0.011935	0.800048	0.188018	
0.023867	0.141563	0.834570	
0.005922	0.298479	0.695600	
0.042813	0.721608	0.235578	
0.030930	0.476722	0.492348	
0.025640	0.550706	0.423654	
0.007583	0.720724	0.271693	
0.011835	0.099203	0.888962	
0.020743	0.626772	0.352485	
0.010690	0.694220	0.295090	
0.018462	0.493961	0.487576	
0.472332	0.359050	0.168618	
0.009007	0.621574	0.369419	
0.325315	0.404761	0.269924	
0.007720	0.085874	0.906406	
0.587331	0.363462	0.049207	
0.021911	0.281055	0.697035	
0.034910	0.516917	0.448173	
0.159118	0.678859	0.162023	
0.397312	0.407762	0.194925	
0.010858	0.268738	0.720404	
0.002463	0.031112	0.966424	
0.015776	0.158558	0.825665	
0.871239	0.120768	0.007993	
0.214892	0.277774	0.507334	
0.741196	0.238069	0.020735	
0.771619	0.214406	0.013975	
0.630003	0.307762	0.062235	
0.072520	0.836799	0.090682	
0.284818	0.640470	0.074712	
0.355913	0.501045	0.143042	
0.925112	0.069418	0.005470	
0.763488	0.200835	0.035677	
0.024754	0.311519	0.663727	
0.007635	0.116481	0.875884	
0.188599	0.670914	0.140487	
0.008685	0.755903	0.235412	
0.006589	0.466922	0.526489	
0.066045	0.595132	0.338823	
0.009282	0.302504	0.688214	
0.010356	0.244293	0.745351	
0.431642	0.520101	0.048258	
0.012767	0.513620	0.473613	
0.597588	0.364085	0.038327	
0.451152	0.259747	0.289101	
0.026116	0.207031	0.766853	
0.012590	0.217151	0.770259	
0.564421	0.380965	0.054615	
0.601847	0.340715	0.057437	
0.015232	0.550180	0.434588	
0.165185	0.777216	0.057599	
0.599416	0.218860	0.181724	
0.564597	0.368984	0.066420	
0.660619	0.260941	0.078440	
0.134241	0.639386	0.226373	
0.666891	0.295068	0.038040	
0.039387	0.752926	0.207688	
0.132861	0.190144	0.676995	
0.361860	0.326413	0.311727	
0.534789	0.415073	0.050138	
0.017456	0.626660	0.355884	
0.009436	0.549005	0.441559	
0.725262	0.245251	0.029487	
0.487663	0.488448	0.023889	
0.015023	0.292434	0.692543	
0.018927	0.652494	0.328579	
0.018108	0.509277	0.472614	
0.019552	0.462861	0.517587	
0.199241	0.275514	0.525245	
0.378480	0.390827	0.230692	
0.451062	0.498960	0.049978	
0.599856	0.196665	0.203479	
0.034625	0.667076	0.298299	
0.004049	0.067476	0.928476	
0.751207	0.215011	0.033782	
0.005536	0.090979	0.903484	
0.088042	0.787176	0.124783	
0.842796	0.140694	0.016510	
0.235411	0.698221	0.066367	
0.093715	0.818016	0.088269	
0.073961	0.844201	0.081838	
0.007761	0.523610	0.468630	
0.135949	0.746564	0.117487	
0.499458	0.387199	0.113343	
0.398435	0.189497	0.412068	
0.006045	0.117761	0.876194	
0.299338	0.428259	0.272403	
0.154625	0.728879	0.116496	
0.301894	0.316850	0.381256	
0.222338	0.648403	0.129259	
0.780770	0.208693	0.010537	
0.027715	0.242453	0.729832	
0.013057	0.653378	0.333565	
0.009216	0.320500	0.670283	
0.180742	0.574007	0.245251	
0.696321	0.247351	0.056327	
0.363955	0.268915	0.367130	
0.397632	0.529941	0.072427	
0.492082	0.462179	0.045740	
0.013976	0.315550	0.670474	
0.303541	0.405404	0.291055	
0.011697	0.227129	0.761174	
0.043439	0.882865	0.073696	
0.421744	0.501951	0.076305	
0.084937	0.697518	0.217545	
0.015731	0.192665	0.791604	
0.004488	0.068841	0.926671	
0.115192	0.257815	0.626992	
0.069582	0.735377	0.195041	
0.768583	0.216787	0.014630	
0.028321	0.353519	0.618160	
0.852623	0.124289	0.023088	
0.014018	0.772840	0.213142	
0.007739	0.131126	0.861136	
0.001930	0.020022	0.978047	
0.378390	0.377682	0.243929	
0.037374	0.591282	0.371344	
0.426400	0.339165	0.234435	
0.538480	0.419195	0.042325	
0.000873	0.010647	0.988479	
0.239601	0.348565	0.411834	
0.014568	0.252252	0.733180	
0.450393	0.455508	0.094100	
0.306556	0.259356	0.434089	
0.631177	0.268758	0.100065	
0.186327	0.726575	0.087099	
0.016547	0.872079	0.111374	
0.187295	0.515415	0.297290	
0.517274	0.294047	0.188679	
0.279205	0.480676	0.240119	
0.785439	0.193795	0.020766	
0.022108	0.812020	0.165872	
0.494061	0.451628	0.054311	
0.197557	0.401227	0.401216	
0.708254	0.234662	0.057085	
0.193129	0.175911	0.630960	
0.030032	0.694424	0.275544	
0.779502	0.196587	0.023912	
0.710530	0.232786	0.056685	
0.693427	0.254013	0.052560	
0.512750	0.444773	0.042477	
0.054027	0.202166	0.743807	
0.457567	0.484833	0.057600	
0.437592	0.477146	0.085262	
0.084529	0.112784	0.802686	
0.043225	0.119099	0.837676	
0.000739	0.021404	0.977857	
0.000480	0.006370	0.993151	
0.007723	0.428801	0.563476	
0.023900	0.168482	0.807618	
0.102619	0.657785	0.239595	
0.130033	0.606472	0.263496	
0.736484	0.226528	0.036988	
0.211878	0.598033	0.190089	
0.009960	0.125652	0.864388	
0.009435	0.580375	0.410190	
0.102682	0.767797	0.129520	
0.008860	0.438102	0.553037	
0.083318	0.374198	0.542484	
0.076829	0.437851	0.485320	
0.706985	0.261572	0.031443	
0.004132	0.194011	0.801856	
0.032768	0.480025	0.487207	
0.007940	0.742728	0.249332	
0.009232	0.106108	0.884660	
0.764929	0.212149	0.022922	
0.006660	0.551242	0.442098	
0.016524	0.073588	0.909888	
0.055417	0.400480	0.544104	
0.005326	0.054403	0.940271	
0.028981	0.694817	0.276201	
0.007514	0.276977	0.715509	
0.246291	0.563980	0.189728	
0.005596	0.804231	0.190172	
0.517033	0.327587	0.155380	
0.081601	0.836567	0.081833	
0.402925	0.525458	0.071617	
0.020518	0.208134	0.771347	
0.749923	0.227285	0.022792	
0.370746	0.593680	0.035574	
0.951322	0.046109	0.002569	
0.666005	0.312744	0.021251	
0.712407	0.253153	0.034440	
0.764283	0.201767	0.033950	
0.768502	0.217873	0.013625	
0.875236	0.110663	0.014101	
0.187331	0.708305	0.104364	
0.496489	0.413083	0.090428	
0.808112	0.150289	0.041599	
0.621243	0.307570	0.071187	
0.690069	0.282173	0.027759	
0.174114	0.126665	0.699221	
0.625102	0.331362	0.043537	
0.677381	0.264405	0.058215	
0.438357	0.493686	0.067957	
0.471496	0.417738	0.110766	
0.759968	0.213600	0.026432	
0.119707	0.747147	0.133146	
0.810271	0.178758	0.010971	
0.874331	0.112863	0.012806	
0.616652	0.342921	0.040427	
0.012766	0.084416	0.902818	
0.615050	0.332487	0.052463	
0.183809	0.739978	0.076212	
0.643041	0.326202	0.030757	
0.524630	0.423458	0.051912	
0.900943	0.091148	0.007909	
0.032158	0.817374	0.150468	
0.616880	0.336560	0.046560	
0.698600	0.276121	0.025278	
0.152091	0.729722	0.118187	
0.744212	0.214448	0.041340	
0.695511	0.290011	0.014479	
0.718533	0.237378	0.044089	
0.978748	0.018670	0.002582	
0.628084	0.335652	0.036264	
0.840211	0.137210	0.022579	
0.805118	0.182423	0.012459	
0.125371	0.710091	0.164538	
0.930332	0.065718	0.003950	
0.798505	0.181957	0.019538	
0.664858	0.282079	0.053062	
0.582333	0.385858	0.031808	
0.562142	0.352089	0.085768	
0.534735	0.388167	0.077098	
0.886163	0.108694	0.005143	
0.688517	0.275496	0.035987	
0.568072	0.396913	0.035015	
0.391647	0.517582	0.090770	
0.300919	0.567579	0.131502	
0.917990	0.077255	0.004755	
0.718014	0.258319	0.023667	
0.011547	0.128851	0.859602	
0.618766	0.268177	0.113057	
0.757612	0.206390	0.035998	
0.699891	0.259708	0.040401	
0.511698	0.428371	0.059932	
0.813386	0.171174	0.015440	
0.028693	0.730767	0.240540	
0.440569	0.501433	0.057998	
0.480250	0.470033	0.049717	
0.161239	0.702388	0.136373	
0.565268	0.408892	0.025840	
0.011458	0.368312	0.620229	
0.504190	0.412661	0.083149	
0.847114	0.131000	0.021885	
0.958840	0.039588	0.001573	
0.968977	0.029826	0.001196	
0.385245	0.551993	0.062761	
0.490471	0.453811	0.055718	
0.497199	0.384377	0.118424	
0.677127	0.276877	0.045996	
0.843236	0.147678	0.009085	
0.785177	0.194643	0.020181	
0.007037	0.054043	0.938920	
0.762147	0.194954	0.042899	
0.667219	0.306187	0.026593	
0.662079	0.290660	0.047261	
0.361931	0.598221	0.039848	
0.130969	0.728838	0.140193	
0.943070	0.054320	0.002609	
0.703269	0.245632	0.051100	
0.593653	0.329016	0.077331	
0.433382	0.520833	0.045786	
0.612826	0.315144	0.072030	
0.737969	0.242334	0.019698	
0.605919	0.300049	0.094032	
0.123489	0.780928	0.095583	
0.663881	0.309528	0.026591	
0.136634	0.598019	0.265348	
0.661924	0.316675	0.021401	
0.009581	0.102242	0.888177	
0.867322	0.118763	0.013915	
0.714460	0.252414	0.033126	
0.645075	0.321017	0.033908	
0.312945	0.575319	0.111736	
0.675226	0.276407	0.048368	
0.702156	0.252413	0.045431	
0.457888	0.470804	0.071308	
0.789820	0.194157	0.016023	
0.636534	0.332365	0.031101	
0.200599	0.730810	0.068592	
0.003520	0.073413	0.923067	
0.113491	0.740271	0.146237	
0.264530	0.431092	0.304378	
0.006286	0.060957	0.932757	
0.309929	0.642465	0.047606	
0.416408	0.452359	0.131232	
0.310383	0.574633	0.114984	
0.008022	0.162093	0.829885	
0.692689	0.281886	0.025425	
0.045387	0.194369	0.760244	
0.397180	0.504671	0.098149	
0.092121	0.106056	0.801823	
0.587855	0.347598	0.064548	
0.712951	0.235922	0.051127	
0.909425	0.085646	0.004929	
0.443846	0.490998	0.065156	
0.515332	0.338209	0.146459	
0.006862	0.140910	0.852228	
0.690304	0.267871	0.041825	
0.014899	0.623165	0.361937	
0.781631	0.197308	0.021062	
0.129665	0.464614	0.405721	
0.033529	0.299009	0.667462	
0.026230	0.765975	0.207795	
0.452825	0.430612	0.116562	
0.000965	0.015923	0.983112	
0.830527	0.159708	0.009765	
0.196549	0.721972	0.081478	
0.608625	0.371426	0.019950	
0.971280	0.027653	0.001068	
0.824905	0.154287	0.020808	
0.192387	0.691080	0.116533	
0.022988	0.211983	0.765029	
0.003764	0.060734	0.935503	
0.021662	0.279520	0.698818	
0.491872	0.359543	0.148585	
0.955491	0.042104	0.002405	
0.686341	0.282067	0.031592	
0.252462	0.561795	0.185743	
0.012804	0.134858	0.852338	
0.380957	0.557420	0.061624	
0.634103	0.239153	0.126744	
0.698892	0.282499	0.018609	
0.727999	0.229411	0.042590	
0.783614	0.189877	0.026509	
0.564605	0.350898	0.084497	
0.398537	0.295483	0.305980	
0.015473	0.246354	0.738174	
0.497396	0.225955	0.276649	
0.077584	0.222447	0.699969	
0.662052	0.245482	0.092466	
0.294550	0.674248	0.031202	
0.340257	0.433661	0.226082	
0.875773	0.117928	0.006299	
0.729693	0.246664	0.023643	
0.158320	0.698463	0.143217	
0.188869	0.707263	0.103868	
0.662509	0.283670	0.053821	
0.333628	0.476830	0.189541	
0.890465	0.103721	0.005814	
0.272849	0.603760	0.123390	
0.060416	0.374690	0.564894	
0.635018	0.283530	0.081452	
0.305977	0.606912	0.087111	
0.099177	0.289457	0.611367	
0.269485	0.626848	0.103668	
0.814210	0.173893	0.011898	
0.406969	0.481329	0.111702	
0.878844	0.112377	0.008779	
0.490268	0.403885	0.105846	
0.160109	0.238862	0.601029	
0.482906	0.411399	0.105695	
0.444329	0.379265	0.176406	
0.603018	0.375351	0.021631	
0.370800	0.435780	0.193420	
0.691185	0.249318	0.059498	
0.453996	0.358214	0.187790	
0.155646	0.774544	0.069810	
0.096409	0.721159	0.182431	
0.072713	0.846763	0.080523	
0.303879	0.648693	0.047428	
0.161900	0.696238	0.141862	
0.111600	0.607336	0.281064	
0.838397	0.139124	0.022479	
0.129100	0.432368	0.438531	
0.397349	0.379931	0.222720	
0.840186	0.153334	0.006479	
0.445955	0.402604	0.151441	
0.063593	0.836233	0.100174	
0.476173	0.474023	0.049804	
0.567453	0.398802	0.033745	
0.343936	0.580265	0.075799	
0.132014	0.292199	0.575787	
0.494799	0.427281	0.077920	
0.076006	0.767851	0.156143	
0.360133	0.457372	0.182495	
0.078837	0.832840	0.088323	
0.313350	0.576153	0.110497	
0.007235	0.665875	0.326890	
0.666269	0.270562	0.063168	
0.272150	0.393886	0.333965	
0.320382	0.664692	0.014926	
0.027034	0.854742	0.118225	
0.469678	0.450484	0.079839	
0.015309	0.667986	0.316705	
0.045505	0.842647	0.111849	
0.046355	0.834236	0.119409	
0.082624	0.829333	0.088043	
0.093812	0.803840	0.102349	
0.797532	0.182366	0.020102	
0.984407	0.014799	0.000793	
0.159932	0.772884	0.067184	
0.876431	0.113375	0.010194	
0.187178	0.728283	0.084539	
0.075159	0.795745	0.129096	
0.563628	0.353165	0.083207	
0.849746	0.142673	0.007581	
0.589433	0.384784	0.025783	
0.337443	0.547600	0.114958	
0.355214	0.572565	0.072222	
0.182955	0.665595	0.151450	
0.843955	0.132900	0.023145	
0.826595	0.159063	0.014342	
0.128592	0.729628	0.141780	
0.250256	0.688421	0.061323	
0.757382	0.199312	0.043305	
0.465863	0.430343	0.103794	
0.738701	0.228212	0.033087	
0.473295	0.493067	0.033638	
0.081694	0.828962	0.089344	
0.076531	0.759682	0.163787	
0.160869	0.749720	0.089411	
0.280857	0.537396	0.181747	
0.486001	0.458744	0.055254	
0.318228	0.587966	0.093806	
0.709555	0.275044	0.015401	
0.058675	0.716883	0.224442	
0.295398	0.372091	0.332511	
0.032934	0.888144	0.078921	
0.230811	0.669581	0.099608	
0.299408	0.626031	0.074561	
0.115266	0.838545	0.046189	
0.046814	0.784391	0.168794	
0.557621	0.388578	0.053801	
0.010559	0.708595	0.280846	
0.417240	0.492037	0.090724	
0.045449	0.742121	0.212430	
0.633924	0.336462	0.029614	
0.531976	0.417241	0.050783	
0.200274	0.560480	0.239246	
0.603279	0.353905	0.042815	
0.014756	0.224325	0.760919	
0.679635	0.292917	0.027448	
0.734832	0.243998	0.021170	
0.162301	0.743239	0.094460	
0.242434	0.624971	0.132595	
0.445569	0.492855	0.061576	
0.805591	0.183288	0.011121	
0.429663	0.491419	0.078918	
0.479329	0.439652	0.081019	
0.010123	0.280410	0.709467	
0.533707	0.383363	0.082931	
0.248801	0.700825	0.050374	
0.677740	0.289516	0.032744	
0.035131	0.677937	0.286932	
0.071782	0.844315	0.083903	
0.060205	0.797725	0.142070	
0.572258	0.304839	0.122903	
0.322324	0.573764	0.103912	
0.129741	0.731719	0.138540	
0.429652	0.519800	0.050547	
0.260167	0.310766	0.429067	
0.496120	0.457353	0.046527	
0.267267	0.604899	0.127834	
0.011978	0.512473	0.475549	
0.626709	0.335256	0.038035	
0.515621	0.437865	0.046514	
0.512055	0.450657	0.037287	
0.472819	0.428944	0.098237	
0.293236	0.500569	0.206196	
0.388791	0.343892	0.267317	
0.223694	0.660279	0.116027	
0.020815	0.780159	0.199026	
0.591188	0.348777	0.060036	
0.032032	0.747019	0.220949	
0.569041	0.405097	0.025862	
0.402468	0.507757	0.089775	
0.926602	0.069556	0.003842	
0.282009	0.673276	0.044715	
0.380801	0.539159	0.080040	
0.628190	0.288162	0.083649	
0.551155	0.420293	0.028553	
0.176800	0.633542	0.189658	
0.563938	0.313535	0.122527	
0.602624	0.342785	0.054591	
0.794644	0.185702	0.019654	
0.129841	0.727603	0.142556	
0.013916	0.128612	0.857472	
0.001785	0.046410	0.951805	
0.131918	0.283459	0.584623	
0.539436	0.427174	0.033390	
0.825107	0.166588	0.008305	
0.089356	0.804787	0.105858	
0.900072	0.091722	0.008206	
0.379836	0.509350	0.110814	
0.763640	0.223456	0.012904	
0.775302	0.207330	0.017368	
0.730265	0.250938	0.018797	
0.031678	0.585095	0.383227	
0.070203	0.300490	0.629307	
0.208866	0.582754	0.208380	
0.167768	0.767997	0.064235	
0.473496	0.448785	0.077719	
0.919132	0.076869	0.003999	
0.370746	0.593680	0.035574	
0.970232	0.028340	0.001427	
0.032092	0.845202	0.122705	
0.271367	0.596263	0.132370	
0.744072	0.236456	0.019472	
0.488241	0.413618	0.098141	
0.527370	0.429961	0.042670	
0.840599	0.150635	0.008766	
0.471496	0.417738	0.110766	
0.444627	0.477885	0.077488	
0.457308	0.455568	0.087124	
0.267531	0.310761	0.421709	
0.490715	0.451193	0.058092	
0.874515	0.117431	0.008054	
0.380805	0.547141	0.072054	
0.803026	0.179667	0.017308	
0.052592	0.775762	0.171646	
0.870718	0.116948	0.012334	
0.757469	0.221370	0.021161	
0.415209	0.519205	0.065586	
0.570687	0.345978	0.083336	
0.359881	0.587729	0.052390	
0.909242	0.085156	0.005602	
0.437865	0.453831	0.108304	
0.466874	0.506547	0.026579	
0.545753	0.385361	0.068886	
0.127906	0.784837	0.087257	
0.956880	0.040568	0.002552	
0.433896	0.468421	0.097682	
0.076603	0.819688	0.103709	
0.688338	0.276696	0.034966	
0.222675	0.227620	0.549704	
0.715091	0.265660	0.019248	
0.812204	0.151770	0.036026	
0.243975	0.654509	0.101516	
0.261091	0.647450	0.091459	
0.886594	0.098357	0.015048	
0.126060	0.465733	0.408207	
0.506537	0.471617	0.021846	
0.554294	0.396842	0.048864	
0.631508	0.329886	0.038606	
0.013019	0.242455	0.744526	
0.115925	0.401071	0.483004	
0.361569	0.543156	0.095275	
0.002062	0.050481	0.947457	
0.398642	0.509749	0.091609	
0.000090	0.001021	0.998889	
0.042567	0.796782	0.160651	
0.022773	0.618274	0.358953	
0.007973	0.149685	0.842342	
0.508830	0.298031	0.193139	
0.005036	0.119808	0.875156	
0.750507	0.208716	0.040777	
0.467184	0.334450	0.198366	
0.061916	0.660065	0.278019	
0.008545	0.092764	0.898691	
0.002780	0.061445	0.935774	
0.009704	0.677074	0.313222	
0.047938	0.712933	0.239129	
0.688366	0.210400	0.101234	
0.006784	0.586404	0.406812	
0.597101	0.343082	0.059817	
0.010169	0.616250	0.373581	
0.036558	0.142387	0.821055	
0.042565	0.720289	0.237146	
0.012771	0.154061	0.833167	
0.008248	0.137143	0.854609	
0.006383	0.098090	0.895526	
0.021521	0.131807	0.846672	
0.014162	0.250576	0.735262	
0.511186	0.326095	0.162719	
0.665590	0.268907	0.065504	
0.310466	0.317274	0.372260	
0.007728	0.706976	0.285295	
0.006954	0.082488	0.910558	
0.002843	0.033073	0.964085	
0.023000	0.276791	0.700209	
0.188975	0.639883	0.171142	
0.009822	0.659510	0.330667	
0.230206	0.333833	0.435961	
0.032145	0.540004	0.427851	
0.040689	0.530989	0.428323	
0.010983	0.564581	0.424436	
0.617561	0.325268	0.057171	
0.013098	0.382316	0.604586	
0.009328	0.323828	0.666845	
0.009032	0.504309	0.486659	
0.005167	0.156994	0.837840	
0.414047	0.400499	0.185454	
0.056764	0.492647	0.450589	
0.258847	0.544165	0.196988	
0.001104	0.014225	0.984670	
0.604414	0.336927	0.058659	
0.503758	0.411362	0.084879	
0.009282	0.577188	0.413530	
0.587035	0.357967	0.054998	
0.176912	0.500679	0.322409	
0.009972	0.199305	0.790723	
0.263967	0.483682	0.252351	
0.016830	0.106581	0.876589	
0.033033	0.786919	0.180049	
0.537530	0.335815	0.126655	
0.001039	0.020817	0.978144	
0.013327	0.253567	0.733105	
0.015630	0.187705	0.796664	
0.008066	0.148507	0.843427	
0.008988	0.507111	0.483901	
0.008664	0.361432	0.629904	
0.828262	0.153114	0.018623	
0.012903	0.231135	0.755962	
0.453366	0.368246	0.178389	
0.421947	0.367416	0.210637	
0.057252	0.709272	0.233476	
0.036949	0.577414	0.385637	
0.822114	0.142907	0.034980	
0.062659	0.664046	0.273296	
0.060026	0.801960	0.138014	
0.239380	0.673462	0.087158	
0.819547	0.158915	0.021538	
0.013395	0.702770	0.283835	
0.442701	0.355736	0.201563	
0.439658	0.400307	0.160035	
0.071603	0.787060	0.141337	
0.012962	0.426213	0.560825	
0.071933	0.653952	0.274115	
0.518800	0.275645	0.205555	
0.009235	0.062428	0.928338	
0.846014	0.132208	0.021778	
0.006780	0.306846	0.686374	
0.034418	0.605216	0.360366	
0.072711	0.461856	0.465433	
0.580851	0.377764	0.041384	
0.037021	0.538492	0.424487	
0.392627	0.538024	0.069350	
0.011678	0.476708	0.511614	
0.105091	0.511376	0.383532	
0.941815	0.052063	0.006122	
0.516445	0.340110	0.143445	
0.089586	0.754397	0.156017	
0.482375	0.339000	0.178625	
0.004919	0.114051	0.881029	
0.010316	0.130512	0.859173	
0.018377	0.362147	0.619476	
0.188471	0.345661	0.465868	
0.001584	0.010403	0.988014	
0.006110	0.742019	0.251872	
0.080516	0.723337	0.196147	
0.008314	0.097707	0.893979	
0.013905	0.564035	0.422060	
0.591877	0.329015	0.079108	
0.629361	0.319790	0.050849	
0.140709	0.720050	0.139241	
0.009586	0.563342	0.427072	
0.797683	0.179817	0.022500	
0.429311	0.415778	0.154911	
0.020232	0.574752	0.405015	
0.008930	0.594315	0.396755	
0.001425	0.022996	0.975580	
0.008081	0.166189	0.825730	
0.015360	0.491023	0.493617	
0.016143	0.797027	0.186831	
0.000479	0.011712	0.987809	
0.161000	0.385372	0.453627	
0.634209	0.287044	0.078747	
0.325414	0.559770	0.114816	
0.056226	0.784132	0.159642	
0.810688	0.166199	0.023113	
0.003437	0.120611	0.875952	
0.126510	0.654626	0.218864	
0.002657	0.065347	0.931996	
0.514533	0.339093	0.146374	
0.065374	0.162700	0.771926	
0.027840	0.431635	0.540526	
0.020752	0.568430	0.410817	
0.008604	0.105054	0.886342	
0.020334	0.118447	0.861219	
0.451616	0.515792	0.032592	
0.296671	0.573138	0.130191	
0.030629	0.730585	0.238786	
0.526777	0.318277	0.154946	
0.010400	0.521493	0.468107	
0.495447	0.378748	0.125805	
0.026811	0.377211	0.595978	
0.000248	0.006508	0.993244	
0.029370	0.715546	0.255084	
0.244983	0.447731	0.307287	
0.001070	0.028343	0.970588	
0.093815	0.708516	0.197670	
0.013122	0.313702	0.673176	
0.053252	0.753048	0.193700	
0.021929	0.353170	0.624901	
0.008478	0.087223	0.904299	
0.008941	0.574830	0.416229	
0.808636	0.180285	0.011079	
0.018207	0.130996	0.850797	
0.066982	0.726998	0.206020	
0.020155	0.467798	0.512046	
0.678898	0.270530	0.050572	
0.014242	0.050056	0.935702	
0.090587	0.758995	0.150418	
0.002818	0.040694	0.956488	
0.007683	0.191090	0.801227	
0.222946	0.575016	0.202039	
0.565548	0.243824	0.190628	
0.048302	0.193581	0.758117	
0.103132	0.112978	0.783889	
0.423844	0.273173	0.302983	
0.632840	0.222004	0.145156	
0.002745	0.018696	0.978559	
0.231251	0.318169	0.450581	
0.006794	0.143746	0.849460	
0.050326	0.594636	0.355038	
0.008004	0.064266	0.927731	
0.844790	0.143301	0.011909	
0.011057	0.643407	0.345536	
0.160812	0.246236	0.592952	
0.009552	0.153967	0.836481	
0.027141	0.352876	0.619983	
0.468892	0.341339	0.189770	
0.010570	0.498247	0.491183	
0.146895	0.370715	0.482389	
0.168696	0.290669	0.540635	
