0.012410	0.273435	0.714155	
0.796901	0.180893	0.022207	
0.876656	0.096759	0.026585	
0.909177	0.086484	0.004340	
0.184011	0.422125	0.393865	
0.184011	0.422125	0.393865	
0.016446	0.163347	0.820206	
0.788476	0.190150	0.021374	
0.254757	0.340883	0.404360	
0.657294	0.294141	0.048565	
0.261261	0.507131	0.231608	
0.017402	0.847013	0.135585	
0.011526	0.162257	0.826217	
0.184011	0.422125	0.393865	
0.011774	0.774523	0.213703	
0.012107	0.144926	0.842967	
0.058641	0.682505	0.258854	
0.440654	0.529008	0.030337	
0.184011	0.422125	0.393865	
0.184011	0.422125	0.393865	
0.000340	0.009381	0.990279	
0.112822	0.365283	0.521895	
0.022040	0.309001	0.668960	
0.807454	0.171183	0.021363	
0.184011	0.422125	0.393865	
0.923343	0.074323	0.002334	
0.006723	0.670927	0.322350	
0.184011	0.422125	0.393865	
0.105510	0.729310	0.165180	
0.361286	0.370956	0.267759	
0.145760	0.321719	0.532521	
0.001773	0.032355	0.965871	
0.003137	0.038446	0.958418	
0.011857	0.200449	0.787695	
0.006397	0.846992	0.146610	
0.010930	0.193995	0.795075	
0.761411	0.215697	0.022892	
0.608991	0.347542	0.043467	
0.184011	0.422125	0.393865	
0.184011	0.422125	0.393865	
0.184011	0.422125	0.393865	
0.220353	0.694795	0.084852	
0.188110	0.710312	0.101577	
0.690065	0.279828	0.030107	
0.008607	0.784659	0.206734	
0.184011	0.422125	0.393865	
0.004173	0.050560	0.945267	
0.013568	0.096091	0.890341	
0.009326	0.466712	0.523962	
0.006576	0.068201	0.925223	
0.184011	0.422125	0.393865	
0.080591	0.840548	0.078861	
0.037327	0.753957	0.208715	
0.008959	0.140460	0.850581	
0.036614	0.873384	0.090002	
0.184011	0.422125	0.393865	
0.184011	0.422125	0.393865	
0.184011	0.422125	0.393865	
0.008096	0.600028	0.391876	
0.323901	0.556315	0.119785	
0.290877	0.613489	0.095633	
0.680897	0.273811	0.045292	
0.007024	0.132678	0.860298	
0.090203	0.194253	0.715544	
0.184011	0.422125	0.393865	
0.013950	0.612544	0.373506	
0.968448	0.030094	0.001458	
0.184011	0.422125	0.393865	
0.280707	0.612578	0.106715	
0.004576	0.072106	0.923318	
0.945279	0.051327	0.003394	
0.537004	0.318078	0.144918	
0.009335	0.528338	0.462327	
0.025398	0.736553	0.238048	
0.184011	0.422125	0.393865	
0.184011	0.422125	0.393865	
0.184011	0.422125	0.393865	
0.003522	0.037814	0.958664	
0.016159	0.813309	0.170532	
0.184011	0.422125	0.393865	
0.026839	0.759328	0.213833	
0.001343	0.034182	0.964475	
0.409623	0.344346	0.246031	
0.013499	0.085496	0.901005	
0.184011	0.422125	0.393865	
0.124482	0.617990	0.257527	
0.045058	0.841184	0.113757	
0.005288	0.136552	0.858160	
0.007568	0.134069	0.858363	
0.326272	0.531341	0.142387	
0.097451	0.701058	0.201491	
0.099209	0.794759	0.106032	
0.110363	0.829132	0.060505	
0.184011	0.422125	0.393865	
0.740987	0.229267	0.029746	
0.008183	0.276320	0.715497	
0.184011	0.422125	0.393865	
0.017165	0.810923	0.171911	
0.005484	0.722404	0.272111	
0.004849	0.063415	0.931736	
0.019663	0.702197	0.278140	
0.063586	0.630066	0.306348	
0.587829	0.361187	0.050983	
0.009409	0.501411	0.489180	
0.417427	0.405543	0.177030	
0.010132	0.817128	0.172740	
0.013498	0.636951	0.349550	
0.093453	0.678731	0.227816	
0.040665	0.792694	0.166641	
0.789178	0.186516	0.024306	
0.008133	0.423884	0.567983	
0.873514	0.117197	0.009289	
0.169352	0.711592	0.119056	
0.157095	0.686170	0.156735	
0.077426	0.577155	0.345418	
0.008266	0.497299	0.494435	
0.169686	0.177187	0.653127	
0.051938	0.780413	0.167648	
0.008554	0.803547	0.187899	
0.030304	0.847808	0.121889	
0.056307	0.715359	0.228335	
0.184011	0.422125	0.393865	
0.605924	0.298527	0.095549	
0.022329	0.215431	0.762239	
0.184011	0.422125	0.393865	
0.184011	0.422125	0.393865	
0.184011	0.422125	0.393865	
0.922520	0.074102	0.003378	
0.028351	0.738163	0.233486	
0.017395	0.461435	0.521170	
0.046670	0.629517	0.323813	
0.021764	0.562501	0.415734	
0.024641	0.403808	0.571551	
0.700139	0.274899	0.024962	
0.304490	0.568987	0.126522	
0.184011	0.422125	0.393865	
0.058747	0.658164	0.283088	
0.390923	0.348187	0.260890	
0.116963	0.706380	0.176657	
0.001093	0.019740	0.979167	
0.005813	0.747041	0.247145	
0.184011	0.422125	0.393865	
0.006678	0.172618	0.820704	
0.013624	0.717217	0.269158	
0.000208	0.004722	0.995069	
0.446759	0.417407	0.135834	
0.010635	0.803366	0.185999	
0.089514	0.711432	0.199053	
0.009213	0.642973	0.347814	
0.009177	0.303004	0.687819	
0.062699	0.742675	0.194626	
0.242019	0.643781	0.114199	
0.184011	0.422125	0.393865	
0.735604	0.154060	0.110337	
0.729702	0.241627	0.028671	
0.011342	0.812025	0.176633	
0.201402	0.680349	0.118249	
0.127039	0.692381	0.180580	
0.008342	0.832083	0.159575	
0.241884	0.657186	0.100929	
0.017262	0.284557	0.698181	
0.006444	0.142295	0.851261	
0.720128	0.231420	0.048452	
0.604848	0.334204	0.060947	
0.762769	0.193842	0.043389	
0.012107	0.336519	0.651374	
0.009893	0.048363	0.941744	
0.158485	0.766084	0.075431	
0.184011	0.422125	0.393865	
0.029891	0.826586	0.143523	
0.029091	0.260885	0.710024	
0.184011	0.422125	0.393865	
0.064223	0.887276	0.048501	
0.258656	0.574633	0.166711	
0.054949	0.284188	0.660863	
0.002869	0.079566	0.917566	
0.049074	0.740642	0.210284	
0.427984	0.431620	0.140396	
0.024601	0.486995	0.488404	
0.445304	0.444994	0.109703	
0.026000	0.760069	0.213931	
0.009579	0.330807	0.659613	
0.025976	0.287007	0.687017	
0.184011	0.422125	0.393865	
0.007368	0.595184	0.397447	
0.087047	0.850085	0.062868	
0.027592	0.398748	0.573660	
0.785994	0.200234	0.013771	
0.743217	0.230889	0.025895	
0.139156	0.576455	0.284389	
0.184011	0.422125	0.393865	
0.000133	0.004231	0.995636	
0.184011	0.422125	0.393865	
0.025142	0.827612	0.147246	
0.002330	0.057940	0.939729	
0.184011	0.422125	0.393865	
0.475389	0.481158	0.043453	
0.931179	0.064744	0.004077	
0.013123	0.310164	0.676713	
0.184011	0.422125	0.393865	
0.062711	0.657683	0.279606	
0.075644	0.596598	0.327759	
0.000147	0.005576	0.994277	
0.044894	0.744482	0.210624	
0.011499	0.517498	0.471003	
0.002785	0.042345	0.954870	
0.018146	0.846259	0.135595	
0.009269	0.572213	0.418518	
0.254130	0.665663	0.080207	
0.561694	0.363494	0.074812	
0.770545	0.209570	0.019885	
0.027178	0.775060	0.197761	
0.006230	0.594426	0.399344	
0.015512	0.693463	0.291025	
0.431576	0.420184	0.148241	
0.184011	0.422125	0.393865	
0.184011	0.422125	0.393865	
0.034885	0.608655	0.356461	
0.014729	0.223425	0.761846	
0.166456	0.592941	0.240603	
0.013815	0.600579	0.385606	
0.184011	0.422125	0.393865	
0.174576	0.524769	0.300655	
0.184011	0.422125	0.393865	
0.238502	0.618978	0.142520	
0.394270	0.506991	0.098739	
0.239073	0.564840	0.196087	
0.016473	0.804967	0.178561	
0.602318	0.364978	0.032704	
0.589813	0.370902	0.039284	
0.705167	0.237538	0.057295	
0.608431	0.363823	0.027746	
0.000335	0.010254	0.989410	
0.703980	0.274407	0.021613	
0.001872	0.018846	0.979282	
0.184011	0.422125	0.393865	
0.195244	0.362428	0.442328	
0.015304	0.120978	0.863718	
0.780706	0.200151	0.019144	
0.600438	0.319277	0.080284	
0.010630	0.403635	0.585734	
0.057511	0.867579	0.074910	
0.184011	0.422125	0.393865	
0.124482	0.617990	0.257527	
0.011559	0.649325	0.339116	
0.475532	0.406109	0.118359	
0.010718	0.761274	0.228008	
0.038354	0.162121	0.799525	
0.184011	0.422125	0.393865	
0.479488	0.496330	0.024182	
0.184011	0.422125	0.393865	
0.047790	0.186557	0.765652	
0.170425	0.702943	0.126632	
0.008519	0.421354	0.570127	
0.938612	0.057206	0.004182	
0.184011	0.422125	0.393865	
0.123736	0.724006	0.152258	
0.011718	0.217152	0.771129	
0.184011	0.422125	0.393865	
0.364063	0.497914	0.138022	
0.010982	0.814858	0.174159	
0.184011	0.422125	0.393865	
0.184011	0.422125	0.393865	
0.007830	0.717292	0.274877	
0.005191	0.049308	0.945501	
0.661985	0.302045	0.035969	
0.011806	0.694602	0.293591	
0.184011	0.422125	0.393865	
0.501203	0.351953	0.146844	
0.184011	0.422125	0.393865	
0.184011	0.422125	0.393865	
0.249961	0.338338	0.411702	
0.010276	0.125460	0.864264	
0.105741	0.215436	0.678823	
0.005956	0.174896	0.819148	
0.004667	0.091446	0.903887	
0.016863	0.773204	0.209933	
0.047322	0.805991	0.146687	
0.002818	0.059742	0.937440	
0.530537	0.392155	0.077308	
0.584208	0.305381	0.110411	
0.007929	0.057861	0.934210	
0.184011	0.422125	0.393865	
0.016869	0.653954	0.329177	
0.006681	0.174099	0.819220	
0.761195	0.201444	0.037361	
0.028343	0.763682	0.207975	
0.044100	0.699217	0.256683	
0.693038	0.284882	0.022080	
0.184011	0.422125	0.393865	
0.014279	0.805495	0.180226	
0.069703	0.770429	0.159868	
0.184011	0.422125	0.393865	
0.010790	0.325263	0.663947	
0.804086	0.168399	0.027515	
0.023989	0.846848	0.129162	
0.148032	0.732335	0.119634	
0.184011	0.422125	0.393865	
0.199727	0.565054	0.235218	
0.684429	0.302958	0.012613	
0.006926	0.125188	0.867887	
0.028434	0.397476	0.574090	
0.065721	0.618245	0.316034	
0.184011	0.422125	0.393865	
0.184011	0.422125	0.393865	
0.203047	0.653912	0.143041	
0.497425	0.449176	0.053399	
0.184011	0.422125	0.393865	
0.019835	0.324697	0.655468	
0.033708	0.348619	0.617673	
0.006768	0.816572	0.176660	
0.005425	0.756744	0.237831	
0.000344	0.006530	0.993126	
0.837324	0.138391	0.024285	
0.929727	0.065109	0.005164	
0.549108	0.317427	0.133466	
0.012999	0.458407	0.528595	
0.008048	0.685124	0.306828	
0.264632	0.178560	0.556809	
0.931378	0.059811	0.008811	
0.000099	0.001288	0.998614	
0.060654	0.092088	0.847259	
0.184011	0.422125	0.393865	
0.846713	0.097774	0.055512	
0.094608	0.828588	0.076804	
0.015382	0.720802	0.263816	
0.184011	0.422125	0.393865	
0.168618	0.671600	0.159782	
0.180876	0.724183	0.094942	
0.737453	0.236672	0.025875	
0.026832	0.166234	0.806934	
0.015248	0.773078	0.211674	
0.172054	0.275052	0.552894	
0.097152	0.758103	0.144744	
0.006553	0.476188	0.517259	
0.184011	0.422125	0.393865	
0.259025	0.649393	0.091582	
0.270052	0.682945	0.047003	
0.695913	0.214931	0.089156	
0.184011	0.422125	0.393865	
0.016481	0.758028	0.225491	
0.521505	0.443144	0.035351	
0.409998	0.498811	0.091191	
0.174596	0.721686	0.103718	
0.236126	0.098205	0.665669	
0.015188	0.423670	0.561143	
0.665784	0.288628	0.045588	
0.184011	0.422125	0.393865	
0.012313	0.651710	0.335977	
0.033296	0.498344	0.468360	
0.050173	0.795447	0.154379	
0.010554	0.350734	0.638711	
0.302250	0.290172	0.407578	
0.827848	0.158853	0.013299	
0.695951	0.261852	0.042197	
0.082541	0.718215	0.199244	
0.034050	0.102485	0.863465	
0.648234	0.149080	0.202687	
0.514485	0.437586	0.047929	
0.033989	0.804147	0.161864	
0.184011	0.422125	0.393865	
0.017600	0.719376	0.263024	
0.340605	0.447300	0.212095	
0.511019	0.424208	0.064774	
0.365854	0.488329	0.145817	
0.217556	0.321700	0.460744	
0.095064	0.132771	0.772164	
0.169771	0.267656	0.562573	
0.040490	0.114506	0.845004	
0.004658	0.736820	0.258522	
0.315970	0.515458	0.168572	
0.036188	0.170926	0.792887	
0.682734	0.296576	0.020690	
0.518591	0.421598	0.059811	
0.207099	0.550559	0.242342	
0.008262	0.093876	0.897862	
0.001143	0.016745	0.982112	
0.465745	0.396004	0.138251	
0.024266	0.203874	0.771860	
0.013239	0.494603	0.492158	
0.013936	0.040399	0.945665	
0.513178	0.413837	0.072985	
0.061432	0.785267	0.153300	
0.046062	0.724161	0.229777	
0.393853	0.390984	0.215163	
0.059410	0.878911	0.061679	
0.004655	0.067610	0.927735	
0.607353	0.340782	0.051865	
0.184011	0.422125	0.393865	
0.184011	0.422125	0.393865	
0.803527	0.158497	0.037976	
0.022720	0.668250	0.309030	
0.691564	0.276392	0.032043	
0.184011	0.422125	0.393865	
0.581516	0.368252	0.050232	
0.138457	0.766993	0.094550	
0.184011	0.422125	0.393865	
0.741431	0.228306	0.030264	
0.018446	0.813882	0.167672	
0.720352	0.240893	0.038756	
0.184011	0.422125	0.393865	
0.014855	0.389644	0.595502	
0.010566	0.582304	0.407130	
0.185591	0.731115	0.083294	
0.184011	0.422125	0.393865	
0.009071	0.532720	0.458208	
0.349065	0.447274	0.203660	
0.016037	0.157095	0.826869	
0.130209	0.755136	0.114655	
0.862156	0.125271	0.012574	
0.009699	0.122939	0.867362	
0.145730	0.669850	0.184421	
0.023093	0.271429	0.705479	
0.312014	0.650884	0.037103	
0.184011	0.422125	0.393865	
0.001122	0.034449	0.964429	
0.034395	0.800007	0.165598	
0.632466	0.298908	0.068626	
0.000078	0.001870	0.998052	
0.038609	0.248915	0.712476	
0.806449	0.174051	0.019500	
0.003892	0.087245	0.908863	
0.038968	0.835863	0.125169	
0.747678	0.220612	0.031710	
0.019278	0.643545	0.337177	
0.210595	0.384854	0.404552	
0.038577	0.322866	0.638557	
0.184011	0.422125	0.393865	
0.331210	0.481052	0.187737	
0.839827	0.147308	0.012866	
0.273910	0.677296	0.048793	
0.044808	0.757483	0.197709	
0.004009	0.050549	0.945442	
0.633196	0.318773	0.048031	
0.184011	0.422125	0.393865	
0.002070	0.039237	0.958692	
0.004225	0.039123	0.956652	
0.010304	0.652508	0.337187	
0.619803	0.330933	0.049263	
0.048595	0.809425	0.141980	
0.772117	0.195309	0.032574	
0.084385	0.779389	0.136226	
0.184011	0.422125	0.393865	
0.460325	0.418336	0.121339	
0.086372	0.681315	0.232313	
0.715441	0.232541	0.052018	
0.489373	0.387673	0.122954	
0.184011	0.422125	0.393865	
0.007733	0.592434	0.399833	
0.104326	0.253287	0.642388	
0.005034	0.105018	0.889948	
0.632026	0.219843	0.148131	
0.019804	0.522498	0.457698	
0.010832	0.123533	0.865634	
0.811304	0.154084	0.034612	
0.005032	0.726482	0.268486	
0.018316	0.543434	0.438250	
0.703059	0.255593	0.041348	
0.009012	0.812322	0.178666	
0.184011	0.422125	0.393865	
0.008525	0.179483	0.811992	
0.024805	0.300928	0.674267	
0.366471	0.499132	0.134397	
0.367652	0.404324	0.228023	
0.184011	0.422125	0.393865	
0.184011	0.422125	0.393865	
0.036624	0.172135	0.791241	
0.001227	0.019541	0.979232	
0.000142	0.004309	0.995549	
0.026059	0.783447	0.190494	
0.125137	0.819737	0.055126	
0.661354	0.302361	0.036286	
0.007707	0.270502	0.721791	
0.009894	0.550368	0.439738	
0.273522	0.681462	0.045016	
0.941750	0.053266	0.004984	
0.184011	0.422125	0.393865	
0.000416	0.008599	0.990985	
0.000223	0.005984	0.993793	
0.140334	0.745136	0.114530	
0.256060	0.564908	0.179032	
0.363867	0.323125	0.313007	
0.009292	0.857325	0.133383	
0.000090	0.001788	0.998123	
0.266443	0.677368	0.056189	
0.509798	0.336029	0.154173	
0.797847	0.193649	0.008504	
0.184011	0.422125	0.393865	
0.106569	0.250780	0.642652	
0.003459	0.108424	0.888117	
0.381779	0.270383	0.347837	
0.011092	0.114463	0.874445	
0.074589	0.755178	0.170233	
0.000260	0.006837	0.992904	
0.184011	0.422125	0.393865	
0.015403	0.668103	0.316495	
0.184011	0.422125	0.393865	
0.018392	0.751956	0.229652	
0.006544	0.415428	0.578027	
0.053824	0.103387	0.842789	
0.445452	0.422467	0.132082	
0.918938	0.076155	0.004907	
0.222974	0.563079	0.213946	
0.184011	0.422125	0.393865	
0.026650	0.729547	0.243802	
0.005554	0.589628	0.404818	
0.047784	0.837176	0.115040	
0.015058	0.204260	0.780682	
0.037942	0.725807	0.236251	
0.265996	0.422776	0.311228	
0.073972	0.718735	0.207293	
0.008556	0.755068	0.236376	
0.000794	0.016243	0.982963	
0.832827	0.131924	0.035249	
0.005624	0.754356	0.240020	
0.191190	0.734426	0.074384	
0.033464	0.700264	0.266272	
0.027277	0.479744	0.492980	
0.599252	0.323512	0.077237	
0.017511	0.716156	0.266333	
0.300176	0.351439	0.348385	
0.086555	0.652786	0.260660	
0.008731	0.807388	0.183881	
0.006016	0.096475	0.897509	
0.184011	0.422125	0.393865	
0.007338	0.159575	0.833087	
0.004996	0.048707	0.946297	
0.002450	0.061913	0.935637	
0.157217	0.647015	0.195769	
0.022887	0.220471	0.756642	
0.007341	0.638627	0.354032	
0.010196	0.228450	0.761354	
0.008679	0.490213	0.501109	
0.018220	0.722654	0.259126	
0.184011	0.422125	0.393865	
0.038699	0.645348	0.315954	
0.440213	0.332205	0.227582	
0.007415	0.359666	0.632919	
0.404860	0.568123	0.027017	
0.159033	0.470022	0.370945	
0.050024	0.870325	0.079651	
0.184011	0.422125	0.393865	
0.545399	0.371783	0.082818	
0.024681	0.739670	0.235649	
0.913281	0.083133	0.003587	
0.184011	0.422125	0.393865	
0.003039	0.024842	0.972118	
0.010102	0.732643	0.257255	
0.688425	0.279786	0.031789	
0.184011	0.422125	0.393865	
0.064366	0.700507	0.235127	
0.142203	0.608724	0.249073	
0.358324	0.380756	0.260920	
0.256687	0.313799	0.429513	
0.019009	0.279080	0.701911	
0.184011	0.422125	0.393865	
0.014237	0.204789	0.780975	
0.026255	0.266907	0.706838	
0.006907	0.203934	0.789159	
0.009381	0.706136	0.284483	
0.049841	0.237847	0.712312	
0.184011	0.422125	0.393865	
0.041836	0.266142	0.692023	
0.027914	0.695729	0.276357	
0.031498	0.888121	0.080381	
0.043183	0.597608	0.359209	
0.411624	0.536747	0.051629	
0.004715	0.041736	0.953549	
0.184011	0.422125	0.393865	
0.439785	0.545356	0.014859	
0.761300	0.212245	0.026455	
0.017280	0.184766	0.797954	
0.154703	0.733258	0.112039	
0.005105	0.812838	0.182056	
0.061999	0.336404	0.601597	
0.006601	0.494906	0.498492	
0.184011	0.422125	0.393865	
0.049587	0.463640	0.486773	
0.450847	0.517346	0.031807	
0.730874	0.244307	0.024819	
0.083548	0.616577	0.299876	
0.633020	0.294728	0.072252	
0.595559	0.328928	0.075513	
0.084881	0.265166	0.649953	
0.060174	0.408083	0.531743	
0.002552	0.131255	0.866193	
0.781905	0.200816	0.017279	
0.660518	0.283894	0.055588	
0.018026	0.681034	0.300940	
0.009984	0.595518	0.394499	
0.001316	0.033532	0.965152	
0.047326	0.735965	0.216709	
0.001976	0.055222	0.942802	
0.142282	0.758786	0.098933	
0.002827	0.054212	0.942961	
0.348355	0.328252	0.323393	
0.064677	0.765594	0.169729	
0.014272	0.273907	0.711821	
0.002248	0.035768	0.961984	
0.125102	0.723772	0.151126	
0.716340	0.266608	0.017051	
0.034683	0.783748	0.181569	
0.070337	0.773064	0.156599	
0.098063	0.246834	0.655103	
0.061699	0.130028	0.808273	
0.016532	0.716662	0.266807	
0.009954	0.676010	0.314036	
0.021155	0.569328	0.409517	
0.451095	0.347365	0.201540	
0.001414	0.032770	0.965816	
0.030364	0.258611	0.711025	
0.000749	0.015895	0.983356	
0.601838	0.368548	0.029613	
0.036114	0.805877	0.158009	
0.011275	0.135275	0.853450	
0.009335	0.514894	0.475771	
0.015326	0.132262	0.852412	
0.851783	0.133100	0.015117	
0.931331	0.065264	0.003405	
0.018512	0.834375	0.147113	
0.026119	0.266672	0.707209	
0.184011	0.422125	0.393865	
0.009987	0.352011	0.638002	
0.010013	0.671482	0.318506	
0.658801	0.299774	0.041425	
0.020573	0.096867	0.882560	
0.122005	0.791750	0.086245	
0.005536	0.092970	0.901494	
0.184011	0.422125	0.393865	
0.046498	0.767621	0.185881	
0.003593	0.785122	0.211285	
0.024979	0.828094	0.146926	
0.002695	0.065171	0.932134	
0.473822	0.340598	0.185580	
0.184011	0.422125	0.393865	
0.008788	0.296228	0.694985	
0.184011	0.422125	0.393865	
0.000920	0.020943	0.978137	
0.000377	0.006916	0.992707	
0.003831	0.046235	0.949934	
0.014844	0.663601	0.321555	
0.645454	0.306043	0.048503	
0.306344	0.536310	0.157345	
0.075334	0.617601	0.307065	
0.629539	0.334331	0.036130	
0.086079	0.802328	0.111593	
0.000231	0.003992	0.995777	
0.002152	0.057928	0.939920	
0.625323	0.279734	0.094942	
0.008279	0.099944	0.891777	
0.093551	0.672797	0.233651	
0.076441	0.123464	0.800095	
0.003424	0.120572	0.876004	
0.184011	0.422125	0.393865	
0.015462	0.775800	0.208738	
0.091197	0.724444	0.184359	
0.090398	0.459668	0.449933	
0.220109	0.262246	0.517644	
0.101935	0.741843	0.156222	
0.004396	0.359004	0.636600	
0.011417	0.714526	0.274057	
0.184011	0.422125	0.393865	
0.184011	0.422125	0.393865	
0.023147	0.444040	0.532813	
0.015678	0.795930	0.188392	
0.818139	0.170970	0.010891	
0.184011	0.422125	0.393865	
0.077413	0.519184	0.403403	
0.184011	0.422125	0.393865	
0.012095	0.128002	0.859903	
0.449517	0.499895	0.050588	
0.016423	0.647417	0.336160	
0.184011	0.422125	0.393865	
0.882199	0.110637	0.007164	
0.054823	0.866576	0.078601	
0.787932	0.188650	0.023418	
0.010609	0.454754	0.534637	
0.008888	0.648235	0.342877	
0.184011	0.422125	0.393865	
0.184011	0.422125	0.393865	
0.184011	0.422125	0.393865	
0.002947	0.072688	0.924365	
0.765357	0.203329	0.031314	
0.079619	0.607190	0.313191	
0.153694	0.796525	0.049781	
0.184011	0.422125	0.393865	
0.712486	0.261234	0.026279	
0.032383	0.806508	0.161109	
0.549072	0.396875	0.054053	
0.010666	0.413123	0.576212	
0.047347	0.787707	0.164946	
0.858163	0.109689	0.032148	
0.022036	0.687575	0.290389	
0.597400	0.308115	0.094485	
0.017162	0.713450	0.269388	
0.056545	0.817615	0.125840	
0.176555	0.759711	0.063734	
0.069106	0.790222	0.140672	
0.001587	0.038509	0.959905	
0.006445	0.079771	0.913784	
0.184011	0.422125	0.393865	
0.063761	0.364940	0.571298	
0.740515	0.227110	0.032375	
0.071559	0.786009	0.142432	
0.184011	0.422125	0.393865	
0.020893	0.357691	0.621417	
0.020276	0.804673	0.175051	
0.001148	0.031265	0.967587	
0.361300	0.338325	0.300375	
0.020418	0.866988	0.112594	
0.184011	0.422125	0.393865	
0.047572	0.155887	0.796540	
0.340799	0.482121	0.177079	
0.013697	0.660825	0.325478	
0.006499	0.141888	0.851613	
0.009704	0.781233	0.209063	
0.214817	0.305212	0.479971	
0.155799	0.465441	0.378760	
0.062429	0.841763	0.095808	
0.652018	0.268289	0.079693	
0.003901	0.100399	0.895700	
0.835308	0.148475	0.016217	
0.868698	0.114423	0.016879	
0.055179	0.335892	0.608929	
0.005362	0.162733	0.831905	
0.096534	0.766907	0.136560	
0.000238	0.004898	0.994864	
0.040585	0.154515	0.804900	
0.677258	0.272015	0.050727	
0.819073	0.155382	0.025545	
0.012400	0.906537	0.081062	
0.785857	0.182464	0.031679	
0.184011	0.422125	0.393865	
0.905961	0.055871	0.038168	
0.037192	0.777145	0.185663	
0.034745	0.431582	0.533673	
0.001470	0.020730	0.977800	
0.529951	0.391740	0.078310	
0.006837	0.542210	0.450954	
0.000432	0.009777	0.989792	
0.105486	0.707034	0.187480	
0.869951	0.115099	0.014950	
0.102885	0.779128	0.117987	
0.010540	0.434465	0.554995	
0.184011	0.422125	0.393865	
0.024465	0.108630	0.866906	
0.451380	0.392308	0.156312	
0.052453	0.800431	0.147116	
0.450924	0.427818	0.121258	
0.083847	0.771623	0.144530	
0.826440	0.154163	0.019397	
0.810489	0.174597	0.014914	
0.035677	0.660885	0.303439	
0.013761	0.549161	0.437078	
0.122650	0.629279	0.248070	
0.127032	0.503711	0.369258	
0.016463	0.828631	0.154906	
0.410313	0.247178	0.342508	
0.139974	0.604283	0.255744	
0.039367	0.539209	0.421424	
0.004869	0.071477	0.923654	
0.031359	0.330904	0.637737	
0.184011	0.422125	0.393865	
0.008655	0.269172	0.722173	
0.729639	0.211522	0.058839	
0.533806	0.379593	0.086601	
0.006504	0.638076	0.355421	
0.184011	0.422125	0.393865	
0.014103	0.076442	0.909456	
0.023483	0.553002	0.423515	
0.184011	0.422125	0.393865	
0.744932	0.225372	0.029696	
0.013301	0.210920	0.775779	
0.184011	0.422125	0.393865	
0.010573	0.793148	0.196279	
0.026500	0.510927	0.462573	
0.763451	0.193503	0.043046	
0.054761	0.662981	0.282258	
0.015606	0.788040	0.196354	
0.650567	0.316028	0.033405	
0.425982	0.452176	0.121842	
0.059803	0.762222	0.177975	
0.668355	0.266321	0.065325	
0.273389	0.182077	0.544535	
0.578421	0.327056	0.094523	
0.184011	0.422125	0.393865	
0.735385	0.228720	0.035895	
0.047729	0.541317	0.410954	
0.184011	0.422125	0.393865	
0.985158	0.014473	0.000369	
0.023331	0.659958	0.316711	
0.027140	0.784395	0.188465	
0.002064	0.038491	0.959446	
0.830463	0.152179	0.017358	
0.184011	0.422125	0.393865	
0.184011	0.422125	0.393865	
0.005727	0.149955	0.844318	
0.245859	0.659577	0.094564	
0.007969	0.692103	0.299928	
0.008221	0.116792	0.874987	
0.184011	0.422125	0.393865	
0.016574	0.433020	0.550406	
0.161927	0.738813	0.099260	
0.022407	0.662179	0.315414	
0.833863	0.153472	0.012665	
0.006179	0.701902	0.291918	
0.019424	0.665718	0.314858	
0.025491	0.687635	0.286874	
0.184011	0.422125	0.393865	
0.007216	0.653081	0.339703	
0.429254	0.234295	0.336451	
0.012266	0.250367	0.737367	
0.005161	0.150807	0.844032	
0.289936	0.599428	0.110636	
0.134671	0.192119	0.673210	
0.184011	0.422125	0.393865	
0.184011	0.422125	0.393865	
0.017318	0.763027	0.219655	
0.139729	0.709568	0.150703	
0.038815	0.262110	0.699075	
0.579340	0.280717	0.139943	
0.000368	0.008187	0.991445	
0.184011	0.422125	0.393865	
0.061963	0.753911	0.184126	
0.184011	0.422125	0.393865	
0.005726	0.710833	0.283441	
0.462503	0.409109	0.128389	
0.184011	0.422125	0.393865	
0.004921	0.735246	0.259833	
0.195256	0.637008	0.167736	
0.184011	0.422125	0.393865	
0.013986	0.491599	0.494415	
0.003036	0.049368	0.947596	
0.008801	0.194880	0.796319	
0.010654	0.457514	0.531832	
0.000723	0.012675	0.986602	
0.184011	0.422125	0.393865	
0.184011	0.422125	0.393865	
0.285864	0.671822	0.042313	
0.334825	0.316352	0.348823	
0.894544	0.096401	0.009055	
0.198760	0.661909	0.139331	
0.184011	0.422125	0.393865	
0.713587	0.255520	0.030893	
0.026078	0.093641	0.880282	
0.184011	0.422125	0.393865	
0.027145	0.125309	0.847546	
0.001798	0.048451	0.949751	
0.714021	0.227939	0.058039	
0.644719	0.308900	0.046382	
0.018535	0.268049	0.713417	
0.009155	0.445785	0.545060	
0.184011	0.422125	0.393865	
0.455195	0.381709	0.163097	
0.002220	0.023285	0.974495	
0.735146	0.247816	0.017037	
0.285680	0.338644	0.375677	
0.006524	0.649143	0.344333	
0.081912	0.858243	0.059845	
0.032285	0.587258	0.380457	
0.240484	0.602883	0.156633	
0.144445	0.713065	0.142491	
0.872890	0.118113	0.008996	
0.100691	0.811395	0.087915	
0.184011	0.422125	0.393865	
0.009057	0.169223	0.821720	
0.026251	0.604846	0.368903	
0.225589	0.606090	0.168321	
0.020716	0.499118	0.480166	
0.007406	0.830468	0.162126	
0.204682	0.601663	0.193655	
0.007828	0.376302	0.615870	
0.045219	0.369273	0.585508	
0.060392	0.199497	0.740111	
0.713530	0.249877	0.036593	
0.053112	0.636500	0.310387	
0.105624	0.579788	0.314588	
0.015552	0.640643	0.343805	
0.163802	0.778458	0.057740	
0.010560	0.454731	0.534709	
0.769988	0.200540	0.029472	
0.463877	0.386211	0.149912	
0.002048	0.057427	0.940525	
0.712686	0.245120	0.042193	
0.012606	0.896353	0.091041	
0.018990	0.603965	0.377044	
0.008880	0.747143	0.243977	
0.184011	0.422125	0.393865	
0.602151	0.333661	0.064188	
0.000994	0.027340	0.971666	
0.301655	0.463622	0.234723	
0.005869	0.380570	0.613561	
0.263845	0.286436	0.449720	
0.877370	0.114648	0.007982	
0.004264	0.115129	0.880607	
0.014364	0.766293	0.219343	
0.496266	0.450324	0.053411	
0.578998	0.323475	0.097527	
0.184011	0.422125	0.393865	
0.010918	0.761432	0.227649	
0.000426	0.005238	0.994335	
0.184011	0.422125	0.393865	
0.011056	0.345832	0.643111	
0.731905	0.226810	0.041285	
0.128564	0.644041	0.227395	
0.003948	0.044214	0.951838	
0.163216	0.535031	0.301753	
0.468473	0.429616	0.101910	
0.095052	0.757163	0.147785	
0.167610	0.798272	0.034119	
0.011247	0.884526	0.104227	
0.000186	0.004599	0.995215	
0.009780	0.307277	0.682943	
0.008260	0.315087	0.676653	
0.184011	0.422125	0.393865	
0.005185	0.323773	0.671042	
0.266550	0.337560	0.395890	
0.010417	0.617860	0.371723	
0.032031	0.495717	0.472251	
0.019947	0.796230	0.183823	
0.184011	0.422125	0.393865	
0.031756	0.902620	0.065624	
0.545564	0.377152	0.077284	
0.351405	0.562975	0.085620	
0.184011	0.422125	0.393865	
0.011010	0.067417	0.921574	
0.176789	0.752308	0.070903	
0.021899	0.832532	0.145568	
0.190978	0.639449	0.169572	
0.002856	0.049787	0.947358	
0.325579	0.220649	0.453772	
0.830169	0.156733	0.013098	
0.434227	0.438923	0.126850	
0.877308	0.112265	0.010427	
0.001094	0.032805	0.966101	
0.184011	0.422125	0.393865	
0.016336	0.793522	0.190142	
0.044199	0.156979	0.798822	
0.008200	0.521992	0.469808	
0.229567	0.635950	0.134484	
0.121931	0.759706	0.118363	
0.269469	0.473176	0.257355	
0.710081	0.231675	0.058245	
0.017742	0.174496	0.807763	
0.012745	0.300196	0.687059	
0.006078	0.813150	0.180772	
0.006691	0.143920	0.849390	
0.509587	0.406824	0.083589	
0.640110	0.343094	0.016796	
0.018818	0.832866	0.148316	
0.293860	0.556324	0.149816	
0.184011	0.422125	0.393865	
0.068797	0.729124	0.202079	
0.010428	0.901218	0.088354	
0.039151	0.856129	0.104719	
0.184011	0.422125	0.393865	
0.184011	0.422125	0.393865	
0.407299	0.540276	0.052425	
0.696840	0.199327	0.103833	
0.297817	0.619139	0.083044	
0.003104	0.062887	0.934009	
0.184011	0.422125	0.393865	
0.017757	0.810632	0.171611	
0.011527	0.561671	0.426802	
0.315979	0.623533	0.060489	
0.184011	0.422125	0.393865	
0.627278	0.315289	0.057433	
0.015663	0.363658	0.620679	
0.015168	0.114720	0.870112	
0.184011	0.422125	0.393865	
0.553091	0.297788	0.149120	
0.304954	0.340715	0.354331	
0.184011	0.422125	0.393865	
0.071616	0.568623	0.359761	
0.868376	0.108358	0.023266	
0.003113	0.850433	0.146454	
0.054211	0.808454	0.137335	
0.262386	0.417421	0.320193	
0.184011	0.422125	0.393865	
0.947555	0.048966	0.003479	
0.012938	0.616726	0.370337	
0.008389	0.594672	0.396939	
0.428456	0.506722	0.064822	
0.010676	0.505815	0.483509	
0.011056	0.140247	0.848698	
0.004321	0.414259	0.581420	
0.484563	0.497991	0.017446	
0.076058	0.532460	0.391483	
0.304003	0.628173	0.067824	
0.000387	0.010704	0.988908	
0.004104	0.043111	0.952785	
0.009275	0.718002	0.272722	
0.236989	0.705341	0.057669	
0.006299	0.578738	0.414963	
0.610924	0.293573	0.095503	
0.001900	0.034463	0.963637	
0.182663	0.577724	0.239613	
0.184011	0.422125	0.393865	
0.067300	0.283973	0.648727	
0.027831	0.878337	0.093832	
0.082982	0.262230	0.654788	
0.342926	0.510186	0.146888	
0.184011	0.422125	0.393865	
0.013191	0.883251	0.103559	
0.006288	0.660739	0.332973	
0.584857	0.311985	0.103157	
0.687977	0.249314	0.062709	
0.632325	0.193634	0.174041	
0.008812	0.522843	0.468345	
0.016505	0.428405	0.555091	
0.008806	0.718901	0.272292	
0.014612	0.776193	0.209195	
0.007494	0.417227	0.575279	
0.946353	0.050660	0.002987	
0.187322	0.656877	0.155801	
0.032514	0.722352	0.245134	
0.018393	0.669137	0.312470	
0.007120	0.080282	0.912598	
0.137627	0.213996	0.648377	
0.577253	0.355463	0.067285	
0.970993	0.027192	0.001814	
0.008703	0.067785	0.923513	
0.184011	0.422125	0.393865	
0.006858	0.065770	0.927372	
0.184011	0.422125	0.393865	
0.018639	0.802956	0.178405	
0.566352	0.333942	0.099706	
0.345027	0.557962	0.097011	
0.002130	0.023844	0.974026	
0.184011	0.422125	0.393865	
0.554801	0.342513	0.102686	
0.033057	0.529474	0.437468	
0.139662	0.735655	0.124683	
0.001071	0.020965	0.977964	
0.025412	0.799108	0.175480	
0.059297	0.703785	0.236918	
0.026492	0.204325	0.769184	
0.139538	0.730759	0.129703	
0.016245	0.761418	0.222336	
0.184011	0.422125	0.393865	
0.096304	0.606504	0.297191	
0.003821	0.102240	0.893940	
0.504343	0.302891	0.192766	
0.184011	0.422125	0.393865	
0.001209	0.028342	0.970449	
0.112732	0.662114	0.225154	
0.009413	0.557329	0.433259	
0.184011	0.422125	0.393865	
0.004398	0.707783	0.287819	
0.232904	0.598382	0.168715	
0.428184	0.474345	0.097471	
0.069081	0.554271	0.376648	
0.002241	0.043578	0.954181	
0.006652	0.764945	0.228403	
0.002155	0.034801	0.963044	
0.006284	0.632224	0.361492	
0.001030	0.028611	0.970360	
0.184011	0.422125	0.393865	
0.028558	0.852185	0.119256	
0.140234	0.747216	0.112549	
0.168698	0.623069	0.208233	
0.265840	0.255428	0.478731	
0.001814	0.041611	0.956574	
0.697256	0.269783	0.032961	
0.006302	0.101640	0.892058	
0.019752	0.737327	0.242921	
0.035826	0.077344	0.886830	
0.067768	0.760749	0.171483	
0.184011	0.422125	0.393865	
0.941568	0.056501	0.001931	
0.002070	0.029641	0.968289	
0.020804	0.815310	0.163886	
0.067453	0.749539	0.183008	
0.000571	0.012336	0.987093	
0.025941	0.718295	0.255763	
0.184011	0.422125	0.393865	
0.047390	0.741080	0.211530	
0.184011	0.422125	0.393865	
0.184011	0.422125	0.393865	
0.636481	0.319966	0.043554	
0.631882	0.295701	0.072417	
0.015495	0.561517	0.422988	
0.282463	0.580750	0.136786	
0.007128	0.057295	0.935577	
0.241692	0.732336	0.025972	
0.005857	0.239827	0.754316	
0.419420	0.439277	0.141303	
0.008657	0.800427	0.190916	
0.008305	0.636201	0.355494	
0.769628	0.181498	0.048874	
0.862146	0.121034	0.016820	
0.019756	0.627250	0.352994	
0.000468	0.010979	0.988553	
0.484329	0.437977	0.077694	
0.651332	0.314151	0.034517	
0.184011	0.422125	0.393865	
0.449022	0.427886	0.123092	
0.172922	0.450186	0.376891	
0.150042	0.785001	0.064958	
0.498962	0.363234	0.137804	
0.184011	0.422125	0.393865	
0.184011	0.422125	0.393865	
0.027427	0.781157	0.191416	
0.184011	0.422125	0.393865	
0.314462	0.611400	0.074138	
0.184011	0.422125	0.393865	
0.006920	0.316389	0.676692	
0.427267	0.457738	0.114995	
0.846782	0.139508	0.013710	
0.510312	0.281419	0.208269	
0.570322	0.299153	0.130525	
0.131538	0.755026	0.113437	
0.011031	0.353092	0.635877	
0.184011	0.422125	0.393865	
0.023796	0.453944	0.522260	
0.007106	0.604013	0.388882	
0.564256	0.380905	0.054838	
0.357207	0.566248	0.076545	
0.023865	0.058463	0.917672	
0.184011	0.422125	0.393865	
0.882874	0.111306	0.005820	
0.043767	0.853317	0.102916	
0.013664	0.292667	0.693669	
0.521958	0.310227	0.167816	
0.014862	0.046689	0.938450	
0.496466	0.414888	0.088645	
0.199560	0.670564	0.129876	
0.706704	0.234629	0.058667	
0.645328	0.285516	0.069156	
0.095009	0.209763	0.695228	
0.513596	0.297006	0.189398	
0.043316	0.807143	0.149541	
0.003705	0.108536	0.887759	
0.008904	0.113189	0.877907	
0.014749	0.780404	0.204847	
0.737901	0.234978	0.027121	
0.187123	0.717412	0.095465	
0.184011	0.422125	0.393865	
0.139586	0.654162	0.206252	
0.008503	0.302407	0.689089	
0.478125	0.323449	0.198427	
0.015453	0.094981	0.889566	
0.001199	0.017416	0.981384	
0.398065	0.468669	0.133266	
0.045507	0.735766	0.218726	
0.013575	0.088275	0.898150	
0.184011	0.422125	0.393865	
0.008846	0.095796	0.895358	
0.042594	0.815685	0.141721	
0.007060	0.598366	0.394574	
0.005475	0.080544	0.913981	
0.015868	0.469838	0.514294	
0.014812	0.131579	0.853609	
0.237478	0.574776	0.187746	
0.001833	0.034222	0.963945	
0.010678	0.711379	0.277943	
0.000184	0.005551	0.994264	
0.117178	0.764605	0.118216	
0.829997	0.135028	0.034975	
0.005143	0.578432	0.416426	
0.004220	0.084707	0.911073	
0.003444	0.076902	0.919653	
0.473379	0.497469	0.029153	
0.002195	0.074866	0.922938	
0.057599	0.784330	0.158072	
0.005903	0.086998	0.907099	
0.184011	0.422125	0.393865	
0.005628	0.676651	0.317721	
0.055243	0.842318	0.102439	
0.098674	0.751074	0.150252	
0.184011	0.422125	0.393865	
0.003672	0.072162	0.924166	
0.086189	0.759376	0.154435	
0.161177	0.358825	0.479998	
0.063413	0.876568	0.060019	
0.787558	0.181902	0.030540	
0.539190	0.403439	0.057371	
0.010728	0.457288	0.531985	
0.856272	0.133685	0.010042	
0.192974	0.611671	0.195354	
0.683786	0.283473	0.032741	
0.072525	0.718592	0.208883	
0.000862	0.007508	0.991630	
0.039557	0.794307	0.166137	
0.118562	0.816175	0.065263	
0.457839	0.466825	0.075336	
0.709060	0.252930	0.038011	
0.565368	0.203145	0.231487	
0.428907	0.319146	0.251947	
0.002206	0.033116	0.964679	
0.348019	0.581541	0.070441	
0.211683	0.646657	0.141661	
0.355173	0.488613	0.156213	
0.184011	0.422125	0.393865	
0.705084	0.258514	0.036401	
0.184011	0.422125	0.393865	
0.005728	0.783319	0.210953	
0.006359	0.645615	0.348026	
0.006971	0.195210	0.797819	
0.184011	0.422125	0.393865	
0.479678	0.216122	0.304200	
0.184011	0.422125	0.393865	
0.590731	0.339905	0.069364	
0.010843	0.248968	0.740189	
0.184011	0.422125	0.393865	
0.013423	0.149812	0.836765	
0.850366	0.140017	0.009617	
0.021334	0.305929	0.672737	
0.184011	0.422125	0.393865	
0.184011	0.422125	0.393865	
0.636168	0.317304	0.046528	
0.010162	0.720451	0.269387	
0.009691	0.551521	0.438789	
0.007658	0.384963	0.607379	
0.047188	0.154941	0.797872	
0.145225	0.776911	0.077864	
0.184011	0.422125	0.393865	
0.643528	0.297840	0.058631	
0.320199	0.439009	0.240791	
0.009617	0.488193	0.502189	
0.396301	0.508157	0.095543	
0.000726	0.008105	0.991169	
0.047191	0.700567	0.252243	
0.012311	0.068423	0.919266	
0.296622	0.287237	0.416142	
0.753446	0.225284	0.021270	
0.207605	0.687076	0.105319	
0.009441	0.057563	0.932996	
0.520514	0.357101	0.122385	
0.142635	0.802305	0.055060	
0.784918	0.172697	0.042385	
0.535703	0.403278	0.061019	
0.255176	0.339389	0.405434	
0.007799	0.056708	0.935492	
0.170171	0.713380	0.116449	
0.031101	0.269436	0.699463	
0.714195	0.226777	0.059028	
0.636187	0.339799	0.024014	
0.353529	0.582190	0.064281	
0.126564	0.190552	0.682883	
0.821204	0.142336	0.036460	
0.205620	0.349681	0.444699	
0.856007	0.137296	0.006697	
0.144327	0.651245	0.204429	
0.269373	0.498890	0.231737	
0.184011	0.422125	0.393865	
0.184011	0.422125	0.393865	
0.856604	0.123600	0.019796	
0.271989	0.602140	0.125871	
0.011008	0.460690	0.528302	
0.026948	0.832554	0.140498	
0.008776	0.140293	0.850931	
0.030076	0.752594	0.217330	
0.001941	0.055151	0.942908	
0.009972	0.799244	0.190784	
0.000899	0.014334	0.984767	
0.184011	0.422125	0.393865	
0.011385	0.222965	0.765651	
0.291144	0.560631	0.148225	
0.000932	0.015840	0.983228	
0.036366	0.711611	0.252022	
0.004182	0.094231	0.901587	
0.008779	0.102053	0.889169	
0.184011	0.422125	0.393865	
0.742768	0.238071	0.019161	
0.184011	0.422125	0.393865	
0.005946	0.224812	0.769241	
0.683827	0.269573	0.046600	
0.079943	0.523142	0.396915	
0.184011	0.422125	0.393865	
0.184011	0.422125	0.393865	
0.000348	0.004119	0.995533	
0.348306	0.596795	0.054899	
0.006279	0.658776	0.334945	
0.093601	0.763018	0.143381	
0.056241	0.789376	0.154383	
0.417384	0.489144	0.093471	
0.860734	0.119957	0.019309	
0.022437	0.303164	0.674399	
0.184011	0.422125	0.393865	
0.011403	0.159169	0.829428	
0.184011	0.422125	0.393865	
0.529268	0.457523	0.013209	
0.041618	0.842625	0.115757	
0.584410	0.324673	0.090917	
0.011012	0.485785	0.503204	
0.860011	0.132447	0.007542	
0.000402	0.008215	0.991383	
0.000295	0.004028	0.995676	
0.024509	0.722475	0.253017	
0.044366	0.808362	0.147273	
0.000796	0.011593	0.987611	
0.415149	0.455106	0.129745	
0.184011	0.422125	0.393865	
0.003184	0.759063	0.237753	
0.184011	0.422125	0.393865	
0.387169	0.500533	0.112298	
0.184011	0.422125	0.393865	
0.011476	0.654546	0.333978	
0.011477	0.851716	0.136807	
0.008698	0.562353	0.428949	
0.184011	0.422125	0.393865	
0.334806	0.559366	0.105828	
0.007349	0.630977	0.361674	
0.450909	0.269153	0.279938	
0.008686	0.498182	0.493132	
0.008003	0.115253	0.876744	
0.004823	0.061906	0.933271	
0.184011	0.422125	0.393865	
0.184011	0.422125	0.393865	
0.014613	0.470607	0.514780	
0.624207	0.336716	0.039078	
0.020262	0.215635	0.764103	
0.009632	0.083735	0.906634	
0.140466	0.786000	0.073534	
0.913477	0.078866	0.007657	
0.184011	0.422125	0.393865	
0.594921	0.347973	0.057106	
0.036413	0.792976	0.170611	
0.006795	0.630922	0.362284	
0.005448	0.492080	0.502472	
0.004435	0.057284	0.938281	
0.209808	0.358306	0.431886	
0.639446	0.336504	0.024049	
0.003250	0.059344	0.937406	
0.008770	0.765578	0.225652	
0.001396	0.025671	0.972933	
0.014043	0.779912	0.206045	
0.020418	0.866988	0.112594	
0.012221	0.267167	0.720612	
0.496293	0.221650	0.282057	
0.184011	0.422125	0.393865	
0.006254	0.098881	0.894865	
0.006167	0.153079	0.840755	
0.096528	0.791765	0.111707	
0.550841	0.390640	0.058519	
0.184011	0.422125	0.393865	
0.009423	0.688617	0.301960	
0.563602	0.375708	0.060690	
0.008378	0.302895	0.688726	
0.500550	0.336503	0.162946	
0.077224	0.466379	0.456397	
0.015078	0.768268	0.216653	
0.184011	0.422125	0.393865	
0.066123	0.800982	0.132895	
0.332284	0.567989	0.099728	
0.040516	0.736004	0.223480	
0.366991	0.543710	0.089298	
0.459298	0.430941	0.109760	
0.619292	0.351260	0.029448	
0.184011	0.422125	0.393865	
0.058105	0.787987	0.153908	
0.025947	0.899831	0.074222	
0.184011	0.422125	0.393865	
0.013206	0.858509	0.128285	
0.184011	0.422125	0.393865	
0.058229	0.817737	0.124034	
0.184011	0.422125	0.393865	
0.000146	0.003649	0.996205	
0.012790	0.064756	0.922454	
0.565100	0.387537	0.047363	
0.007544	0.353017	0.639440	
0.184011	0.422125	0.393865	
0.184011	0.422125	0.393865	
0.901452	0.087223	0.011325	
0.184011	0.422125	0.393865	
0.626034	0.298725	0.075241	
0.186183	0.623354	0.190463	
0.597481	0.353883	0.048636	
0.005674	0.714525	0.279801	
0.789473	0.196113	0.014415	
0.652536	0.288901	0.058562	
0.374006	0.307819	0.318175	
0.000882	0.033652	0.965467	
0.008264	0.599437	0.392299	
0.106935	0.168777	0.724289	
0.266511	0.507589	0.225900	
0.666064	0.301430	0.032507	
0.018379	0.290887	0.690734	
0.184011	0.422125	0.393865	
0.115333	0.585556	0.299111	
0.771683	0.185531	0.042786	
0.518827	0.293005	0.188168	
0.071886	0.189231	0.738882	
0.007185	0.553007	0.439808	
0.046550	0.821456	0.131994	
0.011695	0.752440	0.235865	
0.011707	0.248002	0.740291	
0.004514	0.069569	0.925917	
0.015106	0.745285	0.239609	
0.025312	0.134255	0.840433	
0.011955	0.464752	0.523292	
0.007590	0.194789	0.797621	
0.017855	0.654057	0.328088	
0.184011	0.422125	0.393865	
0.388638	0.453294	0.158068	
0.005558	0.075058	0.919385	
0.237787	0.669605	0.092608	
0.184011	0.422125	0.393865	
0.051169	0.091784	0.857047	
0.692130	0.269074	0.038796	
0.959281	0.039737	0.000981	
0.005345	0.104527	0.890128	
0.020044	0.819100	0.160856	
0.184011	0.422125	0.393865	
0.008558	0.579024	0.412418	
0.241061	0.362231	0.396708	
0.119827	0.591717	0.288456	
0.018353	0.757066	0.224581	
0.010001	0.463824	0.526175	
0.327727	0.649575	0.022698	
0.055984	0.631112	0.312904	
0.037812	0.829926	0.132262	
0.580928	0.367799	0.051273	
0.031016	0.882435	0.086549	
0.031175	0.776502	0.192322	
0.647217	0.309679	0.043104	
0.184011	0.422125	0.393865	
0.359843	0.535599	0.104557	
0.010247	0.691089	0.298664	
0.559592	0.386336	0.054072	
0.065889	0.767499	0.166612	
0.104303	0.121906	0.773791	
0.007585	0.102485	0.889930	
0.944696	0.052448	0.002856	
0.184011	0.422125	0.393865	
0.028929	0.803200	0.167871	
0.243758	0.600389	0.155854	
