0.110579	0.176078	0.713343	
0.426544	0.384375	0.189081	
0.007389	0.483922	0.508689	
0.441624	0.369782	0.188594	
0.312581	0.392522	0.294898	
0.700817	0.235435	0.063748	
0.028415	0.270796	0.700789	
0.658770	0.276695	0.064535	
0.007406	0.123812	0.868782	
0.537212	0.332440	0.130348	
0.171608	0.637095	0.191296	
0.110679	0.659510	0.229811	
0.069208	0.696927	0.233865	
0.219318	0.393473	0.387209	
0.004799	0.518760	0.476441	
0.208530	0.519196	0.272273	
0.750390	0.207178	0.042432	
0.015592	0.606173	0.378235	
0.018184	0.267393	0.714423	
0.844165	0.139051	0.016784	
0.003126	0.024919	0.971955	
0.011560	0.318922	0.669517	
0.001651	0.048912	0.949437	
0.021928	0.392335	0.585737	
0.499219	0.346381	0.154400	
0.806404	0.158574	0.035022	
0.147112	0.575625	0.277263	
0.114350	0.227059	0.658591	
0.188853	0.428926	0.382221	
0.097680	0.710516	0.191804	
0.095395	0.638355	0.266250	
0.957571	0.040786	0.001643	
0.676508	0.261399	0.062093	
0.007486	0.215774	0.776740	
0.001596	0.015340	0.983064	
0.004838	0.374210	0.620952	
0.632283	0.286264	0.081453	
0.373004	0.446144	0.180853	
0.003714	0.036075	0.960211	
0.002280	0.060010	0.937710	
0.655460	0.275813	0.068727	
0.493560	0.365197	0.141243	
0.743993	0.215017	0.040990	
0.029055	0.452959	0.517987	
0.011811	0.081852	0.906337	
0.006407	0.565583	0.428010	
0.007753	0.443478	0.548769	
0.201630	0.603311	0.195059	
0.208463	0.411074	0.380464	
0.731741	0.212547	0.055713	
0.008113	0.653003	0.338884	
0.008045	0.164561	0.827394	
0.014594	0.579718	0.405688	
0.040005	0.288115	0.671880	
0.071861	0.295014	0.633125	
0.559300	0.332504	0.108195	
0.799486	0.164386	0.036128	
0.746099	0.206076	0.047825	
0.192343	0.428867	0.378790	
0.014319	0.151034	0.834646	
0.004082	0.151610	0.844308	
0.650397	0.274581	0.075022	
0.442612	0.371614	0.185774	
0.029937	0.400811	0.569252	
0.058495	0.605023	0.336482	
0.414555	0.276393	0.309052	
0.015092	0.075603	0.909305	
0.001369	0.024073	0.974557	
0.000520	0.015643	0.983837	
0.104084	0.660204	0.235712	
0.011317	0.424917	0.563766	
0.360295	0.468919	0.170786	
0.352684	0.423043	0.224273	
0.326618	0.509239	0.164143	
0.687417	0.257811	0.054772	
0.029542	0.202132	0.768326	
0.001191	0.017640	0.981168	
0.044980	0.478700	0.476319	
0.004005	0.092360	0.903635	
0.485356	0.348876	0.165768	
0.005709	0.064722	0.929569	
0.363662	0.489104	0.147234	
0.858229	0.127788	0.013983	
0.436008	0.361256	0.202737	
0.006519	0.564416	0.429065	
0.004330	0.270600	0.725070	
0.038288	0.729901	0.231811	
0.041724	0.208995	0.749281	
0.422344	0.345726	0.231931	
0.017286	0.597260	0.385454	
0.320181	0.393532	0.286286	
0.003895	0.052033	0.944072	
0.396162	0.399350	0.204488	
0.003485	0.482160	0.514355	
0.092973	0.307055	0.599972	
0.004676	0.305778	0.689546	
0.005274	0.050694	0.944032	
0.253271	0.441589	0.305139	
0.010202	0.345946	0.643852	
0.011031	0.055052	0.933917	
0.012113	0.050221	0.937666	
0.002599	0.053666	0.943735	
0.012569	0.692765	0.294666	
0.030483	0.165982	0.803535	
0.010164	0.304629	0.685207	
0.011129	0.210423	0.778448	
0.005834	0.426918	0.567248	
0.035744	0.614205	0.350051	
0.019183	0.294610	0.686207	
0.087597	0.201466	0.710938	
0.724713	0.225784	0.049503	
0.041004	0.329400	0.629596	
0.612265	0.298664	0.089072	
0.184200	0.430500	0.385300	
0.011576	0.636413	0.352010	
0.060530	0.614773	0.324697	
0.007436	0.215213	0.777351	
0.003033	0.193646	0.803321	
0.452028	0.345276	0.202696	
0.007410	0.624537	0.368053	
0.093331	0.316182	0.590487	
0.121142	0.521008	0.357850	
0.364884	0.369641	0.265475	
0.714220	0.230800	0.054980	
0.007774	0.478355	0.513870	
0.008389	0.511488	0.480123	
0.006596	0.035055	0.958350	
0.000397	0.016337	0.983266	
0.001291	0.044835	0.953874	
0.470528	0.420225	0.109247	
0.005672	0.614868	0.379459	
0.043040	0.491287	0.465673	
0.006207	0.158217	0.835576	
0.001370	0.020852	0.977778	
0.086207	0.570195	0.343598	
0.006434	0.248766	0.744799	
0.006577	0.329486	0.663937	
0.110977	0.302685	0.586338	
0.204945	0.464534	0.330522	
0.018117	0.714718	0.267165	
0.000570	0.010140	0.989290	
0.010567	0.654074	0.335358	
0.183239	0.443533	0.373228	
0.004105	0.319882	0.676012	
0.004889	0.057216	0.937895	
0.015972	0.434172	0.549856	
0.011250	0.277708	0.711041	
0.007786	0.281520	0.710694	
0.011040	0.317206	0.671753	
0.006576	0.372170	0.621254	
0.011097	0.453333	0.535570	
0.007510	0.696920	0.295570	
0.006355	0.442715	0.550930	
0.100489	0.400467	0.499044	
0.189960	0.605778	0.204262	
0.004786	0.208890	0.786325	
0.007725	0.154136	0.838138	
0.033258	0.308050	0.658692	
0.029931	0.526712	0.443357	
0.009858	0.092468	0.897674	
0.009650	0.528216	0.462134	
0.040240	0.144997	0.814762	
0.028211	0.594160	0.377629	
0.004928	0.615941	0.379131	
0.015076	0.321147	0.663776	
0.006411	0.107919	0.885671	
0.694657	0.161884	0.143459	
0.002184	0.037669	0.960148	
0.476264	0.407431	0.116305	
0.025276	0.416882	0.557842	
0.000922	0.016837	0.982241	
0.395450	0.370310	0.234240	
0.015861	0.422866	0.561274	
0.221246	0.436532	0.342222	
0.008322	0.514044	0.477634	
0.004594	0.360386	0.635020	
0.011805	0.564925	0.423270	
0.037395	0.109953	0.852652	
0.014877	0.244444	0.740679	
0.012999	0.281364	0.705637	
0.728346	0.213522	0.058133	
0.442216	0.360886	0.196897	
0.422204	0.380287	0.197509	
0.730138	0.221463	0.048398	
0.003743	0.081101	0.915156	
0.086066	0.161738	0.752196	
0.003548	0.124075	0.872377	
0.086970	0.642402	0.270628	
0.010428	0.694507	0.295065	
0.045440	0.448545	0.506015	
0.075621	0.697570	0.226809	
0.015050	0.225459	0.759492	
0.004313	0.295682	0.700005	
0.006992	0.092919	0.900089	
0.005168	0.655916	0.338916	
0.145986	0.392642	0.461372	
0.228520	0.625653	0.145826	
0.007596	0.092959	0.899446	
0.474212	0.343058	0.182730	
0.013434	0.336314	0.650252	
0.021878	0.589868	0.388254	
0.124541	0.342723	0.532736	
0.001786	0.036979	0.961235	
0.176705	0.468122	0.355173	
0.182425	0.409174	0.408401	
0.026054	0.499456	0.474490	
0.017308	0.470697	0.511995	
0.003729	0.349902	0.646368	
0.030017	0.578133	0.391850	
0.202370	0.394722	0.402908	
0.118162	0.363107	0.518731	
0.007718	0.581055	0.411228	
0.032616	0.546485	0.420899	
0.007103	0.615530	0.377367	
0.267756	0.392824	0.339420	
0.229134	0.443952	0.326914	
0.020584	0.332422	0.646994	
0.084127	0.506614	0.409259	
0.079566	0.178552	0.741883	
0.551924	0.336317	0.111758	
0.008357	0.067733	0.923910	
0.019626	0.611200	0.369173	
0.005601	0.281244	0.713155	
0.033970	0.635482	0.330548	
0.020985	0.568864	0.410151	
0.293998	0.414014	0.291988	
0.040486	0.277189	0.682325	
0.006309	0.215863	0.777828	
0.034200	0.109076	0.856724	
0.004898	0.218826	0.776276	
0.014475	0.112123	0.873403	
0.115682	0.317674	0.566644	
0.004196	0.222040	0.773764	
0.132141	0.656469	0.211390	
0.004682	0.206740	0.788577	
0.013674	0.229967	0.756359	
0.834373	0.145849	0.019777	
0.007523	0.512310	0.480167	
0.012568	0.206492	0.780940	
0.014114	0.413167	0.572720	
0.008329	0.530607	0.461064	
0.341475	0.508018	0.150507	
0.015735	0.248126	0.736138	
0.144939	0.545105	0.309956	
0.024529	0.438108	0.537364	
0.022502	0.326195	0.651303	
0.124771	0.509681	0.365548	
0.531951	0.356272	0.111777	
0.011617	0.208088	0.780295	
0.231366	0.435514	0.333120	
0.069426	0.385205	0.545369	
0.054943	0.283134	0.661923	
0.201379	0.617209	0.181413	
0.007596	0.266889	0.725515	
0.796916	0.173925	0.029159	
0.005373	0.421422	0.573205	
0.275496	0.529390	0.195114	
0.006116	0.118804	0.875080	
0.391433	0.390014	0.218553	
0.297022	0.346248	0.356730	
0.169004	0.313701	0.517295	
0.001090	0.024092	0.974818	
0.004927	0.422861	0.572213	
0.016463	0.696306	0.287231	
0.007789	0.431809	0.560402	
0.216689	0.500344	0.282967	
0.000098	0.002766	0.997137	
0.030338	0.514050	0.455612	
0.038295	0.149221	0.812484	
0.000167	0.008891	0.990942	
0.611569	0.297659	0.090772	
0.129264	0.291109	0.579627	
0.010380	0.216752	0.772868	
0.448219	0.395159	0.156622	
0.002540	0.028623	0.968837	
0.009465	0.364088	0.626447	
0.051138	0.332202	0.616660	
0.190030	0.565536	0.244434	
0.833802	0.142914	0.023283	
0.012836	0.409032	0.578132	
0.242035	0.366776	0.391190	
0.004768	0.063439	0.931793	
0.114818	0.410186	0.474997	
0.164957	0.511754	0.323290	
0.006823	0.073748	0.919429	
0.044383	0.124761	0.830856	
0.000457	0.014406	0.985137	
0.242514	0.288971	0.468515	
0.015371	0.108786	0.875844	
0.448504	0.373810	0.177686	
0.002927	0.175530	0.821543	
0.035041	0.413709	0.551249	
0.006513	0.160181	0.833306	
0.109082	0.594034	0.296884	
0.000477	0.007793	0.991730	
0.758530	0.199879	0.041591	
0.514287	0.347044	0.138668	
0.004892	0.132081	0.863027	
0.430232	0.400637	0.169131	
0.001309	0.017424	0.981267	
0.173732	0.528328	0.297940	
0.007672	0.068055	0.924273	
0.309052	0.306575	0.384372	
0.050859	0.177788	0.771353	
0.263037	0.534604	0.202358	
0.011210	0.482484	0.506306	
0.171076	0.419410	0.409514	
0.213956	0.377902	0.408142	
0.886623	0.102870	0.010507	
0.005478	0.044007	0.950515	
0.200492	0.351710	0.447798	
0.010408	0.381503	0.608089	
0.216132	0.340626	0.443242	
0.228657	0.490890	0.280452	
0.050711	0.201271	0.748018	
0.599500	0.304923	0.095577	
0.041705	0.124985	0.833309	
0.039549	0.411488	0.548963	
0.042659	0.470040	0.487301	
0.286793	0.354033	0.359174	
0.190499	0.362163	0.447338	
0.000271	0.007610	0.992119	
0.269721	0.455391	0.274888	
0.016355	0.268815	0.714830	
0.008659	0.214718	0.776623	
0.317320	0.377842	0.304838	
0.229498	0.441587	0.328914	
0.111905	0.557900	0.330195	
0.162246	0.423706	0.414048	
0.025911	0.280377	0.693712	
0.022796	0.413557	0.563646	
0.028739	0.505093	0.466167	
0.262399	0.369895	0.367706	
0.027790	0.553065	0.419146	
0.002049	0.109924	0.888027	
0.019760	0.286628	0.693613	
0.226500	0.537353	0.236148	
0.016243	0.297704	0.686053	
0.277390	0.546961	0.175649	
0.018005	0.344287	0.637708	
0.007001	0.085472	0.907526	
0.012757	0.187268	0.799976	
0.209160	0.400270	0.390569	
0.005299	0.101307	0.893394	
0.015816	0.649193	0.334991	
0.006995	0.105349	0.887656	
0.023106	0.556403	0.420491	
0.834232	0.148435	0.017333	
0.010227	0.502693	0.487080	
0.017410	0.678484	0.304106	
0.010560	0.650634	0.338805	
0.294760	0.404247	0.300993	
0.215887	0.307461	0.476651	
0.069082	0.603989	0.326928	
0.594526	0.311158	0.094316	
0.058869	0.415540	0.525591	
0.068471	0.447715	0.483814	
0.008423	0.148205	0.843372	
0.015428	0.178628	0.805945	
0.003118	0.048443	0.948438	
0.013434	0.336314	0.650252	
0.087977	0.367582	0.544441	
0.045278	0.341346	0.613376	
0.324293	0.384096	0.291612	
0.027920	0.601498	0.370581	
0.500025	0.352475	0.147500	
0.070011	0.210194	0.719795	
0.015360	0.045124	0.939516	
0.023879	0.219835	0.756286	
0.000824	0.030965	0.968211	
0.009344	0.101665	0.888991	
0.346031	0.372265	0.281704	
0.009839	0.308961	0.681200	
0.145115	0.476176	0.378709	
0.012979	0.153100	0.833921	
0.085245	0.157892	0.756863	
0.169539	0.291928	0.538532	
0.008463	0.109877	0.881659	
0.673466	0.209176	0.117358	
0.042456	0.649611	0.307933	
0.012052	0.183301	0.804647	
0.381842	0.332840	0.285318	
0.006362	0.071757	0.921881	
0.594747	0.310425	0.094828	
0.000799	0.011658	0.987543	
0.140999	0.300773	0.558227	
0.101366	0.602021	0.296614	
0.053632	0.312265	0.634103	
0.352292	0.385846	0.261861	
0.046622	0.265984	0.687394	
0.058109	0.225089	0.716803	
0.203085	0.296486	0.500429	
0.276534	0.394906	0.328560	
0.208337	0.510922	0.280740	
0.312690	0.498076	0.189233	
0.146889	0.342313	0.510798	
0.195634	0.356741	0.447625	
0.460045	0.367038	0.172918	
0.667593	0.265191	0.067216	
0.589707	0.299621	0.110672	
0.469336	0.352674	0.177990	
0.830633	0.151682	0.017685	
0.579737	0.292114	0.128150	
0.203930	0.312470	0.483600	
0.292686	0.447885	0.259429	
0.367240	0.343871	0.288889	
0.004679	0.067438	0.927884	
0.019577	0.252159	0.728264	
0.401243	0.368718	0.230039	
0.194961	0.601950	0.203089	
0.634947	0.277071	0.087983	
0.259245	0.388701	0.352054	
0.367259	0.343262	0.289478	
0.019296	0.557987	0.422717	
0.547283	0.302034	0.150683	
0.384944	0.474228	0.140829	
0.024612	0.614535	0.360853	
0.373642	0.333679	0.292680	
0.084312	0.442942	0.472746	
0.218137	0.363149	0.418714	
0.258236	0.459170	0.282593	
0.402238	0.375463	0.222300	
0.363877	0.355628	0.280495	
0.339453	0.353681	0.306865	
0.567905	0.332776	0.099319	
0.530197	0.334932	0.134871	
0.006611	0.039436	0.953953	
0.343505	0.288419	0.368076	
0.011674	0.106638	0.881688	
0.124676	0.536312	0.339012	
0.328766	0.394152	0.277081	
0.096488	0.487641	0.415871	
0.010864	0.058593	0.930543	
0.010817	0.595016	0.394168	
0.001386	0.076833	0.921781	
0.210235	0.301235	0.488530	
0.062187	0.482662	0.455150	
0.387643	0.385335	0.227022	
0.052080	0.296047	0.651873	
0.594668	0.310752	0.094580	
0.243994	0.577137	0.178869	
0.014859	0.541256	0.443884	
0.311741	0.306992	0.381267	
0.043420	0.344913	0.611667	
0.616979	0.254670	0.128351	
0.155644	0.387175	0.457181	
0.157780	0.603046	0.239174	
0.733147	0.217187	0.049665	
0.698107	0.244317	0.057576	
0.037724	0.262086	0.700190	
0.065346	0.571734	0.362920	
0.272330	0.418353	0.309317	
0.610075	0.289539	0.100387	
0.305768	0.349208	0.345024	
0.056333	0.657943	0.285725	
0.263153	0.500762	0.236085	
0.331618	0.511048	0.157334	
0.033442	0.642236	0.324322	
0.165626	0.674664	0.159710	
0.297541	0.384593	0.317866	
0.790128	0.197180	0.012693	
0.197239	0.617482	0.185278	
0.134759	0.579114	0.286128	
0.563842	0.311188	0.124969	
0.785171	0.191426	0.023403	
0.813901	0.167092	0.019006	
0.869731	0.118916	0.011353	
0.346643	0.548479	0.104878	
0.751000	0.214008	0.034992	
0.758671	0.208918	0.032411	
0.747208	0.223367	0.029426	
0.742827	0.226455	0.030718	
0.040001	0.086867	0.873132	
0.783364	0.190128	0.026509	
0.351358	0.470273	0.178368	
0.286130	0.559872	0.153998	
0.002601	0.018823	0.978576	
0.489030	0.402361	0.108609	
0.442670	0.425170	0.132160	
0.874029	0.115286	0.010685	
0.574594	0.343187	0.082219	
0.184148	0.522808	0.293043	
0.172566	0.554941	0.272493	
0.029407	0.729778	0.240814	
0.011982	0.749339	0.238679	
0.031073	0.639171	0.329756	
0.190637	0.502034	0.307329	
0.086459	0.738755	0.174786	
0.523521	0.391512	0.084967	
0.107414	0.671065	0.221522	
0.185589	0.312476	0.501935	
0.196086	0.393401	0.410513	
0.192512	0.635749	0.171739	
0.184389	0.596671	0.218940	
0.831888	0.149585	0.018527	
0.171930	0.651041	0.177030	
0.071924	0.517694	0.410382	
0.259365	0.614482	0.126153	
0.010564	0.709155	0.280282	
0.484923	0.408977	0.106100	
0.308058	0.523328	0.168614	
0.015515	0.196964	0.787521	
0.050579	0.122053	0.827368	
0.694401	0.252458	0.053141	
0.634912	0.274048	0.091039	
0.331225	0.561626	0.107149	
0.422327	0.466590	0.111082	
0.147243	0.697271	0.155486	
0.500778	0.433876	0.065346	
0.073314	0.604028	0.322658	
0.232197	0.632475	0.135328	
0.727439	0.237710	0.034851	
0.033500	0.720142	0.246359	
0.078573	0.753388	0.168038	
0.187663	0.685106	0.127231	
0.540838	0.336902	0.122261	
0.371054	0.438357	0.190589	
0.315294	0.616641	0.068065	
0.187403	0.590531	0.222067	
0.140444	0.698638	0.160918	
0.462013	0.421395	0.116592	
0.622021	0.289333	0.088645	
0.387130	0.511390	0.101480	
0.617311	0.296326	0.086362	
0.039556	0.705255	0.255189	
0.451683	0.343481	0.204836	
0.119401	0.666713	0.213885	
0.075527	0.491974	0.432499	
0.179159	0.614297	0.206545	
0.294192	0.381283	0.324524	
0.139592	0.545853	0.314555	
0.047455	0.413159	0.539386	
0.009931	0.703992	0.286078	
0.148609	0.321640	0.529751	
0.633809	0.306704	0.059487	
0.040645	0.629583	0.329772	
0.124714	0.683390	0.191896	
0.395314	0.494916	0.109770	
0.381753	0.547251	0.070996	
0.640462	0.254924	0.104614	
0.474982	0.397499	0.127519	
0.171667	0.271206	0.557127	
0.752270	0.215946	0.031784	
0.423927	0.426644	0.149429	
0.142037	0.369382	0.488581	
0.003349	0.605253	0.391398	
0.010730	0.539812	0.449458	
0.331308	0.475425	0.193267	
0.000893	0.018639	0.980468	
0.449502	0.389128	0.161370	
0.210629	0.460107	0.329264	
0.005882	0.653906	0.340212	
0.277235	0.505136	0.217629	
0.000716	0.010173	0.989110	
0.006186	0.137245	0.856569	
0.141233	0.551786	0.306981	
0.025405	0.471351	0.503243	
0.068189	0.472729	0.459083	
0.210172	0.550381	0.239446	
0.011679	0.473470	0.514850	
0.011816	0.541171	0.447013	
0.410154	0.392274	0.197572	
0.116599	0.702232	0.181169	
0.031934	0.471085	0.496981	
0.031882	0.372913	0.595204	
0.009039	0.586105	0.404855	
0.041840	0.610938	0.347222	
0.101636	0.568736	0.329629	
0.064290	0.579254	0.356457	
0.011612	0.208640	0.779748	
0.006435	0.628540	0.365025	
0.008194	0.465602	0.526204	
0.004532	0.383304	0.612165	
0.001268	0.021148	0.977584	
0.004819	0.630923	0.364258	
0.002022	0.153232	0.844746	
0.021719	0.076869	0.901413	
0.019290	0.290527	0.690183	
0.013609	0.286051	0.700340	
0.062769	0.367808	0.569423	
0.002469	0.296964	0.700567	
0.326606	0.480839	0.192556	
0.453462	0.370159	0.176379	
0.009211	0.106534	0.884255	
0.073782	0.581187	0.345032	
0.112539	0.589726	0.297735	
0.010525	0.456701	0.532774	
0.001773	0.181169	0.817058	
0.004763	0.619387	0.375850	
0.005041	0.089796	0.905164	
0.024342	0.572650	0.403008	
0.002794	0.462539	0.534667	
0.007577	0.364335	0.628088	
0.112900	0.512246	0.374854	
0.493115	0.340003	0.166881	
0.012170	0.184109	0.803721	
0.245375	0.313283	0.441342	
0.115296	0.274405	0.610299	
0.005594	0.404308	0.590098	
0.162412	0.505997	0.331591	
0.050126	0.685476	0.264398	
0.343040	0.442138	0.214821	
0.151373	0.510021	0.338606	
0.015520	0.498704	0.485776	
0.007291	0.616436	0.376273	
0.267794	0.489644	0.242562	
0.238798	0.534397	0.226804	
0.047756	0.176114	0.776129	
0.189294	0.468047	0.342660	
0.020221	0.381019	0.598760	
0.020501	0.357855	0.621644	
0.010543	0.185083	0.804374	
0.464633	0.344645	0.190722	
0.158078	0.367015	0.474907	
0.008019	0.658487	0.333494	
0.010035	0.542266	0.447699	
0.004506	0.223973	0.771522	
0.524604	0.344017	0.131378	
0.036711	0.678880	0.284410	
0.020110	0.656533	0.323357	
0.008101	0.429292	0.562607	
0.104164	0.531188	0.364647	
0.238415	0.490732	0.270853	
0.132183	0.553566	0.314252	
0.493556	0.369058	0.137386	
0.006056	0.064792	0.929152	
0.000821	0.020530	0.978649	
0.798550	0.176007	0.025443	
0.173366	0.448541	0.378093	
0.018418	0.622048	0.359534	
0.005584	0.108218	0.886198	
0.002701	0.479636	0.517664	
0.080646	0.438974	0.480380	
0.015292	0.155935	0.828773	
0.021061	0.268493	0.710446	
0.010780	0.341563	0.647657	
0.146514	0.494164	0.359322	
0.007304	0.563989	0.428707	
0.031766	0.410940	0.557295	
0.012373	0.284459	0.703168	
0.082788	0.338390	0.578823	
0.007502	0.268959	0.723539	
0.011814	0.175614	0.812572	
0.080148	0.620761	0.299090	
0.275569	0.434625	0.289807	
0.150977	0.539903	0.309120	
0.099741	0.588476	0.311783	
0.010142	0.250350	0.739508	
0.056058	0.468156	0.475786	
0.007911	0.647737	0.344353	
0.049415	0.178946	0.771639	
0.020257	0.598483	0.381259	
0.024736	0.327172	0.648092	
0.404180	0.450960	0.144860	
0.067712	0.404073	0.528215	
0.057845	0.481791	0.460364	
0.231168	0.522503	0.246329	
0.004529	0.063278	0.932193	
0.010560	0.280691	0.708749	
0.013260	0.269446	0.717295	
0.008771	0.081979	0.909249	
0.290434	0.454825	0.254741	
0.043240	0.468258	0.488503	
0.008755	0.390090	0.601155	
0.002201	0.067449	0.930351	
0.017286	0.281004	0.701709	
0.011871	0.318262	0.669867	
0.017413	0.610044	0.372543	
0.103343	0.371638	0.525019	
0.009057	0.535229	0.455714	
0.016376	0.568618	0.415007	
0.024483	0.520474	0.455043	
0.150887	0.587802	0.261312	
0.011097	0.311825	0.677078	
0.812989	0.165579	0.021432	
0.006423	0.422998	0.570579	
0.009131	0.615367	0.375501	
0.005038	0.550325	0.444637	
0.021103	0.474019	0.504878	
0.004064	0.351616	0.644320	
0.014182	0.290786	0.695032	
0.032472	0.642171	0.325356	
0.008926	0.490560	0.500514	
0.009559	0.707699	0.282742	
0.567705	0.332766	0.099529	
0.071044	0.329514	0.599443	
0.009475	0.393881	0.596645	
0.005195	0.070364	0.924440	
0.004697	0.066465	0.928838	
0.352916	0.400828	0.246256	
0.014097	0.544594	0.441308	
0.014134	0.647234	0.338632	
0.012190	0.140573	0.847238	
0.008683	0.454624	0.536694	
0.007103	0.050675	0.942221	
0.147948	0.313795	0.538257	
0.019303	0.221573	0.759124	
0.017453	0.597086	0.385461	
0.012656	0.515588	0.471756	
0.133021	0.541436	0.325543	
0.006210	0.363181	0.630608	
0.624347	0.264842	0.110811	
0.023714	0.174370	0.801915	
0.007468	0.601954	0.390578	
0.005388	0.204350	0.790262	
0.046430	0.704568	0.249002	
0.056113	0.382561	0.561327	
0.014060	0.680006	0.305934	
0.220665	0.606779	0.172556	
0.008323	0.328498	0.663179	
0.101338	0.503365	0.395297	
0.003804	0.464364	0.531832	
0.150187	0.495316	0.354497	
0.187863	0.544720	0.267417	
0.205657	0.487825	0.306517	
0.009817	0.126426	0.863757	
0.005246	0.195399	0.799355	
0.019758	0.251777	0.728464	
0.009566	0.071592	0.918842	
0.284035	0.366215	0.349750	
0.007925	0.541546	0.450529	
0.007595	0.560629	0.431776	
0.322913	0.487210	0.189877	
0.080483	0.306366	0.613151	
0.015533	0.232049	0.752418	
0.017418	0.202993	0.779589	
0.009412	0.591756	0.398832	
0.521201	0.342418	0.136382	
0.264502	0.487418	0.248080	
0.250842	0.503987	0.245170	
0.216790	0.520225	0.262985	
0.051414	0.668600	0.279987	
0.099322	0.460361	0.440317	
0.479869	0.326267	0.193864	
0.480589	0.383371	0.136040	
0.642097	0.261999	0.095904	
0.009044	0.516598	0.474358	
0.041399	0.699807	0.258794	
0.162909	0.453150	0.383941	
0.353658	0.430595	0.215748	
0.246435	0.548190	0.205375	
0.084850	0.675988	0.239161	
0.268928	0.519351	0.211721	
0.039201	0.477534	0.483265	
0.012429	0.097605	0.889966	
0.011653	0.277207	0.711139	
0.386163	0.386862	0.226975	
0.106538	0.385622	0.507840	
0.019208	0.393925	0.586867	
0.296962	0.465126	0.237911	
0.503824	0.357159	0.139018	
0.075651	0.623568	0.300781	
0.038093	0.274177	0.687729	
0.137562	0.562665	0.299773	
0.051864	0.102351	0.845785	
0.095490	0.337996	0.566513	
0.713759	0.237771	0.048471	
0.680795	0.256874	0.062331	
0.034495	0.209228	0.756278	
0.000984	0.030241	0.968775	
0.025949	0.643572	0.330480	
0.278451	0.359286	0.362263	
0.223384	0.581466	0.195150	
0.465182	0.397296	0.137522	
0.170561	0.591008	0.238432	
0.196769	0.601395	0.201835	
0.095303	0.306450	0.598248	
0.121546	0.519616	0.358837	
0.459116	0.384136	0.156748	
0.250819	0.511918	0.237263	
0.124031	0.423120	0.452849	
0.017577	0.733397	0.249026	
0.145086	0.597380	0.257533	
0.009536	0.615909	0.374555	
0.076307	0.608858	0.314835	
0.199819	0.632798	0.167383	
0.588731	0.319176	0.092094	
0.374545	0.253332	0.372122	
0.070538	0.139628	0.789834	
0.028132	0.610018	0.361851	
0.473287	0.374515	0.152199	
0.190080	0.670381	0.139539	
0.006078	0.655916	0.338006	
0.343999	0.462980	0.193021	
0.005616	0.665375	0.329009	
0.363908	0.458925	0.177167	
0.026917	0.656982	0.316101	
0.007605	0.375647	0.616747	
0.290430	0.389050	0.320520	
0.097946	0.648233	0.253821	
0.013410	0.367511	0.619079	
0.090029	0.642055	0.267916	
0.052679	0.628005	0.319316	
0.153896	0.168503	0.677601	
0.165179	0.455526	0.379295	
0.004434	0.550544	0.445023	
0.125483	0.602180	0.272337	
0.008904	0.786470	0.204627	
0.024620	0.445508	0.529872	
0.006746	0.104032	0.889223	
0.011387	0.562330	0.426284	
0.031477	0.620055	0.348468	
0.065089	0.214091	0.720820	
0.003866	0.615280	0.380854	
0.002376	0.034646	0.962978	
0.007151	0.621383	0.371466	
0.851350	0.132345	0.016305	
0.044697	0.717592	0.237711	
0.008264	0.479222	0.512514	
0.018020	0.661205	0.320776	
0.347322	0.491159	0.161519	
0.017515	0.711026	0.271459	
0.048028	0.431891	0.520081	
0.176082	0.584920	0.238998	
0.012401	0.353841	0.633758	
0.645300	0.275717	0.078984	
0.009365	0.620180	0.370455	
0.486301	0.324791	0.188908	
0.607079	0.290500	0.102422	
0.061167	0.606236	0.332598	
0.007777	0.396244	0.595979	
0.026770	0.721630	0.251600	
0.194574	0.482222	0.323204	
0.070111	0.507335	0.422554	
0.032539	0.392749	0.574712	
0.025514	0.162906	0.811580	
0.049857	0.159666	0.790477	
0.251106	0.480621	0.268273	
0.231754	0.380390	0.387857	
0.008322	0.227549	0.764129	
0.739779	0.213051	0.047170	
0.014503	0.535241	0.450256	
0.036468	0.384465	0.579067	
0.013378	0.706745	0.279877	
0.149687	0.481044	0.369268	
0.079656	0.501311	0.419032	
0.260296	0.583158	0.156546	
0.020081	0.080274	0.899645	
0.008104	0.052908	0.938988	
0.080609	0.379128	0.540263	
0.010391	0.328452	0.661158	
0.630897	0.288934	0.080169	
0.071037	0.672029	0.256934	
0.098707	0.558885	0.342408	
0.022839	0.164319	0.812842	
0.021642	0.104760	0.873598	
0.020004	0.674173	0.305823	
0.026146	0.363196	0.610657	
0.642455	0.287860	0.069686	
0.025130	0.074251	0.900619	
0.050041	0.164046	0.785913	
0.015904	0.348520	0.635576	
0.322989	0.451932	0.225078	
0.664605	0.267542	0.067853	
0.386611	0.396746	0.216644	
0.446678	0.362935	0.190388	
0.659202	0.275673	0.065125	
0.106687	0.378952	0.514361	
0.047063	0.699828	0.253109	
0.106472	0.230605	0.662923	
0.017252	0.714428	0.268320	
0.338682	0.371030	0.290288	
0.386926	0.449504	0.163570	
0.015427	0.552035	0.432537	
0.720987	0.225740	0.053273	
0.545897	0.322607	0.131496	
0.296260	0.542377	0.161363	
0.471011	0.386412	0.142577	
0.001624	0.025728	0.972648	
0.031619	0.642579	0.325801	
0.011440	0.273035	0.715525	
0.008703	0.448969	0.542328	
0.010852	0.642348	0.346800	
0.382762	0.377279	0.239959	
0.611990	0.306200	0.081810	
0.143217	0.511128	0.345655	
0.011245	0.639997	0.348757	
0.014882	0.692313	0.292804	
0.022155	0.578268	0.399576	
0.088970	0.242395	0.668634	
0.029492	0.549074	0.421434	
0.071096	0.548413	0.380492	
0.037939	0.204515	0.757547	
0.015942	0.373307	0.610752	
0.003309	0.031170	0.965520	
0.002612	0.034619	0.962769	
0.831606	0.150850	0.017544	
0.023956	0.194164	0.781880	
0.170226	0.390615	0.439160	
0.531291	0.341072	0.127638	
0.011051	0.419121	0.569828	
0.007966	0.272424	0.719610	
0.007646	0.642608	0.349746	
0.021395	0.637630	0.340976	
0.169955	0.402809	0.427236	
0.478367	0.366048	0.155585	
0.034223	0.403577	0.562201	
0.006336	0.392921	0.600743	
0.385420	0.441461	0.173120	
0.020259	0.087731	0.892011	
0.075883	0.268899	0.655218	
0.121922	0.548064	0.330015	
0.073371	0.597210	0.329419	
0.013487	0.128040	0.858473	
0.504917	0.269253	0.225830	
0.007534	0.258759	0.733707	
0.033414	0.340550	0.626036	
0.595684	0.284374	0.119942	
0.072180	0.638437	0.289384	
0.003442	0.471624	0.524934	
0.147512	0.240639	0.611848	
0.420462	0.376208	0.203330	
0.020885	0.372348	0.606767	
0.004389	0.084873	0.910737	
0.385430	0.454394	0.160176	
0.050608	0.379565	0.569827	
0.185901	0.413526	0.400573	
0.008760	0.681620	0.309620	
0.018144	0.207717	0.774139	
0.643953	0.275855	0.080192	
0.009850	0.059203	0.930947	
0.117074	0.442079	0.440847	
0.024461	0.364814	0.610725	
0.439621	0.373282	0.187097	
0.177186	0.614880	0.207934	
0.868308	0.120422	0.011270	
0.042722	0.554273	0.403004	
0.013717	0.380798	0.605485	
0.040353	0.448196	0.511451	
0.497338	0.391174	0.111488	
0.143133	0.429679	0.427188	
0.289094	0.386971	0.323935	
0.068479	0.460196	0.471325	
0.085934	0.608762	0.305304	
0.013289	0.408374	0.578337	
0.054065	0.140884	0.805051	
0.008144	0.681297	0.310559	
0.001414	0.024157	0.974429	
0.620771	0.302180	0.077049	
0.140268	0.564239	0.295494	
0.009616	0.297542	0.692841	
0.002434	0.045882	0.951684	
0.014960	0.159282	0.825759	
0.592201	0.300017	0.107782	
0.343162	0.384817	0.272021	
0.006283	0.399157	0.594561	
0.171056	0.304222	0.524723	
0.001432	0.022701	0.975867	
0.258994	0.443430	0.297577	
0.321308	0.513351	0.165341	
0.005564	0.211520	0.782916	
0.205863	0.337637	0.456500	
0.242734	0.321827	0.435439	
0.046738	0.108463	0.844800	
0.034074	0.184301	0.781626	
0.392356	0.414625	0.193019	
0.031267	0.608360	0.360373	
0.000185	0.005609	0.994207	
0.369072	0.361473	0.269455	
0.036387	0.515896	0.447716	
0.000488	0.011000	0.988512	
0.008070	0.199278	0.792652	
0.181073	0.213616	0.605310	
0.015517	0.556413	0.428070	
0.042993	0.317389	0.639618	
0.301526	0.324792	0.373683	
0.016090	0.145478	0.838432	
0.296017	0.398080	0.305903	
0.008740	0.126707	0.864552	
0.001011	0.023365	0.975624	
0.008989	0.087830	0.903181	
0.030742	0.653539	0.315719	
0.001439	0.049756	0.948805	
0.004850	0.031838	0.963313	
0.484762	0.365308	0.149929	
0.298188	0.505510	0.196302	
0.836382	0.142223	0.021394	
0.004457	0.085863	0.909680	
0.001939	0.132672	0.865389	
0.006343	0.461653	0.532004	
0.092199	0.560816	0.346985	
0.014507	0.345805	0.639688	
0.000501	0.023603	0.975896	
0.025036	0.160385	0.814580	
0.510838	0.353268	0.135893	
0.165898	0.477958	0.356143	
0.004433	0.459268	0.536299	
0.041420	0.438925	0.519655	
0.164553	0.507368	0.328079	
0.918732	0.076305	0.004963	
0.009767	0.107534	0.882699	
0.025995	0.659632	0.314373	
0.445838	0.353729	0.200434	
0.064034	0.306108	0.629858	
0.062705	0.191343	0.745951	
0.233509	0.495085	0.271406	
0.010306	0.213370	0.776324	
0.525136	0.327268	0.147596	
0.011445	0.323810	0.664744	
0.039564	0.567316	0.393120	
0.486643	0.371321	0.142036	
0.082207	0.643058	0.274735	
0.000388	0.011043	0.988569	
0.197394	0.481673	0.320933	
0.756956	0.205478	0.037566	
0.006914	0.051638	0.941448	
0.334947	0.529861	0.135191	
0.386891	0.348909	0.264200	
0.062243	0.707712	0.230045	
0.144168	0.683707	0.172125	
0.006571	0.724427	0.269003	
0.123414	0.571076	0.305510	
0.479424	0.394004	0.126572	
0.265498	0.543157	0.191345	
0.218575	0.527605	0.253820	
0.330759	0.538234	0.131007	
0.519248	0.374017	0.106735	
0.208462	0.608773	0.182765	
0.019287	0.223954	0.756758	
0.701581	0.261102	0.037317	
0.631862	0.319207	0.048931	
0.666996	0.275023	0.057981	
0.002519	0.048784	0.948697	
0.022108	0.678034	0.299858	
0.372653	0.381054	0.246292	
0.600266	0.335634	0.064100	
0.012147	0.762330	0.225524	
0.643742	0.267400	0.088857	
0.576828	0.354155	0.069017	
0.472705	0.455101	0.072193	
0.080458	0.271600	0.647941	
0.135752	0.701421	0.162827	
0.053546	0.372923	0.573532	
0.124673	0.616342	0.258985	
0.721922	0.232472	0.045606	
0.226318	0.362687	0.410995	
0.300974	0.575591	0.123436	
0.006509	0.125717	0.867774	
0.501060	0.380526	0.118414	
0.800579	0.177620	0.021802	
0.503957	0.427224	0.068818	
0.377166	0.347760	0.275074	
0.007173	0.336994	0.655834	
0.007365	0.697421	0.295213	
0.002751	0.502174	0.495075	
0.275088	0.558616	0.166296	
0.011029	0.707982	0.280989	
0.121834	0.533120	0.345045	
0.011320	0.463075	0.525604	
0.327380	0.442800	0.229820	
0.153279	0.298037	0.548684	
0.052647	0.616061	0.331292	
0.091349	0.213926	0.694725	
0.104365	0.642897	0.252738	
0.003989	0.112777	0.883234	
0.117024	0.736137	0.146839	
0.031598	0.598716	0.369686	
0.218508	0.550979	0.230514	
0.113715	0.342679	0.543605	
0.031770	0.752977	0.215253	
0.000521	0.014402	0.985077	
0.015162	0.631389	0.353449	
0.004026	0.041410	0.954564	
0.010815	0.712353	0.276832	
0.834308	0.144928	0.020764	
0.003557	0.207455	0.788988	
0.023147	0.644670	0.332182	
0.019919	0.684195	0.295886	
0.330524	0.487816	0.181660	
0.224251	0.573874	0.201875	
0.003377	0.386954	0.609669	
0.205262	0.577244	0.217494	
0.070854	0.651146	0.278000	
0.064986	0.749312	0.185702	
0.409007	0.488925	0.102068	
0.155634	0.166073	0.678293	
0.037294	0.653075	0.309630	
0.583679	0.320629	0.095692	
0.205601	0.663519	0.130879	
0.005342	0.130848	0.863809	
0.258093	0.274937	0.466970	
0.000808	0.024058	0.975134	
0.383668	0.490847	0.125485	
0.005080	0.665025	0.329895	
0.413804	0.488703	0.097493	
0.017843	0.115428	0.866729	
0.023095	0.745981	0.230924	
0.683986	0.271966	0.044048	
0.721118	0.232173	0.046709	
0.021415	0.518837	0.459748	
0.240773	0.552335	0.206891	
0.008452	0.373142	0.618406	
0.239128	0.411518	0.349354	
0.230623	0.591541	0.177836	
0.011794	0.725934	0.262273	
0.534051	0.350286	0.115663	
0.010835	0.188262	0.800903	
0.271191	0.375907	0.352902	
0.738860	0.214500	0.046640	
0.001359	0.019625	0.979016	
0.050463	0.363849	0.585688	
0.013695	0.406107	0.580197	
0.659169	0.263199	0.077632	
0.024909	0.507905	0.467187	
0.066294	0.623916	0.309790	
0.032098	0.261694	0.706208	
0.140440	0.372676	0.486884	
0.418814	0.372734	0.208452	
0.178956	0.228140	0.592904	
0.012002	0.455665	0.532333	
0.056363	0.489863	0.453773	
0.048652	0.603654	0.347694	
0.429547	0.427069	0.143384	
0.170079	0.491026	0.338895	
0.293505	0.349693	0.356802	
0.017982	0.467054	0.514965	
0.562496	0.327570	0.109933	
0.022752	0.379971	0.597277	
0.036560	0.442095	0.521345	
0.058574	0.580114	0.361312	
0.232194	0.518932	0.248875	
0.223710	0.414835	0.361455	
0.198961	0.258565	0.542474	
0.007166	0.052697	0.940137	
0.038680	0.479819	0.481501	
0.005538	0.510377	0.484085	
0.008591	0.077409	0.914001	
0.030428	0.551952	0.417620	
0.250128	0.365253	0.384619	
0.002001	0.284620	0.713380	
0.153110	0.491315	0.355575	
0.009486	0.232394	0.758120	
0.015689	0.338371	0.645940	
0.136113	0.299782	0.564105	
0.000387	0.006686	0.992927	
0.726075	0.237390	0.036535	
0.053821	0.266295	0.679883	
0.027787	0.353438	0.618775	
0.678045	0.248144	0.073811	
0.648904	0.273982	0.077114	
0.007204	0.381951	0.610844	
0.075741	0.172632	0.751627	
0.007487	0.601906	0.390607	
0.011878	0.274387	0.713735	
0.003845	0.079454	0.916701	
0.223245	0.540676	0.236079	
0.475821	0.365491	0.158689	
0.002708	0.546689	0.450603	
0.095898	0.602470	0.301632	
0.026397	0.283287	0.690316	
0.086835	0.603593	0.309571	
0.000546	0.016244	0.983210	
0.000334	0.014365	0.985302	
0.140199	0.470574	0.389227	
0.004281	0.087050	0.908669	
0.384398	0.446277	0.169325	
0.004493	0.290731	0.704776	
0.006190	0.588209	0.405601	
0.000798	0.015027	0.984176	
0.019522	0.384856	0.595622	
0.080832	0.400682	0.518486	
0.026530	0.302102	0.671368	
0.011588	0.398615	0.589797	
0.002270	0.021927	0.975802	
0.012060	0.723370	0.264570	
0.011605	0.551675	0.436720	
0.264632	0.516043	0.219324	
0.042909	0.612913	0.344179	
0.012296	0.142304	0.845399	
0.439078	0.381411	0.179510	
0.004838	0.274926	0.720235	
0.005352	0.598553	0.396095	
0.008746	0.664477	0.326777	
0.589964	0.308102	0.101935	
0.503963	0.391111	0.104926	
0.011166	0.403212	0.585622	
0.010333	0.504883	0.484783	
0.008258	0.147335	0.844407	
0.232825	0.577046	0.190129	
0.010627	0.112288	0.877084	
0.788239	0.142970	0.068790	
0.006384	0.225675	0.767941	
0.006164	0.460915	0.532921	
0.078375	0.307365	0.614260	
0.000160	0.010451	0.989389	
0.009131	0.272372	0.718497	
0.377021	0.206818	0.416161	
0.402976	0.240386	0.356638	
0.055378	0.737405	0.207218	
0.101828	0.422627	0.475545	
0.220332	0.401786	0.377881	
0.024731	0.281962	0.693307	
0.004702	0.056454	0.938844	
0.106040	0.339364	0.554596	
0.209574	0.610586	0.179840	
0.041149	0.385223	0.573627	
0.562931	0.339372	0.097697	
0.045041	0.636195	0.318764	
0.017428	0.624026	0.358546	
0.002990	0.033417	0.963593	
0.082308	0.650116	0.267576	
0.367117	0.534302	0.098580	
0.063899	0.769391	0.166710	
0.334565	0.506576	0.158859	
0.017654	0.564254	0.418092	
0.007064	0.340689	0.652247	
0.007402	0.264267	0.728331	
0.215166	0.616350	0.168485	
0.633757	0.295946	0.070297	
0.238459	0.473882	0.287659	
0.058984	0.337139	0.603876	
0.003597	0.031795	0.964609	
0.705646	0.251557	0.042797	
0.006576	0.281138	0.712285	
0.220567	0.521259	0.258174	
0.017383	0.513044	0.469573	
0.206557	0.522627	0.270816	
0.092757	0.478194	0.429049	
0.006796	0.610412	0.382791	
0.364165	0.491028	0.144807	
0.079933	0.733482	0.186585	
0.016575	0.356366	0.627059	
0.678404	0.261808	0.059788	
0.231013	0.570087	0.198900	
0.009248	0.052919	0.937834	
0.431937	0.409150	0.158913	
0.702279	0.261892	0.035830	
0.855100	0.133472	0.011428	
0.666959	0.268344	0.064697	
0.013598	0.643538	0.342864	
0.023914	0.711359	0.264727	
0.000159	0.004004	0.995837	
0.013692	0.509541	0.476767	
0.330238	0.445603	0.224159	
0.164957	0.625519	0.209525	
0.006367	0.077993	0.915640	
0.007440	0.232315	0.760245	
0.196878	0.331692	0.471431	
0.624683	0.296242	0.079075	
0.009816	0.344488	0.645696	
0.026349	0.232471	0.741180	
0.012498	0.661402	0.326100	
0.222766	0.478770	0.298464	
0.107834	0.651411	0.240755	
0.680252	0.279722	0.040026	
0.810607	0.166137	0.023256	
0.021519	0.392264	0.586218	
0.004570	0.251884	0.743546	
0.541400	0.337176	0.121423	
0.669136	0.262257	0.068607	
0.009344	0.660433	0.330224	
0.183625	0.672100	0.144276	
0.049212	0.673234	0.277554	
0.012343	0.059556	0.928101	
0.020763	0.367201	0.612036	
0.112861	0.289824	0.597315	
0.015149	0.089918	0.894933	
0.008735	0.632508	0.358758	
0.005322	0.620555	0.374123	
0.005704	0.619933	0.374363	
0.012534	0.462799	0.524667	
0.003378	0.582123	0.414500	
0.501448	0.374823	0.123729	
0.416878	0.390274	0.192848	
0.049339	0.503637	0.447024	
0.104198	0.716070	0.179732	
0.140849	0.469745	0.389406	
0.390043	0.353495	0.256462	
0.007660	0.616758	0.375583	
0.496133	0.386293	0.117574	
0.645325	0.273820	0.080855	
0.192935	0.311784	0.495281	
0.000121	0.005877	0.994002	
0.012082	0.730802	0.257116	
0.091674	0.707785	0.200542	
0.136127	0.151241	0.712632	
0.007490	0.119120	0.873391	
0.163804	0.271628	0.564568	
0.000683	0.010636	0.988680	
0.001671	0.021883	0.976446	
0.002846	0.037262	0.959891	
0.096585	0.512880	0.390535	
0.019840	0.117014	0.863146	
0.011736	0.424624	0.563640	
0.000546	0.012705	0.986749	
0.000242	0.007508	0.992250	
0.005635	0.416578	0.577788	
0.005519	0.374390	0.620091	
0.575202	0.297983	0.126815	
0.000273	0.005213	0.994514	
0.140882	0.300677	0.558441	
0.001839	0.018369	0.979792	
0.252414	0.343220	0.404366	
0.013301	0.301522	0.685178	
0.009544	0.165993	0.824463	
0.488265	0.308704	0.203031	
0.016126	0.270498	0.713375	
0.000155	0.006655	0.993191	
0.292365	0.429295	0.278339	
0.747587	0.214797	0.037616	
0.028337	0.560310	0.411353	
0.096669	0.324929	0.578403	
0.042392	0.208252	0.749356	
0.009651	0.374009	0.616340	
0.113536	0.207585	0.678879	
0.434268	0.375754	0.189978	
0.009309	0.155604	0.835087	
0.065795	0.140199	0.794006	
0.084578	0.250543	0.664879	
0.013626	0.628033	0.358341	
0.031236	0.191874	0.776890	
0.011372	0.342207	0.646422	
0.034459	0.447368	0.518174	
0.013164	0.497425	0.489411	
0.006616	0.087680	0.905705	
0.022557	0.384640	0.592803	
0.075702	0.498220	0.426078	
0.013639	0.108764	0.877597	
0.004314	0.434690	0.560995	
0.043919	0.239463	0.716618	
0.068195	0.507728	0.424077	
0.045934	0.231483	0.722584	
0.447718	0.349616	0.202667	
0.176961	0.488201	0.334838	
0.563459	0.315378	0.121163	
0.000529	0.010513	0.988958	
0.004335	0.194072	0.801593	
0.348298	0.461227	0.190475	
0.241100	0.402975	0.355925	
0.037335	0.135751	0.826914	
0.047247	0.281733	0.671020	
0.445302	0.363366	0.191332	
0.213004	0.448602	0.338394	
0.250095	0.327255	0.422651	
0.004431	0.145942	0.849627	
0.411369	0.477411	0.111220	
0.036237	0.371942	0.591821	
0.006703	0.244193	0.749104	
0.011605	0.134247	0.854148	
0.004651	0.559034	0.436314	
0.053094	0.539169	0.407736	
0.678120	0.251356	0.070524	
0.108934	0.378624	0.512442	
0.417645	0.394813	0.187542	
0.491535	0.366031	0.142434	
0.072090	0.366511	0.561399	
0.076411	0.212110	0.711479	
0.284456	0.528899	0.186645	
0.435350	0.370045	0.194605	
0.534572	0.322486	0.142942	
0.085180	0.462910	0.451910	
0.005113	0.222581	0.772306	
0.003936	0.498647	0.497418	
0.327609	0.386056	0.286335	
0.056731	0.205330	0.737938	
0.072359	0.468688	0.458953	
0.022735	0.445273	0.531993	
0.616507	0.267162	0.116331	
0.004361	0.136355	0.859285	
0.002451	0.037756	0.959792	
0.047982	0.339583	0.612436	
0.001185	0.028887	0.969928	
0.005643	0.218138	0.776219	
0.002404	0.062497	0.935099	
0.004415	0.044011	0.951574	
0.485258	0.334912	0.179829	
0.001856	0.087370	0.910774	
0.024257	0.218606	0.757136	
0.559225	0.309911	0.130865	
0.005305	0.098444	0.896250	
0.013105	0.167425	0.819470	
0.032315	0.377122	0.590563	
0.227833	0.337895	0.434272	
0.040513	0.147886	0.811601	
0.020130	0.251126	0.728744	
0.005769	0.486550	0.507681	
0.036352	0.182378	0.781270	
0.439961	0.368241	0.191798	
0.822385	0.156018	0.021597	
0.002733	0.445848	0.551419	
0.011817	0.148873	0.839311	
0.003848	0.398931	0.597221	
0.006491	0.290316	0.703194	
0.071753	0.192159	0.736088	
0.000576	0.046310	0.953115	
0.005470	0.479285	0.515244	
0.003618	0.532170	0.464211	
0.022147	0.400852	0.577001	
0.142306	0.307290	0.550405	
0.406637	0.332347	0.261016	
0.004299	0.150398	0.845303	
0.022949	0.541579	0.435472	
0.007539	0.099870	0.892590	
0.012990	0.664770	0.322240	
0.016158	0.159035	0.824807	
0.001403	0.045362	0.953235	
0.479047	0.341826	0.179127	
0.005325	0.332634	0.662041	
0.080780	0.168879	0.750340	
0.006839	0.104982	0.888179	
0.068925	0.239228	0.691847	
0.012460	0.097749	0.889791	
0.015110	0.066283	0.918607	
0.006605	0.226878	0.766517	
0.000146	0.005502	0.994352	
0.532368	0.333217	0.134415	
0.000930	0.033584	0.965486	
0.002394	0.083966	0.913640	
0.011708	0.106724	0.881567	
0.009237	0.442996	0.547767	
0.002273	0.033243	0.964484	
0.003364	0.379193	0.617443	
0.329409	0.430812	0.239779	
0.140414	0.512651	0.346935	
0.005370	0.126225	0.868405	
0.018866	0.252536	0.728599	
0.051994	0.169491	0.778515	
0.079511	0.191540	0.728949	
0.004915	0.133158	0.861928	
0.327335	0.432519	0.240146	
0.005309	0.205610	0.789081	
0.004239	0.079493	0.916268	
0.053730	0.341994	0.604276	
0.002511	0.332751	0.664738	
0.006331	0.088942	0.904727	
0.001282	0.027414	0.971304	
0.002883	0.018728	0.978389	
0.091310	0.351904	0.556786	
