0.043861	0.300777	0.655362	
0.577712	0.322957	0.099332	
0.647085	0.190920	0.161995	
0.808632	0.167313	0.024055	
0.173188	0.434162	0.392650	
0.173188	0.434162	0.392650	
0.029868	0.147850	0.822282	
0.694572	0.251176	0.054252	
0.149192	0.223133	0.627675	
0.678362	0.262375	0.059263	
0.024611	0.440856	0.534533	
0.092390	0.656624	0.250986	
0.005523	0.201687	0.792790	
0.173188	0.434162	0.392650	
0.006423	0.680229	0.313348	
0.015510	0.137442	0.847048	
0.012861	0.562200	0.424939	
0.309008	0.644661	0.046331	
0.173188	0.434162	0.392650	
0.173188	0.434162	0.392650	
0.000547	0.016672	0.982780	
0.057708	0.250088	0.692204	
0.038682	0.268764	0.692555	
0.761349	0.201825	0.036827	
0.173188	0.434162	0.392650	
0.763464	0.204419	0.032117	
0.007036	0.531198	0.461767	
0.173188	0.434162	0.392650	
0.159614	0.566721	0.273664	
0.110694	0.324499	0.564807	
0.106562	0.293331	0.600107	
0.004207	0.063671	0.932122	
0.002389	0.026434	0.971178	
0.009574	0.088857	0.901569	
0.007536	0.623235	0.369229	
0.006746	0.173166	0.820089	
0.675049	0.262581	0.062370	
0.499560	0.362377	0.138063	
0.173188	0.434162	0.392650	
0.173188	0.434162	0.392650	
0.173188	0.434162	0.392650	
0.218938	0.691716	0.089346	
0.090666	0.584361	0.324974	
0.455332	0.371247	0.173421	
0.005127	0.644157	0.350717	
0.173188	0.434162	0.392650	
0.010294	0.144795	0.844911	
0.106736	0.160057	0.733206	
0.003084	0.404843	0.592073	
0.006239	0.079504	0.914256	
0.173188	0.434162	0.392650	
0.062337	0.753942	0.183721	
0.006069	0.451702	0.542229	
0.006809	0.197716	0.795475	
0.009667	0.705918	0.284414	
0.173188	0.434162	0.392650	
0.173188	0.434162	0.392650	
0.173188	0.434162	0.392650	
0.003888	0.425127	0.570985	
0.514108	0.353954	0.131938	
0.202706	0.593509	0.203786	
0.572305	0.343076	0.084618	
0.004405	0.087168	0.908427	
0.105059	0.225635	0.669306	
0.173188	0.434162	0.392650	
0.010439	0.381357	0.608204	
0.863298	0.122926	0.013776	
0.173188	0.434162	0.392650	
0.329023	0.472836	0.198141	
0.003990	0.096136	0.899874	
0.780728	0.182290	0.036982	
0.347825	0.342488	0.309687	
0.023017	0.494482	0.482501	
0.010545	0.621089	0.368366	
0.173188	0.434162	0.392650	
0.173188	0.434162	0.392650	
0.173188	0.434162	0.392650	
0.002807	0.036429	0.960764	
0.010835	0.683092	0.306073	
0.173188	0.434162	0.392650	
0.009911	0.612145	0.377944	
0.002939	0.034744	0.962317	
0.278433	0.368968	0.352600	
0.067867	0.155632	0.776501	
0.173188	0.434162	0.392650	
0.130875	0.484805	0.384320	
0.028769	0.577442	0.393789	
0.003959	0.097848	0.898193	
0.005256	0.109033	0.885711	
0.234345	0.337235	0.428420	
0.057857	0.614179	0.327964	
0.032022	0.659688	0.308290	
0.132436	0.689396	0.178168	
0.173188	0.434162	0.392650	
0.655435	0.273531	0.071034	
0.006048	0.300564	0.693388	
0.173188	0.434162	0.392650	
0.007990	0.674501	0.317509	
0.004065	0.519468	0.476467	
0.007161	0.054101	0.938738	
0.012075	0.638379	0.349546	
0.057014	0.605999	0.336987	
0.715022	0.245112	0.039866	
0.026090	0.464578	0.509331	
0.149148	0.514793	0.336058	
0.001904	0.562762	0.435334	
0.006672	0.545778	0.447549	
0.072490	0.451409	0.476101	
0.024779	0.594384	0.380837	
0.701565	0.242818	0.055617	
0.011060	0.151601	0.837339	
0.851425	0.132788	0.015787	
0.224266	0.580219	0.195515	
0.262380	0.498208	0.239412	
0.040737	0.388185	0.571078	
0.003439	0.522757	0.473805	
0.084322	0.163648	0.752029	
0.015156	0.639642	0.345202	
0.005699	0.525283	0.469018	
0.016174	0.755024	0.228803	
0.030661	0.592647	0.376693	
0.173188	0.434162	0.392650	
0.466528	0.360283	0.173190	
0.007247	0.135678	0.857074	
0.173188	0.434162	0.392650	
0.173188	0.434162	0.392650	
0.173188	0.434162	0.392650	
0.876341	0.113636	0.010023	
0.008174	0.581922	0.409904	
0.053566	0.367997	0.578437	
0.004601	0.416061	0.579338	
0.008537	0.339733	0.651730	
0.212309	0.406513	0.381178	
0.704506	0.244322	0.051172	
0.140922	0.594484	0.264593	
0.173188	0.434162	0.392650	
0.083184	0.460193	0.456623	
0.338761	0.355054	0.306184	
0.067262	0.539720	0.393018	
0.000358	0.015606	0.984036	
0.006510	0.695769	0.297721	
0.173188	0.434162	0.392650	
0.009009	0.188150	0.802841	
0.013162	0.519009	0.467830	
0.000082	0.007489	0.992429	
0.490335	0.388270	0.121395	
0.007455	0.677458	0.315087	
0.101423	0.536468	0.362109	
0.024390	0.603709	0.371901	
0.003717	0.293847	0.702436	
0.009997	0.707054	0.282949	
0.197969	0.453547	0.348484	
0.173188	0.434162	0.392650	
0.112933	0.159058	0.728008	
0.617962	0.306687	0.075352	
0.008838	0.673317	0.317845	
0.083722	0.649539	0.266739	
0.152328	0.449588	0.398084	
0.006734	0.622161	0.371105	
0.219702	0.569650	0.210648	
0.017388	0.302851	0.679760	
0.029015	0.212669	0.758317	
0.535931	0.331090	0.132979	
0.373927	0.422167	0.203905	
0.663460	0.247954	0.088585	
0.008509	0.399541	0.591950	
0.016209	0.050545	0.933246	
0.168755	0.553841	0.277404	
0.173188	0.434162	0.392650	
0.008284	0.530120	0.461596	
0.004268	0.296398	0.699335	
0.173188	0.434162	0.392650	
0.071703	0.797360	0.130937	
0.242486	0.432731	0.324783	
0.029538	0.265464	0.704997	
0.002359	0.063694	0.933947	
0.106025	0.626822	0.267153	
0.269015	0.386726	0.344258	
0.044967	0.309099	0.645934	
0.439045	0.369182	0.191774	
0.012821	0.736202	0.250977	
0.018799	0.337543	0.643658	
0.033864	0.315110	0.651026	
0.173188	0.434162	0.392650	
0.008656	0.438649	0.552695	
0.027999	0.794455	0.177545	
0.041397	0.304864	0.653740	
0.729341	0.230712	0.039947	
0.756669	0.207089	0.036242	
0.156231	0.389884	0.453885	
0.173188	0.434162	0.392650	
0.000365	0.008045	0.991589	
0.173188	0.434162	0.392650	
0.014280	0.604495	0.381225	
0.004801	0.102776	0.892423	
0.173188	0.434162	0.392650	
0.386352	0.488309	0.125339	
0.825401	0.152217	0.022382	
0.011918	0.142667	0.845415	
0.173188	0.434162	0.392650	
0.024989	0.512238	0.462773	
0.033969	0.609411	0.356620	
0.001018	0.014200	0.984782	
0.168170	0.513152	0.318678	
0.012059	0.384558	0.603382	
0.001139	0.014882	0.983979	
0.012624	0.642926	0.344450	
0.013491	0.387789	0.598720	
0.069457	0.688410	0.242133	
0.320749	0.419841	0.259410	
0.720409	0.233091	0.046500	
0.006561	0.492656	0.500783	
0.005820	0.418653	0.575527	
0.011716	0.588114	0.400170	
0.217590	0.426422	0.355988	
0.173188	0.434162	0.392650	
0.173188	0.434162	0.392650	
0.005487	0.607270	0.387243	
0.015266	0.106866	0.877868	
0.148039	0.301546	0.550415	
0.014655	0.583535	0.401810	
0.173188	0.434162	0.392650	
0.098625	0.544504	0.356871	
0.173188	0.434162	0.392650	
0.123302	0.398162	0.478536	
0.469464	0.371050	0.159486	
0.413758	0.445933	0.140309	
0.009668	0.659558	0.330774	
0.484372	0.400015	0.115612	
0.563171	0.378762	0.058067	
0.530305	0.318409	0.151286	
0.664680	0.295463	0.039857	
0.000094	0.004388	0.995517	
0.577514	0.315955	0.106530	
0.001936	0.020821	0.977242	
0.173188	0.434162	0.392650	
0.153344	0.268480	0.578177	
0.010661	0.105399	0.883940	
0.695403	0.252022	0.052575	
0.569124	0.317700	0.113177	
0.015610	0.616282	0.368109	
0.046908	0.733267	0.219824	
0.173188	0.434162	0.392650	
0.130875	0.484805	0.384320	
0.003748	0.531081	0.465171	
0.450520	0.335615	0.213865	
0.006653	0.586720	0.406627	
0.015028	0.117436	0.867536	
0.173188	0.434162	0.392650	
0.425721	0.456642	0.117637	
0.173188	0.434162	0.392650	
0.074370	0.304136	0.621494	
0.226651	0.516808	0.256541	
0.009677	0.291737	0.698587	
0.732352	0.222195	0.045452	
0.173188	0.434162	0.392650	
0.242868	0.355200	0.401931	
0.004989	0.243108	0.751904	
0.173188	0.434162	0.392650	
0.281972	0.458452	0.259577	
0.005494	0.663221	0.331286	
0.173188	0.434162	0.392650	
0.173188	0.434162	0.392650	
0.003308	0.560851	0.435841	
0.004048	0.071519	0.924432	
0.528035	0.345770	0.126195	
0.008940	0.478618	0.512443	
0.173188	0.434162	0.392650	
0.338944	0.384032	0.277025	
0.173188	0.434162	0.392650	
0.173188	0.434162	0.392650	
0.130604	0.314050	0.555346	
0.035522	0.133627	0.830850	
0.041508	0.096777	0.861715	
0.005192	0.183504	0.811305	
0.003612	0.077876	0.918511	
0.031372	0.623085	0.345542	
0.018026	0.775552	0.206422	
0.009021	0.064444	0.926535	
0.390405	0.450711	0.158883	
0.514013	0.333990	0.151997	
0.004324	0.045794	0.949881	
0.173188	0.434162	0.392650	
0.014308	0.324311	0.661381	
0.016341	0.186089	0.797570	
0.543116	0.324669	0.132215	
0.032676	0.542196	0.425128	
0.101112	0.411182	0.487706	
0.473273	0.428932	0.097795	
0.173188	0.434162	0.392650	
0.020153	0.677098	0.302749	
0.174413	0.620647	0.204940	
0.173188	0.434162	0.392650	
0.003842	0.240563	0.755595	
0.734536	0.218630	0.046834	
0.014506	0.696125	0.289368	
0.037331	0.647270	0.315400	
0.173188	0.434162	0.392650	
0.164021	0.481226	0.354753	
0.520982	0.425078	0.053940	
0.011059	0.094076	0.894866	
0.016048	0.391277	0.592675	
0.325045	0.475100	0.199856	
0.173188	0.434162	0.392650	
0.173188	0.434162	0.392650	
0.076640	0.608610	0.314751	
0.472713	0.358485	0.168803	
0.173188	0.434162	0.392650	
0.044060	0.254168	0.701772	
0.044806	0.289068	0.666126	
0.006355	0.684825	0.308820	
0.007409	0.636436	0.356155	
0.000621	0.018633	0.980746	
0.737458	0.218709	0.043833	
0.875580	0.113428	0.010992	
0.520677	0.336169	0.143154	
0.007271	0.407737	0.584993	
0.007011	0.665984	0.327006	
0.061778	0.074994	0.863229	
0.873956	0.112777	0.013267	
0.000050	0.001922	0.998028	
0.039229	0.103469	0.857302	
0.173188	0.434162	0.392650	
0.318810	0.235740	0.445450	
0.028667	0.652068	0.319265	
0.008898	0.540084	0.451019	
0.173188	0.434162	0.392650	
0.060808	0.640115	0.299076	
0.206308	0.571998	0.221694	
0.609183	0.310593	0.080224	
0.008512	0.088035	0.903453	
0.032215	0.631427	0.336358	
0.112604	0.196765	0.690631	
0.008987	0.621626	0.369387	
0.022720	0.310017	0.667263	
0.173188	0.434162	0.392650	
0.124053	0.527265	0.348682	
0.253119	0.561148	0.185733	
0.452620	0.345556	0.201824	
0.173188	0.434162	0.392650	
0.015097	0.469978	0.514924	
0.519454	0.360935	0.119611	
0.078162	0.423619	0.498219	
0.151897	0.525771	0.322333	
0.035911	0.057367	0.906722	
0.021276	0.189600	0.789124	
0.427401	0.353052	0.219547	
0.173188	0.434162	0.392650	
0.013797	0.590744	0.395459	
0.118899	0.406947	0.474154	
0.041063	0.477955	0.480982	
0.010352	0.366397	0.623251	
0.215484	0.329369	0.455147	
0.807153	0.168647	0.024200	
0.420485	0.371819	0.207695	
0.244668	0.456046	0.299286	
0.011235	0.065075	0.923690	
0.213618	0.242851	0.543531	
0.397807	0.432123	0.170069	
0.080818	0.682151	0.237031	
0.173188	0.434162	0.392650	
0.019524	0.639767	0.340709	
0.108548	0.366529	0.524922	
0.338887	0.567886	0.093227	
0.150405	0.352957	0.496638	
0.088943	0.291475	0.619582	
0.042687	0.078458	0.878855	
0.182148	0.329670	0.488182	
0.022641	0.075637	0.901723	
0.006239	0.646308	0.347453	
0.194458	0.466229	0.339313	
0.083964	0.153624	0.762412	
0.372955	0.528712	0.098333	
0.400728	0.380014	0.219257	
0.023303	0.590791	0.385906	
0.008680	0.085085	0.906235	
0.008242	0.051619	0.940139	
0.471244	0.383971	0.144785	
0.056329	0.216596	0.727075	
0.007741	0.669744	0.322514	
0.006215	0.051042	0.942743	
0.143890	0.639180	0.216930	
0.033806	0.728956	0.237238	
0.010394	0.515505	0.474100	
0.194005	0.382037	0.423959	
0.041831	0.621012	0.337156	
0.009691	0.064336	0.925973	
0.536003	0.333316	0.130680	
0.173188	0.434162	0.392650	
0.173188	0.434162	0.392650	
0.887117	0.098912	0.013971	
0.010944	0.617217	0.371838	
0.542808	0.355612	0.101581	
0.173188	0.434162	0.392650	
0.651762	0.292398	0.055840	
0.220978	0.591805	0.187217	
0.173188	0.434162	0.392650	
0.546813	0.347835	0.105352	
0.023981	0.714839	0.261180	
0.515939	0.383075	0.100986	
0.173188	0.434162	0.392650	
0.044417	0.290126	0.665457	
0.018554	0.274560	0.706886	
0.234870	0.567123	0.198007	
0.173188	0.434162	0.392650	
0.008451	0.541292	0.450257	
0.290542	0.422499	0.286959	
0.035836	0.158482	0.805682	
0.092055	0.652279	0.255666	
0.828865	0.153058	0.018077	
0.010112	0.129618	0.860270	
0.017260	0.499464	0.483276	
0.026307	0.287688	0.686005	
0.383550	0.523841	0.092609	
0.173188	0.434162	0.392650	
0.001280	0.046253	0.952467	
0.289159	0.480314	0.230527	
0.624978	0.275630	0.099392	
0.000468	0.010987	0.988545	
0.023069	0.241829	0.735102	
0.862580	0.124487	0.012933	
0.002437	0.085071	0.912492	
0.035380	0.722233	0.242387	
0.549073	0.328847	0.122080	
0.009222	0.635917	0.354860	
0.086443	0.399375	0.514181	
0.060128	0.303588	0.636284	
0.173188	0.434162	0.392650	
0.066342	0.587567	0.346092	
0.835996	0.148987	0.015017	
0.353057	0.574372	0.072572	
0.016209	0.539653	0.444139	
0.008146	0.068492	0.923362	
0.625740	0.293142	0.081118	
0.173188	0.434162	0.392650	
0.009445	0.097335	0.893220	
0.003028	0.047646	0.949326	
0.007536	0.633589	0.358875	
0.650800	0.300314	0.048886	
0.004878	0.636059	0.359062	
0.588418	0.308354	0.103228	
0.110087	0.687307	0.202607	
0.173188	0.434162	0.392650	
0.375661	0.416696	0.207643	
0.165138	0.459780	0.375081	
0.671531	0.252023	0.076446	
0.399527	0.430859	0.169615	
0.173188	0.434162	0.392650	
0.005150	0.437550	0.557300	
0.098506	0.230758	0.670736	
0.010144	0.201161	0.788695	
0.203460	0.285358	0.511182	
0.010582	0.473354	0.516064	
0.040110	0.114205	0.845685	
0.774882	0.190225	0.034893	
0.004468	0.592055	0.403476	
0.021305	0.210965	0.767730	
0.453911	0.356480	0.189609	
0.030108	0.722189	0.247703	
0.173188	0.434162	0.392650	
0.002421	0.128743	0.868836	
0.019198	0.187281	0.793520	
0.112638	0.502344	0.385018	
0.274669	0.311386	0.413946	
0.173188	0.434162	0.392650	
0.173188	0.434162	0.392650	
0.008081	0.234667	0.757252	
0.003737	0.035598	0.960665	
0.000281	0.006111	0.993608	
0.039153	0.682293	0.278554	
0.113670	0.690958	0.195371	
0.591722	0.298766	0.109512	
0.006079	0.177039	0.816882	
0.009809	0.518246	0.471945	
0.210046	0.672104	0.117850	
0.875655	0.111228	0.013117	
0.173188	0.434162	0.392650	
0.000247	0.006815	0.992938	
0.003362	0.032625	0.964012	
0.034882	0.695789	0.269329	
0.050530	0.578809	0.370661	
0.236251	0.360177	0.403571	
0.003994	0.652832	0.343174	
0.000301	0.005970	0.993728	
0.396226	0.523117	0.080656	
0.463436	0.361837	0.174727	
0.506124	0.424960	0.068917	
0.173188	0.434162	0.392650	
0.038681	0.198153	0.763166	
0.006792	0.167975	0.825233	
0.104385	0.202522	0.693093	
0.011097	0.089706	0.899198	
0.017430	0.436489	0.546081	
0.000319	0.007127	0.992554	
0.173188	0.434162	0.392650	
0.014464	0.438174	0.547362	
0.173188	0.434162	0.392650	
0.004796	0.454535	0.540669	
0.006952	0.335285	0.657763	
0.003980	0.028958	0.967062	
0.378116	0.438061	0.183823	
0.755797	0.208022	0.036181	
0.014905	0.531985	0.453110	
0.173188	0.434162	0.392650	
0.012143	0.681750	0.306108	
0.006918	0.420424	0.572658	
0.035488	0.684341	0.280170	
0.009744	0.172610	0.817645	
0.033401	0.645792	0.320807	
0.298404	0.375180	0.326416	
0.215337	0.537368	0.247295	
0.011640	0.668584	0.319775	
0.000239	0.011697	0.988064	
0.851197	0.126743	0.022060	
0.008912	0.645873	0.345216	
0.231961	0.572234	0.195805	
0.011563	0.662712	0.325725	
0.010168	0.339952	0.649880	
0.762101	0.202007	0.035892	
0.007252	0.495519	0.497230	
0.066090	0.438518	0.495392	
0.053803	0.400929	0.545268	
0.014165	0.590574	0.395261	
0.012506	0.053283	0.934211	
0.173188	0.434162	0.392650	
0.014673	0.135436	0.849891	
0.040638	0.133109	0.826253	
0.005801	0.119245	0.874954	
0.281229	0.394594	0.324178	
0.056415	0.193684	0.749901	
0.004972	0.604264	0.390764	
0.016026	0.229364	0.754610	
0.033963	0.268690	0.697347	
0.010431	0.550318	0.439252	
0.173188	0.434162	0.392650	
0.034843	0.429007	0.536150	
0.159163	0.275507	0.565330	
0.007673	0.276473	0.715853	
0.322660	0.596735	0.080605	
0.341530	0.347105	0.311365	
0.029733	0.728681	0.241587	
0.173188	0.434162	0.392650	
0.366585	0.378424	0.254991	
0.014278	0.145893	0.839829	
0.691296	0.252352	0.056352	
0.173188	0.434162	0.392650	
0.004481	0.045804	0.949715	
0.018950	0.538439	0.442611	
0.561437	0.338156	0.100407	
0.173188	0.434162	0.392650	
0.079862	0.435635	0.484504	
0.102943	0.556905	0.340151	
0.075641	0.291434	0.632925	
0.083551	0.177116	0.739334	
0.054998	0.169648	0.775354	
0.173188	0.434162	0.392650	
0.011276	0.163577	0.825147	
0.055067	0.258938	0.685996	
0.005486	0.076928	0.917587	
0.012406	0.687384	0.300210	
0.018898	0.163639	0.817463	
0.173188	0.434162	0.392650	
0.005031	0.391091	0.603879	
0.146532	0.643083	0.210385	
0.120705	0.697003	0.182292	
0.013793	0.501536	0.484671	
0.605874	0.328932	0.065193	
0.025408	0.093662	0.880930	
0.173188	0.434162	0.392650	
0.190017	0.695606	0.114376	
0.593221	0.301833	0.104947	
0.033607	0.209963	0.756430	
0.251906	0.580437	0.167656	
0.004163	0.606184	0.389653	
0.066560	0.326429	0.607011	
0.004853	0.527700	0.467447	
0.173188	0.434162	0.392650	
0.012400	0.316732	0.670868	
0.234670	0.530885	0.234445	
0.447872	0.364682	0.187445	
0.016424	0.416055	0.567521	
0.625693	0.265203	0.109104	
0.316672	0.470847	0.212481	
0.017852	0.139287	0.842861	
0.051842	0.284201	0.663957	
0.001149	0.115335	0.883515	
0.609501	0.297841	0.092658	
0.592369	0.308302	0.099330	
0.026975	0.382027	0.590998	
0.010815	0.495453	0.493732	
0.003834	0.066969	0.929197	
0.036889	0.623334	0.339776	
0.001293	0.025713	0.972993	
0.058628	0.703312	0.238059	
0.083384	0.177262	0.739354	
0.247206	0.292024	0.460770	
0.177663	0.605391	0.216945	
0.014460	0.172111	0.813428	
0.002639	0.027930	0.969431	
0.027547	0.706468	0.265985	
0.659553	0.295680	0.044768	
0.022733	0.614069	0.363198	
0.194586	0.522671	0.282743	
0.185292	0.243667	0.571041	
0.018498	0.068752	0.912750	
0.045442	0.623963	0.330596	
0.004701	0.388973	0.606327	
0.092598	0.361217	0.546185	
0.528980	0.301702	0.169318	
0.003043	0.038710	0.958247	
0.047042	0.143667	0.809291	
0.000085	0.006708	0.993206	
0.617280	0.312996	0.069724	
0.012105	0.722070	0.265826	
0.011348	0.150388	0.838264	
0.003509	0.372870	0.623621	
0.021453	0.208788	0.769759	
0.638080	0.286123	0.075797	
0.822317	0.155269	0.022415	
0.030683	0.551426	0.417891	
0.007583	0.166822	0.825595	
0.173188	0.434162	0.392650	
0.008089	0.497119	0.494792	
0.029565	0.538499	0.431937	
0.507056	0.449843	0.043100	
0.011394	0.136056	0.852550	
0.081144	0.721795	0.197060	
0.012173	0.188363	0.799464	
0.173188	0.434162	0.392650	
0.035561	0.443359	0.521081	
0.003146	0.451788	0.545066	
0.009284	0.621366	0.369349	
0.003598	0.028560	0.967843	
0.236674	0.324509	0.438817	
0.173188	0.434162	0.392650	
0.023754	0.365621	0.610625	
0.173188	0.434162	0.392650	
0.003111	0.071369	0.925520	
0.001494	0.018657	0.979849	
0.001292	0.015669	0.983039	
0.019790	0.435441	0.544769	
0.561664	0.323495	0.114841	
0.115105	0.431017	0.453879	
0.033145	0.649388	0.317468	
0.385352	0.520962	0.093686	
0.038455	0.708895	0.252650	
0.001547	0.025953	0.972499	
0.002206	0.031288	0.966507	
0.531153	0.314302	0.154545	
0.012276	0.111160	0.876564	
0.060745	0.588611	0.350644	
0.030301	0.076461	0.893238	
0.003632	0.054082	0.942286	
0.173188	0.434162	0.392650	
0.159100	0.474760	0.366140	
0.059484	0.567002	0.373514	
0.014589	0.447141	0.538270	
0.085035	0.169933	0.745032	
0.163663	0.574288	0.262049	
0.005584	0.297188	0.697228	
0.007681	0.469022	0.523297	
0.173188	0.434162	0.392650	
0.173188	0.434162	0.392650	
0.018679	0.366078	0.615243	
0.020931	0.504270	0.474799	
0.417548	0.394740	0.187712	
0.173188	0.434162	0.392650	
0.108908	0.437459	0.453633	
0.173188	0.434162	0.392650	
0.012856	0.172149	0.814995	
0.411710	0.453266	0.135024	
0.013060	0.614646	0.372294	
0.173188	0.434162	0.392650	
0.636563	0.277801	0.085636	
0.112342	0.671920	0.215738	
0.765938	0.202210	0.031852	
0.036632	0.336221	0.627147	
0.011561	0.485066	0.503372	
0.173188	0.434162	0.392650	
0.173188	0.434162	0.392650	
0.173188	0.434162	0.392650	
0.002174	0.031475	0.966351	
0.617536	0.300628	0.081836	
0.256929	0.402487	0.340584	
0.158749	0.706836	0.134415	
0.173188	0.434162	0.392650	
0.601808	0.303770	0.094422	
0.007153	0.580808	0.412039	
0.398125	0.432156	0.169719	
0.005661	0.375657	0.618681	
0.028224	0.575176	0.396601	
0.635679	0.213219	0.151102	
0.034290	0.699745	0.265965	
0.447014	0.318655	0.234331	
0.028340	0.495347	0.476312	
0.027849	0.438607	0.533544	
0.298046	0.558653	0.143301	
0.011966	0.696112	0.291922	
0.004392	0.068898	0.926710	
0.015792	0.092964	0.891244	
0.173188	0.434162	0.392650	
0.025971	0.335304	0.638725	
0.716236	0.234521	0.049243	
0.081856	0.718232	0.199913	
0.173188	0.434162	0.392650	
0.015310	0.267514	0.717175	
0.006640	0.707592	0.285767	
0.000857	0.028934	0.970209	
0.287992	0.353274	0.358734	
0.004123	0.561185	0.434693	
0.173188	0.434162	0.392650	
0.045072	0.118233	0.836695	
0.449122	0.396469	0.154409	
0.009202	0.612200	0.378598	
0.006584	0.146416	0.847000	
0.006557	0.615599	0.377844	
0.069764	0.150168	0.780068	
0.094503	0.331161	0.574336	
0.034228	0.698731	0.267041	
0.531409	0.310665	0.157926	
0.002969	0.124261	0.872771	
0.746610	0.216034	0.037356	
0.835112	0.143780	0.021108	
0.029163	0.226690	0.744147	
0.003486	0.049387	0.947127	
0.284402	0.556932	0.158666	
0.000289	0.008263	0.991448	
0.045819	0.122361	0.831820	
0.474989	0.352460	0.172551	
0.551167	0.326122	0.122711	
0.012409	0.741018	0.246573	
0.483159	0.354416	0.162426	
0.173188	0.434162	0.392650	
0.528734	0.168055	0.303211	
0.082980	0.545886	0.371134	
0.117964	0.444885	0.437152	
0.000741	0.014399	0.984860	
0.419326	0.413502	0.167172	
0.007355	0.487383	0.505262	
0.000231	0.007350	0.992419	
0.025660	0.688673	0.285667	
0.815688	0.163120	0.021192	
0.021883	0.610466	0.367652	
0.006173	0.430713	0.563113	
0.173188	0.434162	0.392650	
0.014683	0.085829	0.899488	
0.499800	0.341529	0.158671	
0.010820	0.706150	0.283030	
0.573543	0.340906	0.085551	
0.176313	0.509159	0.314529	
0.766302	0.192428	0.041270	
0.621512	0.293381	0.085107	
0.022135	0.550244	0.427621	
0.025346	0.297600	0.677054	
0.166988	0.538759	0.294253	
0.027168	0.435459	0.537373	
0.254430	0.387653	0.357917	
0.013963	0.057586	0.928451	
0.294420	0.436673	0.268907	
0.032625	0.209037	0.758338	
0.002342	0.029642	0.968017	
0.108769	0.295666	0.595566	
0.173188	0.434162	0.392650	
0.004627	0.175751	0.819622	
0.628767	0.274079	0.097154	
0.611668	0.300425	0.087906	
0.006289	0.426608	0.567103	
0.173188	0.434162	0.392650	
0.008742	0.110192	0.881066	
0.004467	0.232140	0.763393	
0.173188	0.434162	0.392650	
0.340805	0.382330	0.276865	
0.024832	0.114912	0.860256	
0.173188	0.434162	0.392650	
0.007851	0.747234	0.244915	
0.105813	0.402025	0.492162	
0.462497	0.341840	0.195664	
0.013267	0.412049	0.574684	
0.015055	0.632793	0.352152	
0.324614	0.527756	0.147629	
0.366726	0.361016	0.272258	
0.036770	0.516383	0.446847	
0.598144	0.302812	0.099043	
0.045839	0.085156	0.869005	
0.603169	0.293670	0.103161	
0.173188	0.434162	0.392650	
0.653463	0.262236	0.084302	
0.123622	0.451073	0.425305	
0.173188	0.434162	0.392650	
0.914154	0.080524	0.005323	
0.073097	0.490895	0.436008	
0.007908	0.441772	0.550320	
0.003802	0.033786	0.962412	
0.711791	0.241527	0.046682	
0.173188	0.434162	0.392650	
0.173188	0.434162	0.392650	
0.001847	0.110680	0.887473	
0.105654	0.554598	0.339749	
0.006808	0.559507	0.433685	
0.024742	0.186987	0.788270	
0.173188	0.434162	0.392650	
0.042888	0.407084	0.550027	
0.078987	0.695967	0.225046	
0.014166	0.294750	0.691084	
0.804546	0.169818	0.025636	
0.005073	0.272886	0.722041	
0.010928	0.489037	0.500036	
0.061979	0.629332	0.308689	
0.173188	0.434162	0.392650	
0.006250	0.450282	0.543468	
0.216933	0.193291	0.589776	
0.041229	0.382494	0.576277	
0.004755	0.113295	0.881950	
0.044091	0.704586	0.251323	
0.020612	0.062778	0.916611	
0.173188	0.434162	0.392650	
0.173188	0.434162	0.392650	
0.024996	0.708908	0.266096	
0.057529	0.488850	0.453621	
0.052564	0.247386	0.700050	
0.383269	0.312720	0.304011	
0.000087	0.007387	0.992525	
0.173188	0.434162	0.392650	
0.031168	0.592470	0.376362	
0.173188	0.434162	0.392650	
0.006043	0.625132	0.368825	
0.401535	0.439796	0.158669	
0.173188	0.434162	0.392650	
0.003943	0.516118	0.479939	
0.112174	0.462788	0.425038	
0.173188	0.434162	0.392650	
0.007211	0.263455	0.729334	
0.002070	0.099065	0.898865	
0.017365	0.127348	0.855287	
0.014237	0.397130	0.588633	
0.000517	0.017331	0.982151	
0.173188	0.434162	0.392650	
0.173188	0.434162	0.392650	
0.353766	0.526924	0.119310	
0.327495	0.311985	0.360521	
0.787568	0.185891	0.026541	
0.237178	0.587264	0.175558	
0.173188	0.434162	0.392650	
0.621880	0.298379	0.079741	
0.028075	0.078708	0.893217	
0.173188	0.434162	0.392650	
0.081462	0.102170	0.816368	
0.008732	0.045708	0.945560	
0.397664	0.334927	0.267409	
0.756483	0.209178	0.034339	
0.015850	0.112273	0.871877	
0.006219	0.537842	0.455939	
0.173188	0.434162	0.392650	
0.259063	0.463250	0.277686	
0.013241	0.069905	0.916854	
0.774122	0.206859	0.019019	
0.156665	0.307971	0.535364	
0.011313	0.647210	0.341476	
0.041613	0.728904	0.229483	
0.005482	0.512529	0.481989	
0.352274	0.399225	0.248501	
0.127867	0.509073	0.363060	
0.818194	0.163057	0.018749	
0.035106	0.758392	0.206502	
0.173188	0.434162	0.392650	
0.030000	0.070745	0.899255	
0.091963	0.353546	0.554492	
0.192272	0.458724	0.349004	
0.140060	0.332749	0.527191	
0.006980	0.706751	0.286269	
0.019227	0.483467	0.497306	
0.003369	0.318664	0.677967	
0.060477	0.295937	0.643586	
0.039645	0.160812	0.799543	
0.478579	0.360547	0.160874	
0.016970	0.330749	0.652281	
0.014561	0.681540	0.303900	
0.018142	0.686329	0.295528	
0.250315	0.602405	0.147280	
0.014053	0.272510	0.713437	
0.671484	0.263535	0.064982	
0.300073	0.472458	0.227469	
0.016696	0.101251	0.882053	
0.564590	0.356052	0.079358	
0.002187	0.501068	0.496746	
0.021024	0.350277	0.628698	
0.004682	0.675103	0.320215	
0.173188	0.434162	0.392650	
0.469958	0.379026	0.151016	
0.004073	0.028881	0.967046	
0.119620	0.501765	0.378615	
0.003095	0.350173	0.646732	
0.087623	0.227262	0.685116	
0.761531	0.202990	0.035479	
0.005849	0.152609	0.841541	
0.011272	0.451090	0.537637	
0.115305	0.533630	0.351065	
0.258091	0.402574	0.339335	
0.173188	0.434162	0.392650	
0.006898	0.325794	0.667308	
0.000045	0.004659	0.995296	
0.173188	0.434162	0.392650	
0.010276	0.214174	0.775551	
0.612550	0.305133	0.082317	
0.049585	0.517812	0.432603	
0.001538	0.017327	0.981136	
0.023921	0.307792	0.668286	
0.314811	0.424488	0.260702	
0.014672	0.687915	0.297413	
0.179007	0.725680	0.095314	
0.008270	0.623599	0.368131	
0.000244	0.008176	0.991580	
0.003809	0.239476	0.756714	
0.003683	0.323527	0.672789	
0.173188	0.434162	0.392650	
0.005997	0.288623	0.705381	
0.160136	0.298028	0.541836	
0.009380	0.523078	0.467542	
0.011413	0.375824	0.612763	
0.014317	0.686345	0.299337	
0.173188	0.434162	0.392650	
0.020967	0.709942	0.269091	
0.372451	0.421577	0.205971	
0.386835	0.491722	0.121443	
0.173188	0.434162	0.392650	
0.013976	0.084530	0.901494	
0.060917	0.634497	0.304586	
0.054656	0.682384	0.262960	
0.086743	0.632926	0.280331	
0.003298	0.097848	0.898853	
0.253187	0.164246	0.582567	
0.755813	0.207534	0.036654	
0.421549	0.460603	0.117848	
0.737101	0.217906	0.044994	
0.005406	0.073974	0.920619	
0.173188	0.434162	0.392650	
0.032466	0.668005	0.299529	
0.016514	0.100993	0.882493	
0.006705	0.370243	0.623052	
0.457633	0.360985	0.181382	
0.240014	0.504301	0.255685	
0.039771	0.478292	0.481937	
0.533528	0.313662	0.152811	
0.004367	0.080663	0.914970	
0.048810	0.342337	0.608853	
0.005810	0.655852	0.338337	
0.017489	0.148866	0.833645	
0.319647	0.458684	0.221669	
0.167063	0.660242	0.172695	
0.005224	0.459979	0.534797	
0.161192	0.482464	0.356344	
0.173188	0.434162	0.392650	
0.021797	0.702561	0.275643	
0.002496	0.469504	0.528000	
0.034545	0.711357	0.254098	
0.173188	0.434162	0.392650	
0.173188	0.434162	0.392650	
0.080215	0.697097	0.222687	
0.694398	0.229409	0.076192	
0.278616	0.343178	0.378206	
0.022582	0.082442	0.894976	
0.173188	0.434162	0.392650	
0.022948	0.657833	0.319219	
0.007531	0.481866	0.510603	
0.362022	0.476875	0.161104	
0.173188	0.434162	0.392650	
0.508435	0.374589	0.116976	
0.012960	0.333086	0.653954	
0.005689	0.047144	0.947167	
0.173188	0.434162	0.392650	
0.344018	0.353404	0.302578	
0.097441	0.262299	0.640260	
0.173188	0.434162	0.392650	
0.102045	0.513627	0.384328	
0.677709	0.206462	0.115829	
0.004204	0.676859	0.318937	
0.025274	0.717509	0.257217	
0.036135	0.438372	0.525493	
0.173188	0.434162	0.392650	
0.820874	0.155466	0.023660	
0.010869	0.553221	0.435910	
0.016698	0.324072	0.659230	
0.538171	0.412521	0.049308	
0.007071	0.625928	0.367000	
0.004486	0.102880	0.892634	
0.003058	0.226739	0.770203	
0.286733	0.536256	0.177011	
0.120449	0.373520	0.506031	
0.100245	0.659695	0.240061	
0.000750	0.015500	0.983750	
0.005993	0.032079	0.961929	
0.004959	0.669291	0.325750	
0.118435	0.728169	0.153396	
0.005543	0.426767	0.567689	
0.279980	0.385376	0.334643	
0.006625	0.031520	0.961854	
0.168528	0.388220	0.443251	
0.173188	0.434162	0.392650	
0.034776	0.211993	0.753231	
0.009881	0.612960	0.377159	
0.010834	0.133612	0.855554	
0.431305	0.413347	0.155348	
0.173188	0.434162	0.392650	
0.017329	0.712648	0.270023	
0.003905	0.606725	0.389370	
0.603180	0.293322	0.103498	
0.509976	0.385700	0.104324	
0.453926	0.227265	0.318809	
0.003802	0.338792	0.657406	
0.027461	0.268861	0.703678	
0.009492	0.395258	0.595251	
0.009845	0.678568	0.311587	
0.002154	0.327128	0.670718	
0.817604	0.161380	0.021016	
0.028893	0.676706	0.294401	
0.012909	0.572956	0.414136	
0.051319	0.349366	0.599315	
0.005765	0.087697	0.906538	
0.107204	0.222214	0.670582	
0.479283	0.365360	0.155357	
0.934795	0.061536	0.003670	
0.006345	0.077501	0.916154	
0.173188	0.434162	0.392650	
0.008256	0.154844	0.836900	
0.173188	0.434162	0.392650	
0.004445	0.659159	0.336396	
0.499192	0.341104	0.159704	
0.172718	0.608263	0.219018	
0.001933	0.029671	0.968396	
0.173188	0.434162	0.392650	
0.191467	0.470696	0.337836	
0.029310	0.523761	0.446929	
0.070479	0.661494	0.268027	
0.002934	0.035829	0.961238	
0.013328	0.753226	0.233445	
0.012584	0.646415	0.341001	
0.010676	0.136140	0.853183	
0.102948	0.538556	0.358496	
0.017095	0.744939	0.237966	
0.173188	0.434162	0.392650	
0.016540	0.413472	0.569989	
0.010462	0.063897	0.925641	
0.393422	0.333173	0.273405	
0.173188	0.434162	0.392650	
0.004952	0.033007	0.962042	
0.087471	0.359886	0.552643	
0.004711	0.296722	0.698567	
0.173188	0.434162	0.392650	
0.003896	0.566092	0.430012	
0.398047	0.413236	0.188717	
0.420080	0.403825	0.176095	
0.036559	0.605199	0.358242	
0.002275	0.080163	0.917562	
0.015608	0.475335	0.509057	
0.024941	0.132756	0.842304	
0.004991	0.281550	0.713460	
0.001722	0.032139	0.966139	
0.173188	0.434162	0.392650	
0.052119	0.664465	0.283415	
0.173098	0.591278	0.235624	
0.060996	0.499010	0.439994	
0.031795	0.098530	0.869675	
0.008129	0.037165	0.954706	
0.666096	0.267136	0.066768	
0.008296	0.129232	0.862471	
0.005741	0.613850	0.380409	
0.039984	0.116730	0.843287	
0.027618	0.668026	0.304356	
0.173188	0.434162	0.392650	
0.878055	0.112864	0.009081	
0.004631	0.043235	0.952134	
0.007199	0.685737	0.307063	
0.184800	0.625410	0.189790	
0.001010	0.038051	0.960939	
0.015619	0.653519	0.330862	
0.173188	0.434162	0.392650	
0.008877	0.608508	0.382614	
0.173188	0.434162	0.392650	
0.173188	0.434162	0.392650	
0.514182	0.346707	0.139112	
0.579628	0.316934	0.103438	
0.038332	0.455725	0.505943	
0.174520	0.569834	0.255646	
0.040567	0.158302	0.801131	
0.254706	0.656291	0.089002	
0.010816	0.236585	0.752599	
0.498263	0.386530	0.115207	
0.004807	0.680803	0.314391	
0.004566	0.584633	0.410801	
0.368121	0.329610	0.302269	
0.728361	0.225649	0.045989	
0.032755	0.591682	0.375563	
0.002764	0.013083	0.984152	
0.273843	0.381272	0.344885	
0.369372	0.382842	0.247785	
0.173188	0.434162	0.392650	
0.206543	0.469099	0.324358	
0.077954	0.316309	0.605737	
0.358179	0.540947	0.100873	
0.497050	0.341638	0.161312	
0.173188	0.434162	0.392650	
0.173188	0.434162	0.392650	
0.008357	0.647072	0.344571	
0.173188	0.434162	0.392650	
0.026837	0.665122	0.308041	
0.173188	0.434162	0.392650	
0.002617	0.405941	0.591442	
0.217957	0.460475	0.321568	
0.730312	0.216138	0.053550	
0.250161	0.311141	0.438698	
0.101805	0.298460	0.599734	
0.191730	0.665388	0.142882	
0.008805	0.291690	0.699505	
0.173188	0.434162	0.392650	
0.055425	0.505287	0.439287	
0.009512	0.299459	0.691028	
0.336066	0.520600	0.143334	
0.090131	0.652190	0.257679	
0.013227	0.060109	0.926665	
0.173188	0.434162	0.392650	
0.770300	0.205315	0.024385	
0.012418	0.712173	0.275409	
0.027122	0.187748	0.785129	
0.330052	0.352632	0.317316	
0.017863	0.056116	0.926022	
0.269343	0.516029	0.214629	
0.160194	0.555448	0.284358	
0.623108	0.289962	0.086929	
0.518186	0.364281	0.117533	
0.130726	0.215502	0.653772	
0.411991	0.308207	0.279802	
0.019574	0.692116	0.288310	
0.005508	0.215599	0.778894	
0.011100	0.108719	0.880181	
0.008243	0.599731	0.392026	
0.520623	0.381927	0.097450	
0.051902	0.484119	0.463979	
0.173188	0.434162	0.392650	
0.038253	0.588272	0.373474	
0.006017	0.296355	0.697628	
0.523777	0.334938	0.141285	
0.008589	0.039648	0.951763	
0.000695	0.013344	0.985961	
0.127804	0.631148	0.241048	
0.013602	0.534897	0.451501	
0.029239	0.094016	0.876745	
0.173188	0.434162	0.392650	
0.062384	0.134512	0.803104	
0.059262	0.549244	0.391494	
0.003299	0.483996	0.512705	
0.006223	0.072386	0.921391	
0.091715	0.304928	0.603358	
0.019164	0.080259	0.900577	
0.032248	0.676300	0.291452	
0.005510	0.039590	0.954899	
0.013696	0.503477	0.482827	
0.000995	0.022640	0.976365	
0.045508	0.725794	0.228697	
0.791699	0.173115	0.035186	
0.004425	0.360348	0.635226	
0.006837	0.076494	0.916669	
0.009327	0.079797	0.910876	
0.266730	0.575675	0.157595	
0.002078	0.036185	0.961737	
0.007294	0.594989	0.397717	
0.005378	0.052141	0.942480	
0.173188	0.434162	0.392650	
0.007111	0.384711	0.608178	
0.132090	0.655157	0.212753	
0.114680	0.425427	0.459893	
0.173188	0.434162	0.392650	
0.002747	0.039746	0.957507	
0.037081	0.512487	0.450431	
0.146347	0.360178	0.493475	
0.309484	0.596331	0.094186	
0.588195	0.299095	0.112710	
0.406649	0.450876	0.142474	
0.073955	0.365402	0.560643	
0.760864	0.198382	0.040754	
0.222974	0.421856	0.355170	
0.618945	0.291959	0.089096	
0.007737	0.456719	0.535544	
0.000110	0.002976	0.996914	
0.017255	0.684524	0.298221	
0.420376	0.481425	0.098199	
0.491565	0.389539	0.118896	
0.665223	0.264671	0.070106	
0.238318	0.224494	0.537187	
0.215605	0.319949	0.464447	
0.004165	0.021370	0.974465	
0.190944	0.630540	0.178516	
0.147033	0.628812	0.224154	
0.298199	0.379058	0.322743	
0.173188	0.434162	0.392650	
0.553552	0.347859	0.098588	
0.173188	0.434162	0.392650	
0.005691	0.609942	0.384367	
0.004090	0.588424	0.407486	
0.003912	0.283044	0.713043	
0.173188	0.434162	0.392650	
0.133687	0.200932	0.665380	
0.173188	0.434162	0.392650	
0.415579	0.404609	0.179812	
0.015852	0.166473	0.817675	
0.173188	0.434162	0.392650	
0.013574	0.127768	0.858658	
0.716430	0.238293	0.045277	
0.009492	0.339866	0.650642	
0.173188	0.434162	0.392650	
0.173188	0.434162	0.392650	
0.799605	0.165763	0.034633	
0.014310	0.637636	0.348054	
0.009275	0.356145	0.634580	
0.004134	0.258932	0.736934	
0.014098	0.106178	0.879724	
0.086385	0.680731	0.232883	
0.173188	0.434162	0.392650	
0.400820	0.416248	0.182932	
0.078581	0.395945	0.525475	
0.008242	0.242418	0.749340	
0.438575	0.374601	0.186824	
0.000470	0.010953	0.988577	
0.019141	0.515553	0.465306	
0.012410	0.057534	0.930056	
0.063385	0.187922	0.748693	
0.416638	0.401711	0.181651	
0.171819	0.548170	0.280011	
0.064965	0.179672	0.755363	
0.420100	0.391598	0.188301	
0.157486	0.705103	0.137411	
0.505439	0.322408	0.172153	
0.429850	0.413023	0.157127	
0.122205	0.209220	0.668576	
0.005574	0.033075	0.961350	
0.151339	0.647121	0.201539	
0.011561	0.230911	0.757528	
0.660863	0.265975	0.073161	
0.722756	0.231875	0.045369	
0.195558	0.625890	0.178552	
0.044124	0.084072	0.871804	
0.783589	0.178087	0.038324	
0.131215	0.265839	0.602946	
0.862954	0.125189	0.011857	
0.068520	0.534111	0.397369	
0.399355	0.366050	0.234596	
0.173188	0.434162	0.392650	
0.173188	0.434162	0.392650	
0.599187	0.292865	0.107948	
0.248645	0.519119	0.232236	
0.009043	0.359827	0.631130	
0.007773	0.617185	0.375041	
0.010491	0.133685	0.855824	
0.063852	0.569252	0.366896	
0.002690	0.139679	0.857631	
0.010288	0.706939	0.282772	
0.000904	0.006431	0.992665	
0.173188	0.434162	0.392650	
0.009171	0.151011	0.839817	
0.041622	0.346096	0.612282	
0.001216	0.014949	0.983835	
0.040987	0.485680	0.473333	
0.001152	0.025066	0.973782	
0.012295	0.113534	0.874171	
0.173188	0.434162	0.392650	
0.478050	0.418470	0.103480	
0.173188	0.434162	0.392650	
0.004431	0.159622	0.835947	
0.642076	0.266929	0.090994	
0.122773	0.584057	0.293170	
0.173188	0.434162	0.392650	
0.173188	0.434162	0.392650	
0.000078	0.003150	0.996772	
0.114481	0.580519	0.305000	
0.064293	0.495930	0.439777	
0.036913	0.593166	0.369921	
0.144085	0.568850	0.287065	
0.207545	0.463881	0.328574	
0.752633	0.187413	0.059954	
0.007482	0.158256	0.834262	
0.173188	0.434162	0.392650	
0.005188	0.113617	0.881195	
0.173188	0.434162	0.392650	
0.442670	0.515264	0.042066	
0.045501	0.655357	0.299143	
0.352296	0.332481	0.315223	
0.007209	0.459892	0.532899	
0.777012	0.191181	0.031807	
0.001843	0.026512	0.971645	
0.000156	0.004547	0.995297	
0.029496	0.685473	0.285032	
0.240640	0.498789	0.260571	
0.000945	0.010610	0.988446	
0.365909	0.406738	0.227353	
0.173188	0.434162	0.392650	
0.005387	0.657014	0.337598	
0.173188	0.434162	0.392650	
0.190177	0.510051	0.299772	
0.173188	0.434162	0.392650	
0.012272	0.687447	0.300282	
0.006378	0.720703	0.272919	
0.008333	0.386018	0.605649	
0.173188	0.434162	0.392650	
0.126766	0.614112	0.259123	
0.005051	0.541357	0.453592	
0.281786	0.322778	0.395436	
0.005574	0.533414	0.461012	
0.010300	0.088671	0.901029	
0.012783	0.070554	0.916664	
0.173188	0.434162	0.392650	
0.173188	0.434162	0.392650	
0.033486	0.462378	0.504135	
0.647771	0.277562	0.074667	
0.015882	0.246510	0.737608	
0.013043	0.132170	0.854787	
0.030491	0.737441	0.232067	
0.829491	0.149823	0.020686	
0.173188	0.434162	0.392650	
0.415005	0.356032	0.228962	
0.039769	0.449274	0.510958	
0.014328	0.392769	0.592903	
0.001948	0.397596	0.600456	
0.003250	0.077263	0.919488	
0.294277	0.381462	0.324261	
0.731682	0.224528	0.043790	
0.008698	0.090526	0.900776	
0.007023	0.614214	0.378763	
0.002083	0.015556	0.982361	
0.008931	0.644381	0.346688	
0.004123	0.561185	0.434693	
0.010205	0.139828	0.849966	
0.697611	0.197729	0.104660	
0.173188	0.434162	0.392650	
0.008222	0.154532	0.837247	
0.027965	0.127835	0.844200	
0.012974	0.712033	0.274993	
0.285397	0.543269	0.171334	
0.173188	0.434162	0.392650	
0.011987	0.388018	0.599995	
0.521578	0.381493	0.096929	
0.002792	0.213214	0.783994	
0.540806	0.284177	0.175017	
0.027526	0.251805	0.720669	
0.038992	0.537328	0.423680	
0.173188	0.434162	0.392650	
0.013706	0.670509	0.315785	
0.300904	0.567610	0.131486	
0.063601	0.480055	0.456345	
0.394813	0.434626	0.170561	
0.355186	0.416797	0.228018	
0.468348	0.448981	0.082671	
0.173188	0.434162	0.392650	
0.034622	0.580355	0.385024	
0.034928	0.736004	0.229068	
0.173188	0.434162	0.392650	
0.007704	0.693468	0.298827	
0.173188	0.434162	0.392650	
0.018999	0.696521	0.284480	
0.173188	0.434162	0.392650	
0.000055	0.003222	0.996723	
0.014435	0.054068	0.931497	
0.454909	0.440391	0.104700	
0.008404	0.353028	0.638568	
0.173188	0.434162	0.392650	
0.173188	0.434162	0.392650	
0.912324	0.080985	0.006691	
0.173188	0.434162	0.392650	
0.340730	0.425694	0.233576	
0.050033	0.583783	0.366184	
0.302423	0.613232	0.084345	
0.012479	0.511549	0.475972	
0.688372	0.267173	0.044455	
0.349077	0.463999	0.186923	
0.360717	0.358977	0.280306	
0.000749	0.015516	0.983735	
0.003712	0.385883	0.610405	
0.041262	0.093649	0.865089	
0.096807	0.299982	0.603211	
0.352694	0.379293	0.268013	
0.033160	0.185843	0.780997	
0.173188	0.434162	0.392650	
0.080882	0.458659	0.460459	
0.432189	0.402849	0.164961	
0.658316	0.259363	0.082321	
0.027644	0.140691	0.831665	
0.005181	0.436773	0.558046	
0.038884	0.723784	0.237332	
0.006019	0.650989	0.342991	
0.014432	0.196856	0.788712	
0.008670	0.066366	0.924964	
0.010478	0.626797	0.362725	
0.044328	0.101874	0.853798	
0.024675	0.330463	0.644862	
0.007237	0.052284	0.940480	
0.007581	0.591901	0.400517	
0.173188	0.434162	0.392650	
0.351181	0.494526	0.154293	
0.011350	0.048420	0.940231	
0.195719	0.669820	0.134461	
0.173188	0.434162	0.392650	
0.010843	0.059349	0.929808	
0.480875	0.427050	0.092076	
0.832492	0.150506	0.017002	
0.002881	0.072600	0.924519	
0.012727	0.737922	0.249351	
0.173188	0.434162	0.392650	
0.009976	0.347495	0.642529	
0.039628	0.237839	0.722533	
0.105944	0.322927	0.571129	
0.039031	0.573924	0.387045	
0.012435	0.302537	0.685028	
0.350320	0.561678	0.088002	
0.046588	0.416196	0.537216	
0.063908	0.636327	0.299764	
0.480553	0.419030	0.100418	
0.014287	0.762764	0.222949	
0.027215	0.659340	0.313445	
0.361109	0.383599	0.255293	
0.173188	0.434162	0.392650	
0.255636	0.513284	0.231080	
0.019296	0.456361	0.524343	
0.317067	0.408186	0.274748	
0.010881	0.663821	0.325299	
0.065123	0.088772	0.846105	
0.013239	0.086875	0.899886	
0.857176	0.130480	0.012343	
0.173188	0.434162	0.392650	
0.025506	0.743028	0.231467	
0.016681	0.373275	0.610045	
