0.227495	0.518581	0.253925	
0.148933	0.436624	0.414443	
0.099664	0.264081	0.636255	
0.021257	0.508964	0.469780	
0.007111	0.645738	0.347151	
0.012459	0.479029	0.508512	
0.177369	0.528006	0.294625	
0.264595	0.396502	0.338903	
0.055642	0.664460	0.279898	
0.718351	0.232728	0.048921	
0.037901	0.361245	0.600854	
0.003846	0.477380	0.518774	
0.011859	0.574136	0.414005	
0.012767	0.064501	0.922731	
0.026309	0.659296	0.314394	
0.076279	0.243226	0.680495	
0.003701	0.478182	0.518117	
0.025193	0.547634	0.427173	
0.096056	0.503581	0.400363	
0.051155	0.672050	0.276795	
0.041525	0.586678	0.371797	
0.407436	0.312826	0.279738	
0.325610	0.395126	0.279264	
0.002044	0.103496	0.894460	
0.014144	0.340353	0.645502	
0.002882	0.485018	0.512100	
0.012332	0.527877	0.459791	
0.017705	0.685657	0.296638	
0.282872	0.544574	0.172554	
0.571532	0.328537	0.099932	
0.015229	0.072965	0.911806	
0.778462	0.186302	0.035236	
0.589048	0.313498	0.097454	
0.003962	0.065246	0.930792	
0.006567	0.455039	0.538393	
0.633412	0.290085	0.076503	
0.066802	0.589764	0.343434	
0.004233	0.527136	0.468630	
0.104681	0.302597	0.592722	
0.041651	0.490432	0.467917	
0.004489	0.549099	0.446413	
0.284536	0.478836	0.236628	
0.009819	0.646098	0.344083	
0.004324	0.593050	0.402626	
0.452935	0.377740	0.169325	
0.569912	0.319121	0.110967	
0.215783	0.257076	0.527141	
0.190802	0.577855	0.231343	
0.455849	0.431480	0.112670	
0.492711	0.413537	0.093751	
0.500323	0.337439	0.162238	
0.002024	0.262520	0.735456	
0.143434	0.333662	0.522904	
0.009954	0.230337	0.759709	
0.254457	0.563830	0.181714	
0.005105	0.625387	0.369508	
0.013279	0.504141	0.482580	
0.171597	0.548140	0.280262	
0.072045	0.412469	0.515486	
0.330560	0.328118	0.341322	
0.030757	0.106758	0.862485	
0.060156	0.615018	0.324827	
0.002633	0.019480	0.977887	
0.019589	0.399351	0.581059	
0.024178	0.413778	0.562043	
0.003569	0.520263	0.476169	
0.052613	0.452897	0.494490	
0.024317	0.421240	0.554442	
0.034350	0.355740	0.609909	
0.641835	0.279550	0.078615	
0.010583	0.572753	0.416664	
0.010624	0.560508	0.428868	
0.087961	0.473205	0.438834	
0.544226	0.360094	0.095679	
0.395460	0.373981	0.230560	
0.003956	0.402273	0.593771	
0.013864	0.518401	0.467735	
0.142361	0.230969	0.626670	
0.005627	0.290338	0.704035	
0.006503	0.579903	0.413594	
0.108150	0.307919	0.583932	
0.111415	0.505399	0.383186	
0.385195	0.443701	0.171105	
0.001243	0.340623	0.658134	
0.070518	0.634017	0.295466	
0.005100	0.474940	0.519960	
0.195828	0.308064	0.496107	
0.477730	0.387302	0.134967	
0.015963	0.405856	0.578181	
0.012086	0.153403	0.834512	
0.005670	0.434215	0.560115	
0.000627	0.058847	0.940526	
0.108189	0.540139	0.351671	
0.196126	0.522735	0.281139	
0.017563	0.213894	0.768543	
0.003597	0.474402	0.522000	
0.092422	0.375765	0.531814	
0.010460	0.117097	0.872442	
0.032560	0.330614	0.636826	
0.328911	0.413007	0.258083	
0.505126	0.356609	0.138265	
0.007927	0.332911	0.659162	
0.013059	0.120432	0.866508	
0.012406	0.616998	0.370596	
0.261946	0.419528	0.318526	
0.008479	0.336647	0.654874	
0.062933	0.416122	0.520945	
0.001668	0.363459	0.634873	
0.071061	0.240280	0.688659	
0.035165	0.509599	0.455236	
0.214265	0.560794	0.224941	
0.855257	0.125761	0.018982	
0.012988	0.340761	0.646251	
0.002206	0.060386	0.937408	
0.027028	0.675026	0.297947	
0.007740	0.615932	0.376328	
0.004894	0.507806	0.487300	
0.010469	0.186488	0.803042	
0.056769	0.220347	0.722885	
0.040394	0.321403	0.638203	
0.019799	0.291119	0.689081	
0.021474	0.433395	0.545131	
0.182342	0.448037	0.369622	
0.034669	0.303571	0.661761	
0.006056	0.030394	0.963551	
0.038210	0.282877	0.678913	
0.812493	0.163768	0.023738	
0.157071	0.346001	0.496927	
0.006196	0.543108	0.450696	
0.001504	0.024182	0.974314	
0.008977	0.093299	0.897725	
0.004603	0.518361	0.477036	
0.024448	0.216284	0.759268	
0.008390	0.368674	0.622936	
0.010641	0.372240	0.617119	
0.027312	0.182096	0.790592	
0.015477	0.542569	0.441954	
0.005941	0.138379	0.855680	
0.006901	0.075874	0.917225	
0.396913	0.374705	0.228382	
0.018687	0.682314	0.298998	
0.002668	0.134037	0.863295	
0.301193	0.377912	0.320894	
0.004480	0.146105	0.849415	
0.003225	0.342825	0.653950	
0.019236	0.316487	0.664276	
0.019869	0.282252	0.697879	
0.379675	0.367586	0.252740	
0.135652	0.362627	0.501721	
0.464835	0.289883	0.245282	
0.007034	0.208581	0.784385	
0.075364	0.543556	0.381081	
0.004453	0.415660	0.579887	
0.007040	0.466843	0.526117	
0.011653	0.399190	0.589158	
0.239695	0.267064	0.493241	
0.005173	0.401685	0.593142	
0.009040	0.532411	0.458550	
0.012225	0.149458	0.838318	
0.005038	0.064113	0.930849	
0.147236	0.424200	0.428564	
0.002774	0.195882	0.801343	
0.012484	0.387144	0.600372	
0.051855	0.344458	0.603688	
0.004103	0.484768	0.511129	
0.216014	0.399835	0.384151	
0.002403	0.040649	0.956948	
0.001695	0.021614	0.976690	
0.580189	0.314217	0.105595	
0.005494	0.388442	0.606064	
0.055116	0.225428	0.719456	
0.010048	0.511873	0.478079	
0.003136	0.082274	0.914590	
0.087997	0.256634	0.655370	
0.004543	0.271563	0.723893	
0.176614	0.566958	0.256428	
0.003868	0.311969	0.684163	
0.015936	0.243071	0.740993	
0.060967	0.561747	0.377287	
0.007743	0.364486	0.627770	
0.000388	0.011043	0.988569	
0.005829	0.417769	0.576402	
0.097731	0.423442	0.478827	
0.087767	0.466256	0.445976	
0.348659	0.381656	0.269685	
0.072571	0.636407	0.291023	
0.032824	0.736366	0.230809	
0.033143	0.365377	0.601481	
0.010920	0.365627	0.623453	
0.006629	0.556905	0.436467	
0.506990	0.403028	0.089981	
0.014201	0.643625	0.342174	
0.645217	0.309429	0.045354	
0.318594	0.391436	0.289970	
0.051637	0.224075	0.724289	
0.087360	0.621207	0.291433	
0.044103	0.397159	0.558738	
0.029220	0.411246	0.559534	
0.382370	0.540404	0.077226	
0.039001	0.680469	0.280529	
0.040239	0.557351	0.402410	
0.008557	0.590646	0.400797	
0.005242	0.399939	0.594819	
0.016707	0.228417	0.754877	
0.008209	0.075289	0.916501	
0.021708	0.427312	0.550980	
0.007597	0.076937	0.915465	
0.102988	0.633838	0.263174	
0.199564	0.233964	0.566472	
0.332290	0.340468	0.327242	
0.033269	0.703485	0.263246	
0.048511	0.149486	0.802003	
0.050669	0.604145	0.345186	
0.009429	0.161358	0.829213	
0.005761	0.561451	0.432788	
0.024024	0.176561	0.799416	
0.010543	0.562102	0.427355	
0.074342	0.387025	0.538633	
0.120831	0.682203	0.196966	
0.081285	0.601813	0.316902	
0.453645	0.349510	0.196845	
0.004788	0.030624	0.964588	
0.001943	0.018072	0.979985	
0.431989	0.408210	0.159801	
0.021983	0.416687	0.561330	
0.002850	0.050676	0.946474	
0.034602	0.698388	0.267010	
0.071188	0.293996	0.634816	
0.362586	0.490654	0.146760	
0.155559	0.588356	0.256085	
0.034215	0.633160	0.332625	
0.007282	0.584226	0.408492	
0.005661	0.693058	0.301281	
0.157390	0.649305	0.193306	
0.092547	0.537149	0.370305	
0.782179	0.184882	0.032939	
0.008435	0.621050	0.370516	
0.085769	0.628972	0.285260	
0.103433	0.636273	0.260294	
0.043644	0.725914	0.230442	
0.005336	0.071513	0.923151	
0.006266	0.600773	0.392961	
0.028124	0.630715	0.341161	
0.004070	0.058703	0.937227	
0.010063	0.628832	0.361106	
0.005954	0.591712	0.402334	
0.038346	0.415121	0.546533	
0.049155	0.656659	0.294186	
0.184009	0.498997	0.316994	
0.856773	0.129981	0.013246	
0.050308	0.549595	0.400097	
0.007483	0.621072	0.371445	
0.240035	0.360173	0.399792	
0.338373	0.389363	0.272263	
0.006383	0.062656	0.930961	
0.146092	0.346227	0.507680	
0.419548	0.441083	0.139369	
0.042027	0.424727	0.533246	
0.404504	0.399705	0.195791	
0.044832	0.319557	0.635610	
0.199764	0.588346	0.211891	
0.004892	0.055515	0.939593	
0.165920	0.629858	0.204222	
0.022769	0.574079	0.403152	
0.003291	0.150661	0.846049	
0.085603	0.540675	0.373722	
0.027886	0.663567	0.308548	
0.013902	0.412790	0.573308	
0.006232	0.045557	0.948211	
0.183100	0.546834	0.270066	
0.121746	0.550382	0.327872	
0.013293	0.082143	0.904564	
0.102594	0.636415	0.260991	
0.118326	0.646392	0.235282	
0.189268	0.512554	0.298178	
0.004053	0.168762	0.827185	
0.007871	0.190778	0.801351	
0.058578	0.348779	0.592642	
0.538703	0.301751	0.159546	
0.393984	0.386132	0.219885	
0.195588	0.351458	0.452954	
0.074662	0.654303	0.271035	
0.738753	0.206363	0.054884	
0.047422	0.150065	0.802512	
0.214112	0.602974	0.182914	
0.275824	0.220952	0.503225	
0.018455	0.148361	0.833184	
0.051617	0.588300	0.360082	
0.687995	0.255263	0.056743	
0.004429	0.506108	0.489463	
0.159079	0.607859	0.233062	
0.560023	0.352039	0.087937	
0.426014	0.427967	0.146019	
0.002094	0.017462	0.980444	
0.404149	0.377823	0.218028	
0.023162	0.587475	0.389363	
0.066330	0.135742	0.797929	
0.383864	0.380805	0.235331	
0.332597	0.465255	0.202148	
0.044264	0.579153	0.376582	
0.238557	0.539406	0.222037	
0.672816	0.254118	0.073066	
0.038236	0.622026	0.339738	
0.078045	0.137439	0.784516	
0.034216	0.106366	0.859417	
0.011084	0.521720	0.467196	
0.530179	0.325839	0.143981	
0.461444	0.360034	0.178522	
0.018265	0.295426	0.686309	
0.720998	0.229725	0.049277	
0.923016	0.071952	0.005032	
0.539603	0.382368	0.078028	
0.843711	0.139887	0.016402	
0.912417	0.082697	0.004886	
0.238141	0.375410	0.386449	
0.517401	0.381853	0.100745	
0.007891	0.540126	0.451983	
0.707391	0.241907	0.050702	
0.093399	0.332622	0.573979	
0.504030	0.397325	0.098645	
0.073257	0.643481	0.283262	
0.050281	0.615252	0.334467	
0.008210	0.661262	0.330528	
0.047358	0.223335	0.729307	
0.779234	0.185393	0.035372	
0.228364	0.485892	0.285744	
0.606376	0.319382	0.074241	
0.770762	0.200897	0.028340	
0.263940	0.394090	0.341970	
0.705923	0.256559	0.037519	
0.870228	0.104475	0.025298	
0.052260	0.561825	0.385915	
0.808791	0.168934	0.022275	
0.414346	0.444888	0.140766	
0.008741	0.425771	0.565488	
0.718832	0.236331	0.044837	
0.284560	0.420200	0.295239	
0.034338	0.392589	0.573073	
0.736542	0.207716	0.055742	
0.178471	0.388329	0.433200	
0.076672	0.223995	0.699333	
0.014028	0.110436	0.875537	
0.337439	0.519196	0.143365	
0.180081	0.526265	0.293654	
0.398150	0.361934	0.239916	
0.002954	0.441433	0.555613	
0.017677	0.700520	0.281803	
0.466627	0.397651	0.135722	
0.089333	0.219897	0.690770	
0.175409	0.576366	0.248225	
0.132191	0.603801	0.264007	
0.478081	0.400928	0.120991	
0.474974	0.400758	0.124268	
0.464397	0.405128	0.130475	
0.001223	0.021777	0.977000	
0.083607	0.593256	0.323136	
0.203524	0.566509	0.229967	
0.070642	0.136096	0.793262	
0.057207	0.325520	0.617273	
0.211924	0.566616	0.221460	
0.019989	0.241547	0.738464	
0.027106	0.623296	0.349598	
0.005849	0.467075	0.527076	
0.015546	0.465063	0.519391	
0.015375	0.208930	0.775696	
0.298698	0.386973	0.314329	
0.020313	0.226468	0.753219	
0.127543	0.566563	0.305894	
0.005751	0.180864	0.813385	
0.248963	0.506562	0.244475	
0.100559	0.298143	0.601298	
0.007379	0.295754	0.696867	
0.006088	0.062201	0.931711	
0.369152	0.367626	0.263222	
0.004799	0.192674	0.802527	
0.015172	0.090237	0.894591	
0.014807	0.135860	0.849333	
0.294113	0.399997	0.305890	
0.072588	0.383468	0.543944	
0.104615	0.355381	0.540005	
0.163489	0.382079	0.454433	
0.010706	0.381051	0.608243	
0.001935	0.053640	0.944425	
0.000060	0.002396	0.997545	
0.011353	0.200775	0.787873	
0.032185	0.533147	0.434668	
0.009636	0.462890	0.527474	
0.070358	0.182229	0.747413	
0.064406	0.334891	0.600702	
0.008643	0.159636	0.831721	
0.008247	0.339110	0.652643	
0.903486	0.081370	0.015143	
0.295133	0.423899	0.280968	
0.010523	0.459967	0.529511	
0.029450	0.357356	0.613193	
0.745878	0.200289	0.053833	
0.463641	0.309685	0.226673	
0.219320	0.394323	0.386357	
0.015499	0.364255	0.620246	
0.001974	0.022108	0.975918	
0.111251	0.470889	0.417860	
0.019211	0.192677	0.788112	
0.050792	0.250302	0.698906	
0.008328	0.397358	0.594314	
0.398840	0.362149	0.239011	
0.005020	0.313792	0.681188	
0.007748	0.116958	0.875294	
0.000853	0.014531	0.984617	
0.637751	0.252038	0.110211	
0.023008	0.179696	0.797296	
0.020234	0.343051	0.636715	
0.009984	0.403845	0.586172	
0.013884	0.480729	0.505387	
0.013558	0.326087	0.660355	
0.023407	0.393491	0.583102	
0.495268	0.315547	0.189185	
0.017000	0.472444	0.510555	
0.008572	0.330109	0.661319	
0.297747	0.405547	0.296706	
0.075852	0.344202	0.579945	
0.254094	0.370731	0.375174	
0.017819	0.377481	0.604700	
0.004544	0.329091	0.666364	
0.018338	0.281812	0.699850	
0.215769	0.513650	0.270582	
0.003700	0.143253	0.853048	
0.008516	0.601005	0.390479	
0.006959	0.334801	0.658241	
0.006260	0.184128	0.809611	
0.020311	0.360696	0.618992	
0.060935	0.401500	0.537565	
0.042991	0.106054	0.850955	
0.013195	0.118165	0.868640	
0.010146	0.347537	0.642318	
0.004884	0.185874	0.809242	
0.030610	0.436271	0.533119	
0.002525	0.044962	0.952513	
0.021570	0.343845	0.634584	
0.016936	0.584489	0.398574	
0.539206	0.277329	0.183465	
0.462979	0.364242	0.172779	
0.088158	0.275740	0.636102	
0.003674	0.032469	0.963858	
0.142296	0.354766	0.502938	
0.254691	0.363941	0.381368	
0.013313	0.490730	0.495957	
0.005018	0.099676	0.895306	
0.002439	0.024809	0.972751	
0.004914	0.042023	0.953063	
0.008162	0.135693	0.856145	
0.009900	0.325689	0.664411	
0.003568	0.029410	0.967022	
0.010354	0.083292	0.906354	
0.574384	0.317706	0.107910	
0.007111	0.182442	0.810447	
0.001839	0.036719	0.961443	
0.001326	0.023193	0.975481	
0.025444	0.210482	0.764074	
0.008516	0.364267	0.627217	
0.017065	0.352212	0.630723	
0.003633	0.031118	0.965248	
0.778353	0.187524	0.034124	
0.131308	0.509912	0.358780	
0.005124	0.334116	0.660759	
0.008799	0.606249	0.384951	
0.050720	0.351634	0.597646	
0.019449	0.148725	0.831826	
0.035111	0.253698	0.711191	
0.008619	0.408133	0.583248	
0.312483	0.352649	0.334868	
0.006290	0.131859	0.861852	
0.003734	0.052826	0.943439	
0.053340	0.257068	0.689592	
0.015041	0.540068	0.444892	
0.027766	0.498768	0.473466	
0.008962	0.185407	0.805631	
0.041201	0.147866	0.810933	
0.001799	0.013969	0.984233	
0.193044	0.375062	0.431894	
0.002175	0.021318	0.976507	
0.078546	0.310911	0.610543	
0.006513	0.682614	0.310873	
0.150222	0.256631	0.593148	
0.009252	0.280817	0.709931	
0.233124	0.380763	0.386113	
0.010460	0.350597	0.638943	
0.016704	0.491640	0.491656	
0.036722	0.399086	0.564193	
0.018669	0.723112	0.258219	
0.313751	0.441907	0.244342	
0.006698	0.047903	0.945399	
0.039191	0.191220	0.769589	
0.003570	0.035828	0.960602	
0.079734	0.147319	0.772947	
0.039235	0.225366	0.735399	
0.463846	0.326536	0.209617	
0.525110	0.277876	0.197015	
0.010366	0.156302	0.833332	
0.024056	0.579317	0.396627	
0.007412	0.646355	0.346233	
0.007341	0.567184	0.425475	
0.009982	0.414481	0.575537	
0.101642	0.262345	0.636013	
0.017050	0.516594	0.466356	
0.008815	0.446763	0.544423	
0.013953	0.419513	0.566535	
0.020408	0.220561	0.759031	
0.009945	0.572898	0.417157	
0.045170	0.491882	0.462949	
0.009961	0.591949	0.398090	
0.595925	0.290398	0.113676	
0.226892	0.390721	0.382387	
0.006100	0.548780	0.445121	
0.028268	0.375617	0.596116	
0.001568	0.040422	0.958010	
0.195204	0.363782	0.441014	
0.282458	0.405172	0.312371	
0.779202	0.189436	0.031362	
0.002802	0.401628	0.595570	
0.019687	0.296417	0.683896	
0.026233	0.291604	0.682164	
0.015608	0.037866	0.946526	
0.005492	0.510348	0.484160	
0.763435	0.202678	0.033887	
0.565549	0.287717	0.146734	
0.361523	0.348307	0.290170	
0.025714	0.234164	0.740123	
0.348303	0.365985	0.285712	
0.525013	0.324965	0.150022	
0.504484	0.359894	0.135622	
0.817955	0.158892	0.023153	
0.030103	0.399615	0.570282	
0.117427	0.193710	0.688864	
0.007131	0.369365	0.623504	
0.183744	0.333116	0.483140	
0.539455	0.305947	0.154599	
0.831573	0.150024	0.018403	
0.261485	0.512749	0.225765	
0.105654	0.264783	0.629563	
0.018607	0.645858	0.335535	
0.474787	0.346350	0.178863	
0.869276	0.113259	0.017465	
0.124852	0.686836	0.188312	
0.000352	0.266815	0.732833	
0.722886	0.226321	0.050794	
0.005923	0.567481	0.426596	
0.621358	0.298543	0.080099	
0.008555	0.422442	0.569003	
0.802963	0.166542	0.030495	
0.410489	0.393469	0.196042	
0.832587	0.147196	0.020217	
0.494357	0.377536	0.128107	
0.529852	0.352043	0.118105	
0.756036	0.207645	0.036319	
0.480529	0.354127	0.165344	
0.003560	0.037719	0.958722	
0.329831	0.475396	0.194774	
0.006659	0.292298	0.701043	
0.649503	0.274565	0.075933	
0.545204	0.340552	0.114244	
0.706263	0.239496	0.054241	
0.402560	0.435569	0.161871	
0.035279	0.412933	0.551787	
0.888211	0.103774	0.008015	
0.004704	0.467010	0.528285	
0.636088	0.278782	0.085131	
0.011470	0.180015	0.808514	
0.005994	0.633990	0.360016	
0.008426	0.504123	0.487452	
0.015514	0.268550	0.715936	
0.183492	0.468984	0.347524	
0.766725	0.197890	0.035385	
0.178060	0.525087	0.296853	
0.485639	0.349460	0.164901	
0.015362	0.195349	0.789289	
0.000644	0.012400	0.986956	
0.177442	0.281824	0.540735	
0.075457	0.424227	0.500316	
0.006297	0.029500	0.964203	
0.007750	0.568597	0.423653	
0.004737	0.566312	0.428951	
0.034723	0.565609	0.399669	
0.457507	0.348084	0.194409	
0.006888	0.218194	0.774918	
0.013597	0.415370	0.571032	
0.236360	0.457891	0.305749	
0.347146	0.382750	0.270105	
0.430376	0.388704	0.180920	
0.263098	0.421253	0.315649	
0.004252	0.137674	0.858074	
0.783871	0.188883	0.027247	
0.800484	0.171642	0.027874	
0.033562	0.700243	0.266195	
0.777623	0.183090	0.039287	
0.032498	0.652679	0.314822	
0.199838	0.538464	0.261698	
0.007875	0.348690	0.643435	
0.506333	0.354941	0.138726	
0.464057	0.397720	0.138223	
0.013572	0.630875	0.355553	
0.655114	0.259617	0.085270	
0.014011	0.315639	0.670350	
0.087299	0.505029	0.407673	
0.004300	0.386398	0.609302	
0.326252	0.502627	0.171121	
0.544003	0.341581	0.114417	
0.026672	0.176114	0.797213	
0.175207	0.246844	0.577950	
0.005830	0.103400	0.890770	
0.009800	0.359021	0.631179	
0.000426	0.005330	0.994244	
0.000078	0.003169	0.996753	
0.001491	0.023587	0.974922	
0.002804	0.044712	0.952484	
0.019525	0.268660	0.711816	
0.031755	0.278023	0.690223	
0.002168	0.057361	0.940470	
0.012906	0.086683	0.900411	
0.000644	0.008645	0.990711	
0.014878	0.121426	0.863696	
0.014979	0.156834	0.828186	
0.002025	0.012660	0.985315	
0.058250	0.226884	0.714866	
0.010240	0.250476	0.739284	
0.006797	0.064228	0.928975	
0.528883	0.340592	0.130525	
0.002241	0.034707	0.963052	
0.013775	0.259035	0.727191	
0.001970	0.037595	0.960435	
0.004825	0.082689	0.912487	
0.000091	0.003860	0.996049	
0.002031	0.048415	0.949554	
0.000614	0.008704	0.990683	
0.000298	0.007398	0.992304	
0.111549	0.248734	0.639716	
0.130385	0.295341	0.574274	
0.004542	0.059687	0.935771	
0.003362	0.051965	0.944674	
0.000263	0.006556	0.993180	
0.001533	0.018546	0.979921	
0.840492	0.140771	0.018737	
0.000511	0.016083	0.983406	
0.096804	0.136345	0.766850	
0.019906	0.261499	0.718595	
0.002050	0.029290	0.968660	
0.354516	0.349527	0.295957	
0.112851	0.255828	0.631321	
0.014997	0.147583	0.837420	
0.008187	0.119424	0.872389	
0.000430	0.008219	0.991351	
0.000090	0.002482	0.997427	
0.001923	0.047243	0.950834	
0.078840	0.242471	0.678689	
0.562850	0.201950	0.235200	
0.006968	0.119369	0.873663	
0.005363	0.051590	0.943047	
0.005817	0.083077	0.911106	
0.023557	0.176258	0.800186	
0.002078	0.016715	0.981207	
0.005877	0.019479	0.974644	
0.000687	0.009459	0.989855	
0.007461	0.099118	0.893420	
0.009382	0.074936	0.915682	
0.003540	0.090924	0.905536	
0.003275	0.058476	0.938249	
0.110538	0.311266	0.578195	
0.001426	0.013086	0.985488	
0.022948	0.070099	0.906953	
0.000457	0.014795	0.984748	
0.012850	0.090334	0.896816	
0.000052	0.002517	0.997431	
0.000316	0.007022	0.992661	
0.001514	0.047218	0.951269	
0.014520	0.229319	0.756161	
0.000618	0.020179	0.979204	
0.112490	0.222706	0.664804	
0.006391	0.165586	0.828023	
0.092203	0.197817	0.709980	
0.005771	0.040357	0.953872	
0.000354	0.013739	0.985908	
0.000196	0.004521	0.995283	
0.063259	0.418230	0.518511	
0.009455	0.103719	0.886826	
0.000666	0.038450	0.960884	
0.001253	0.021760	0.976987	
0.008565	0.137285	0.854150	
0.008088	0.288213	0.703699	
0.014373	0.185937	0.799690	
0.032126	0.224941	0.742933	
0.000020	0.002368	0.997612	
0.032032	0.343558	0.624410	
0.565773	0.305757	0.128470	
0.005440	0.344114	0.650445	
0.573721	0.319930	0.106349	
0.163753	0.274451	0.561796	
0.669694	0.229509	0.100797	
0.001474	0.028634	0.969892	
0.033921	0.183717	0.782362	
0.008855	0.106177	0.884968	
0.008453	0.675137	0.316410	
0.004699	0.102873	0.892428	
0.112409	0.656508	0.231083	
0.060449	0.594714	0.344837	
0.236860	0.395513	0.367627	
0.559608	0.353265	0.087127	
0.004154	0.535469	0.460377	
0.102727	0.718243	0.179030	
0.367658	0.478871	0.153471	
0.004977	0.604624	0.390400	
0.043402	0.279147	0.677451	
0.043484	0.749929	0.206586	
0.023546	0.159524	0.816929	
0.013079	0.235568	0.751354	
0.038472	0.472261	0.489267	
0.015068	0.510161	0.474771	
0.036625	0.441689	0.521686	
0.017696	0.714126	0.268178	
0.004019	0.043219	0.952762	
0.009750	0.472339	0.517910	
0.015820	0.580394	0.403785	
0.048201	0.392637	0.559162	
0.349948	0.368414	0.281638	
0.013496	0.496388	0.490116	
0.127641	0.307531	0.564828	
0.022144	0.185126	0.792730	
0.522283	0.387279	0.090437	
0.018916	0.208441	0.772644	
0.010542	0.221752	0.767706	
0.192324	0.378539	0.429137	
0.273770	0.367856	0.358374	
0.008426	0.173825	0.817748	
0.011078	0.104173	0.884749	
0.053848	0.207443	0.738710	
0.662743	0.271233	0.066025	
0.055351	0.136509	0.808140	
0.643399	0.273953	0.082648	
0.571933	0.319595	0.108472	
0.510683	0.346060	0.143257	
0.064569	0.682329	0.253102	
0.125093	0.612943	0.261964	
0.318265	0.492846	0.188890	
0.811273	0.166206	0.022521	
0.766375	0.191303	0.042322	
0.021036	0.364385	0.614579	
0.002899	0.048061	0.949040	
0.032495	0.659777	0.307728	
0.003834	0.470906	0.525260	
0.005649	0.378518	0.615834	
0.075345	0.616573	0.308083	
0.005541	0.394385	0.600074	
0.008742	0.357145	0.634113	
0.317349	0.498144	0.184508	
0.012665	0.509705	0.477630	
0.482446	0.390480	0.127075	
0.167380	0.196583	0.636037	
0.033094	0.124294	0.842612	
0.005165	0.142354	0.852480	
0.242603	0.500690	0.256707	
0.221154	0.580432	0.198414	
0.004877	0.503596	0.491527	
0.111454	0.697489	0.191057	
0.534469	0.267852	0.197679	
0.570383	0.300353	0.129263	
0.608263	0.300900	0.090837	
0.012123	0.388609	0.599269	
0.481670	0.362084	0.156245	
0.066074	0.437941	0.495985	
0.195479	0.250764	0.553756	
0.061168	0.180434	0.758398	
0.245652	0.611313	0.143036	
0.006816	0.376472	0.616712	
0.008905	0.451811	0.539284	
0.758425	0.207463	0.034112	
0.171691	0.635143	0.193166	
0.011596	0.244039	0.744366	
0.008678	0.459825	0.531497	
0.021263	0.330979	0.647758	
0.128028	0.314186	0.557785	
0.072721	0.264817	0.662462	
0.088193	0.301483	0.610324	
0.626090	0.295021	0.078889	
0.365411	0.201629	0.432960	
0.186330	0.424972	0.388699	
0.013729	0.079774	0.906496	
0.363980	0.430990	0.205030	
0.008335	0.145060	0.846605	
0.091922	0.521769	0.386309	
0.493465	0.341379	0.165156	
0.446963	0.394082	0.158955	
0.390241	0.491828	0.117931	
0.138115	0.678461	0.183424	
0.003176	0.424093	0.572731	
0.101676	0.461979	0.436344	
0.172960	0.500493	0.326548	
0.075140	0.108195	0.816665	
0.015208	0.116079	0.868713	
0.330180	0.374059	0.295761	
0.098664	0.612882	0.288454	
0.125834	0.282572	0.591594	
0.198751	0.427639	0.373610	
0.617078	0.307569	0.075353	
0.030097	0.151152	0.818751	
0.035747	0.660215	0.304038	
0.009879	0.494957	0.495164	
0.104915	0.591062	0.304023	
0.454147	0.368592	0.177262	
0.237323	0.243316	0.519362	
0.361636	0.470243	0.168121	
0.410972	0.413269	0.175759	
0.008401	0.302220	0.689379	
0.228631	0.376894	0.394475	
0.007618	0.212861	0.779520	
0.008986	0.642757	0.348257	
0.443449	0.349119	0.207432	
0.115982	0.504183	0.379836	
0.106588	0.223150	0.670262	
0.009361	0.132384	0.858255	
0.041664	0.170343	0.787992	
0.085249	0.434113	0.480639	
0.673834	0.268533	0.057633	
0.016340	0.240109	0.743551	
0.559773	0.320524	0.119704	
0.011951	0.574476	0.413573	
0.012696	0.136414	0.850890	
0.001244	0.019898	0.978858	
0.114303	0.302047	0.583650	
0.045927	0.378690	0.575384	
0.389928	0.349296	0.260776	
0.254219	0.621054	0.124726	
0.001489	0.017962	0.980549	
0.093938	0.238975	0.667087	
0.012291	0.183348	0.804361	
0.228843	0.483375	0.287781	
0.071549	0.238034	0.690417	
0.485418	0.323463	0.191119	
0.234475	0.557986	0.207538	
0.016223	0.694008	0.289769	
0.099362	0.371249	0.529388	
0.615873	0.293476	0.090651	
0.269597	0.376922	0.353481	
0.753900	0.215580	0.030519	
0.041619	0.692916	0.265465	
0.310408	0.495481	0.194112	
0.123503	0.364847	0.511650	
0.651281	0.279090	0.069628	
0.051074	0.127722	0.821204	
0.017937	0.497978	0.484085	
0.620301	0.293642	0.086057	
0.562061	0.316726	0.121212	
0.309138	0.405277	0.285584	
0.381272	0.417304	0.201424	
0.055939	0.112312	0.831749	
0.347193	0.362141	0.290666	
0.260628	0.371811	0.367561	
0.097372	0.156130	0.746498	
0.030671	0.094604	0.874725	
0.003711	0.035097	0.961192	
0.000710	0.013340	0.985950	
0.007212	0.512389	0.480399	
0.024974	0.136136	0.838891	
0.079548	0.511168	0.409284	
0.153732	0.520920	0.325348	
0.730130	0.225226	0.044644	
0.205762	0.432013	0.362225	
0.005876	0.072564	0.921561	
0.003332	0.371124	0.625545	
0.060410	0.516428	0.423162	
0.003960	0.456871	0.539169	
0.043308	0.242972	0.713721	
0.022814	0.344283	0.632902	
0.624898	0.292712	0.082389	
0.005130	0.172798	0.822072	
0.085378	0.284155	0.630467	
0.013174	0.430368	0.556458	
0.017085	0.175345	0.807570	
0.749832	0.211635	0.038533	
0.008041	0.413404	0.578555	
0.005486	0.062454	0.932060	
0.036475	0.271168	0.692357	
0.011264	0.045299	0.943437	
0.016271	0.521305	0.462424	
0.002799	0.387733	0.609468	
0.192090	0.461058	0.346852	
0.005985	0.673847	0.320168	
0.322373	0.358458	0.319169	
0.123410	0.652148	0.224443	
0.284157	0.479895	0.235947	
0.025495	0.297206	0.677299	
0.456636	0.467611	0.075754	
0.273152	0.644329	0.082520	
0.910308	0.084298	0.005394	
0.390000	0.500258	0.109742	
0.554047	0.367552	0.078402	
0.632390	0.287190	0.080421	
0.705784	0.258154	0.036061	
0.823366	0.156209	0.020425	
0.052666	0.725574	0.221760	
0.422345	0.406123	0.171532	
0.850648	0.127002	0.022350	
0.556020	0.331919	0.112061	
0.548269	0.390917	0.060814	
0.037077	0.092097	0.870826	
0.301984	0.540265	0.157751	
0.680992	0.259389	0.059619	
0.317638	0.523819	0.158543	
0.410818	0.359038	0.230144	
0.573908	0.327358	0.098733	
0.163871	0.592457	0.243671	
0.539619	0.425434	0.034947	
0.808334	0.166803	0.024864	
0.576574	0.330084	0.093343	
0.039422	0.103104	0.857474	
0.445565	0.405768	0.148667	
0.111545	0.731499	0.156957	
0.573771	0.367995	0.058234	
0.244185	0.543683	0.212132	
0.752807	0.214070	0.033123	
0.034198	0.675900	0.289902	
0.415154	0.375149	0.209697	
0.484064	0.423959	0.091977	
0.344132	0.482300	0.173567	
0.621194	0.303439	0.075367	
0.535015	0.386287	0.078698	
0.611529	0.300079	0.088392	
0.765993	0.150663	0.083344	
0.469501	0.459652	0.070847	
0.674264	0.255477	0.070259	
0.797895	0.177353	0.024751	
0.327397	0.536525	0.136078	
0.915185	0.080454	0.004361	
0.664749	0.289206	0.046046	
0.500419	0.375888	0.123693	
0.441862	0.485809	0.072329	
0.449490	0.337652	0.212857	
0.708215	0.265812	0.025973	
0.818103	0.163426	0.018472	
0.471160	0.446328	0.082512	
0.582596	0.342780	0.074624	
0.355289	0.543830	0.100880	
0.196847	0.404036	0.399116	
0.805431	0.171464	0.023105	
0.545660	0.393897	0.060444	
0.025937	0.120496	0.853567	
0.631224	0.288481	0.080295	
0.493399	0.314364	0.192237	
0.349273	0.523606	0.127121	
0.623159	0.300157	0.076684	
0.518156	0.422470	0.059374	
0.019273	0.677046	0.303681	
0.383510	0.536441	0.080049	
0.540578	0.328755	0.130666	
0.161525	0.676749	0.161726	
0.351854	0.553368	0.094778	
0.029851	0.353979	0.616170	
0.445503	0.440809	0.113688	
0.777286	0.188038	0.034675	
0.872834	0.115899	0.011267	
0.894712	0.097660	0.007628	
0.215749	0.666300	0.117951	
0.421410	0.486950	0.091640	
0.446929	0.363553	0.189518	
0.757230	0.210450	0.032320	
0.617755	0.306464	0.075781	
0.831304	0.151734	0.016962	
0.002929	0.035187	0.961884	
0.719365	0.233305	0.047330	
0.678771	0.275180	0.046049	
0.589134	0.309364	0.101502	
0.332819	0.583933	0.083247	
0.170509	0.585438	0.244053	
0.909432	0.085415	0.005153	
0.697285	0.257209	0.045506	
0.516424	0.331384	0.152192	
0.298519	0.561464	0.140018	
0.517248	0.353158	0.129594	
0.502516	0.420947	0.076537	
0.565107	0.295544	0.139349	
0.442050	0.354018	0.203932	
0.447509	0.426915	0.125577	
0.160530	0.322207	0.517263	
0.612432	0.314831	0.072737	
0.015580	0.063751	0.920669	
0.699561	0.241057	0.059382	
0.624193	0.303468	0.072339	
0.583502	0.324928	0.091570	
0.238500	0.541393	0.220107	
0.441264	0.420736	0.138000	
0.484774	0.405216	0.110010	
0.185025	0.596691	0.218284	
0.785012	0.189540	0.025448	
0.352703	0.518745	0.128552	
0.175481	0.679090	0.145428	
0.018072	0.085778	0.896150	
0.018261	0.748392	0.233347	
0.161792	0.287525	0.550683	
0.011011	0.047990	0.940999	
0.327347	0.574581	0.098072	
0.222649	0.443146	0.334206	
0.260554	0.486192	0.253253	
0.009618	0.109640	0.880742	
0.628521	0.297708	0.073771	
0.046839	0.129818	0.823344	
0.156698	0.583723	0.259579	
0.018272	0.054904	0.926825	
0.319522	0.560136	0.120342	
0.546236	0.360750	0.093013	
0.748521	0.224718	0.026761	
0.346128	0.572940	0.080932	
0.430425	0.375386	0.194189	
0.004683	0.076276	0.919041	
0.745147	0.208983	0.045870	
0.220524	0.548824	0.230652	
0.765513	0.202823	0.031664	
0.098279	0.356717	0.545004	
0.051504	0.155672	0.792824	
0.256484	0.541964	0.201553	
0.281233	0.501964	0.216803	
0.000209	0.006652	0.993139	
0.674026	0.284818	0.041155	
0.231624	0.565652	0.202724	
0.396689	0.470859	0.132452	
0.876347	0.114583	0.009070	
0.692160	0.263597	0.044243	
0.164620	0.621154	0.214226	
0.012141	0.079246	0.908613	
0.004648	0.049936	0.945415	
0.067851	0.164771	0.767378	
0.466956	0.441415	0.091629	
0.914783	0.079954	0.005263	
0.419939	0.487924	0.092137	
0.136763	0.668790	0.194447	
0.002765	0.069636	0.927599	
0.139539	0.644479	0.215981	
0.555326	0.291234	0.153440	
0.576887	0.345375	0.077738	
0.430756	0.323763	0.245482	
0.653401	0.277121	0.069478	
0.229381	0.603552	0.167066	
0.485770	0.284818	0.229412	
0.229264	0.375789	0.394947	
0.206337	0.263574	0.530089	
0.011726	0.103072	0.885202	
0.334227	0.349891	0.315882	
0.414550	0.513916	0.071534	
0.232031	0.371490	0.396479	
0.740211	0.211271	0.048517	
0.474804	0.366454	0.158742	
0.177277	0.580019	0.242703	
0.232307	0.482273	0.285419	
0.619871	0.302547	0.077582	
0.043054	0.425231	0.531716	
0.648215	0.297466	0.054319	
0.150269	0.603808	0.245923	
0.256106	0.325276	0.418618	
0.581818	0.313989	0.104193	
0.372636	0.441537	0.185827	
0.134465	0.311906	0.553628	
0.161244	0.614730	0.224027	
0.759561	0.206940	0.033500	
0.490439	0.368811	0.140750	
0.801848	0.174956	0.023196	
0.526489	0.373861	0.099649	
0.096767	0.224555	0.678678	
0.525169	0.384430	0.090401	
0.304386	0.440614	0.255000	
0.454744	0.450695	0.094561	
0.165595	0.501755	0.332650	
0.456018	0.402730	0.141251	
0.273189	0.362951	0.363860	
0.107837	0.685224	0.206939	
0.078163	0.664806	0.257030	
0.089973	0.678206	0.231821	
0.392940	0.508612	0.098448	
0.115830	0.597384	0.286786	
0.167456	0.576795	0.255749	
0.718835	0.233240	0.047925	
0.083386	0.298756	0.617858	
0.362413	0.385951	0.251636	
0.487522	0.443099	0.069379	
0.614506	0.319719	0.065774	
0.073146	0.668698	0.258156	
0.362485	0.427495	0.210020	
0.552404	0.337960	0.109636	
0.468743	0.458872	0.072385	
0.294360	0.313516	0.392124	
0.128520	0.458312	0.413168	
0.127296	0.653187	0.219518	
0.191770	0.329952	0.478278	
0.111740	0.741449	0.146811	
0.295204	0.558546	0.146250	
0.015227	0.485136	0.499637	
0.232294	0.417701	0.350006	
0.090190	0.241575	0.668235	
0.271643	0.643459	0.084897	
0.124184	0.690196	0.185620	
0.371340	0.517132	0.111528	
0.075466	0.283132	0.641402	
0.049148	0.732204	0.218647	
0.082089	0.767397	0.150514	
0.199828	0.629097	0.171076	
0.191972	0.638378	0.169650	
0.569360	0.319201	0.111439	
0.932044	0.063761	0.004195	
0.209358	0.615400	0.175242	
0.717676	0.249304	0.033020	
0.358857	0.502261	0.138882	
0.242325	0.574041	0.183634	
0.398352	0.424650	0.176998	
0.531999	0.362131	0.105870	
0.442629	0.477468	0.079903	
0.246192	0.521341	0.232468	
0.271574	0.612744	0.115682	
0.201384	0.457615	0.341001	
0.719678	0.222260	0.058062	
0.739395	0.221392	0.039213	
0.066104	0.621646	0.312250	
0.455721	0.456030	0.088250	
0.528472	0.322800	0.148727	
0.265350	0.459741	0.274909	
0.650581	0.292186	0.057233	
0.251358	0.615627	0.133015	
0.107723	0.706812	0.185465	
0.172337	0.604231	0.223432	
0.131366	0.720195	0.148439	
0.263884	0.463214	0.272902	
0.177713	0.580847	0.241440	
0.178589	0.646092	0.175319	
0.466526	0.446702	0.086772	
0.084278	0.396202	0.519520	
0.176910	0.281217	0.541872	
0.010237	0.719775	0.269988	
0.085805	0.722257	0.191938	
0.213581	0.618882	0.167538	
0.145878	0.736163	0.117959	
0.088646	0.696847	0.214507	
0.446954	0.374756	0.178290	
0.010229	0.570363	0.419408	
0.274242	0.513299	0.212459	
0.131179	0.648293	0.220528	
0.641007	0.318474	0.040519	
0.447619	0.448432	0.103949	
0.148558	0.542865	0.308577	
0.331421	0.534654	0.133925	
0.033145	0.344843	0.622011	
0.495941	0.404441	0.099617	
0.645186	0.316631	0.038182	
0.225300	0.584610	0.190089	
0.091656	0.590270	0.318074	
0.303015	0.560950	0.136035	
0.796256	0.180349	0.023395	
0.173757	0.633488	0.192755	
0.324119	0.505304	0.170577	
0.027251	0.443985	0.528764	
0.338711	0.500192	0.161097	
0.217810	0.626367	0.155822	
0.318332	0.437897	0.243771	
0.031063	0.693327	0.275610	
0.034642	0.612955	0.352403	
0.239898	0.448232	0.311870	
0.185696	0.269779	0.544525	
0.139322	0.661339	0.199339	
0.337719	0.493916	0.168365	
0.274144	0.559190	0.166666	
0.198143	0.239897	0.561960	
0.531211	0.416857	0.051932	
0.194497	0.657780	0.147723	
0.016084	0.489590	0.494326	
0.563937	0.348679	0.087384	
0.468110	0.470703	0.061187	
0.498761	0.421901	0.079338	
0.409728	0.486166	0.104106	
0.319708	0.439482	0.240809	
0.286671	0.302668	0.410661	
0.189767	0.639046	0.171187	
0.014255	0.551092	0.434653	
0.599552	0.342412	0.058036	
0.033049	0.647469	0.319482	
0.253281	0.591010	0.155709	
0.370922	0.493814	0.135264	
0.729132	0.229232	0.041636	
0.209711	0.649861	0.140428	
0.239678	0.634799	0.125523	
0.546852	0.357026	0.096122	
0.618236	0.354211	0.027553	
0.148572	0.392683	0.458744	
0.385496	0.307977	0.306526	
0.474751	0.414519	0.110730	
0.565168	0.372769	0.062063	
0.176905	0.593308	0.229787	
0.038000	0.120017	0.841982	
0.003242	0.026270	0.970488	
0.168524	0.252202	0.579275	
0.437597	0.459715	0.102689	
0.790418	0.189208	0.020374	
0.025529	0.746761	0.227710	
0.721756	0.236868	0.041376	
0.279450	0.453771	0.266779	
0.623147	0.321807	0.055046	
0.679839	0.277561	0.042600	
0.508410	0.414851	0.076739	
0.045320	0.364012	0.590668	
0.097291	0.314067	0.588642	
0.115841	0.618649	0.265510	
0.353919	0.541519	0.104562	
0.215157	0.601431	0.183412	
0.895797	0.096748	0.007455	
0.273152	0.644329	0.082520	
0.891020	0.101975	0.007006	
0.031536	0.511693	0.456771	
0.132344	0.550435	0.317221	
0.750701	0.217660	0.031639	
0.186137	0.643213	0.170650	
0.440908	0.460734	0.098358	
0.740221	0.233628	0.026151	
0.410818	0.359038	0.230144	
0.304668	0.534760	0.160571	
0.414675	0.494386	0.090939	
0.034350	0.108727	0.856923	
0.334102	0.380375	0.285523	
0.723194	0.234862	0.041944	
0.466771	0.438864	0.094365	
0.734601	0.222514	0.042886	
0.040665	0.645231	0.314104	
0.597777	0.320181	0.082042	
0.583648	0.317986	0.098367	
0.341917	0.448125	0.209958	
0.647382	0.290299	0.062319	
0.181279	0.708775	0.109946	
0.655170	0.277069	0.067761	
0.510257	0.389999	0.099744	
0.451269	0.465800	0.082930	
0.574095	0.329734	0.096172	
0.156457	0.696336	0.147207	
0.890871	0.102161	0.006968	
0.377799	0.544050	0.078151	
0.129683	0.678169	0.192148	
0.624747	0.306832	0.068422	
0.084170	0.156847	0.758983	
0.576732	0.368259	0.055008	
0.773385	0.192239	0.034376	
0.210392	0.614683	0.174925	
0.201381	0.589887	0.208732	
0.808423	0.170485	0.021093	
0.166122	0.451215	0.382663	
0.312673	0.568817	0.118510	
0.383163	0.529088	0.087748	
0.437675	0.455697	0.106628	
0.093105	0.159163	0.747732	
0.141626	0.240466	0.617909	
0.157815	0.574964	0.267221	
0.002519	0.059656	0.937825	
0.314318	0.503760	0.181922	
0.000137	0.003119	0.996744	
0.008933	0.694732	0.296336	
0.008216	0.527588	0.464196	
0.013904	0.205652	0.780444	
0.532199	0.279180	0.188621	
0.005034	0.076039	0.918927	
0.479538	0.343738	0.176724	
0.096610	0.284724	0.618666	
0.031464	0.494422	0.474115	
0.002397	0.044027	0.953576	
0.003908	0.038692	0.957400	
0.006127	0.605700	0.388173	
0.027818	0.538459	0.433723	
0.528595	0.315549	0.155856	
0.004107	0.342689	0.653204	
0.643268	0.274774	0.081958	
0.006915	0.494341	0.498744	
0.015398	0.103072	0.881530	
0.038758	0.676171	0.285071	
0.040787	0.187395	0.771819	
0.003905	0.086549	0.909546	
0.011454	0.106182	0.882364	
0.016398	0.073109	0.910493	
0.021775	0.231191	0.747033	
0.578865	0.294087	0.127048	
0.592195	0.303947	0.103858	
0.167456	0.299892	0.532652	
0.010344	0.538045	0.451611	
0.011450	0.068508	0.920042	
0.003016	0.043078	0.953905	
0.041264	0.262874	0.695862	
0.116163	0.615652	0.268185	
0.006318	0.589643	0.404040	
0.033698	0.423379	0.542923	
0.032706	0.327798	0.639496	
0.042295	0.455824	0.501881	
0.002677	0.373584	0.623739	
0.556801	0.305292	0.137907	
0.031999	0.374539	0.593461	
0.011086	0.212353	0.776561	
0.006501	0.295933	0.697566	
0.002357	0.100090	0.897553	
0.228859	0.405531	0.365610	
0.008429	0.381585	0.609986	
0.243398	0.406958	0.349644	
0.001071	0.020107	0.978822	
0.182762	0.475635	0.341603	
0.553148	0.363358	0.083494	
0.006217	0.341935	0.651848	
0.357360	0.389671	0.252970	
0.037704	0.440665	0.521631	
0.009143	0.204040	0.786817	
0.286184	0.410610	0.303206	
0.026648	0.164509	0.808843	
0.117077	0.453258	0.429665	
0.427120	0.365130	0.207750	
0.000477	0.016259	0.983263	
0.025805	0.297940	0.676255	
0.018169	0.306338	0.675494	
0.011190	0.163310	0.825501	
0.006367	0.408022	0.585610	
0.004171	0.333852	0.661976	
0.737466	0.217692	0.044842	
0.010053	0.116928	0.873019	
0.496283	0.328942	0.174776	
0.343867	0.414343	0.241790	
0.043130	0.615655	0.341215	
0.215035	0.425878	0.359087	
0.710637	0.205727	0.083636	
0.015629	0.622232	0.362139	
0.011341	0.734831	0.253828	
0.343060	0.485958	0.170982	
0.663152	0.262690	0.074158	
0.006036	0.621532	0.372432	
0.508689	0.326611	0.164700	
0.295507	0.373952	0.330541	
0.041116	0.663046	0.295838	
0.013906	0.278995	0.707098	
0.052105	0.515518	0.432378	
0.325957	0.375642	0.298400	
0.015409	0.078684	0.905907	
0.767981	0.199415	0.032604	
0.005604	0.489364	0.505032	
0.056160	0.515222	0.428618	
0.091488	0.361523	0.546989	
0.597950	0.304582	0.097468	
0.024020	0.644872	0.331108	
0.354826	0.434359	0.210815	
0.008693	0.510470	0.480836	
0.011043	0.559167	0.429790	
0.829843	0.147410	0.022747	
0.443898	0.333907	0.222195	
0.034792	0.621940	0.343268	
0.287261	0.349188	0.363552	
0.013896	0.122721	0.863383	
0.014329	0.101819	0.883852	
0.053656	0.323792	0.622552	
0.081271	0.294125	0.624603	
0.002871	0.026903	0.970225	
0.006110	0.520217	0.473673	
0.024087	0.554446	0.421467	
0.002105	0.055570	0.942325	
0.020641	0.399945	0.579414	
0.421018	0.413155	0.165827	
0.307854	0.421226	0.270920	
0.092913	0.585807	0.321279	
0.010218	0.209458	0.780324	
0.797960	0.174665	0.027376	
0.179479	0.499184	0.321338	
0.058341	0.593428	0.348231	
0.060932	0.447460	0.491608	
0.004116	0.047371	0.948512	
0.012385	0.255246	0.732369	
0.008781	0.452485	0.538734	
0.019031	0.677671	0.303298	
0.001513	0.018740	0.979747	
0.247686	0.409411	0.342903	
0.481304	0.359842	0.158854	
0.278457	0.500756	0.220788	
0.038829	0.398729	0.562442	
0.722975	0.227407	0.049618	
0.003183	0.036960	0.959857	
0.101923	0.524226	0.373851	
0.002948	0.067003	0.930049	
0.185137	0.422126	0.392737	
0.018910	0.129414	0.851676	
0.032220	0.465720	0.502061	
0.017229	0.500734	0.482036	
0.013812	0.126727	0.859461	
0.004091	0.043936	0.951973	
0.235840	0.660722	0.103438	
0.249311	0.481714	0.268975	
0.085201	0.560208	0.354591	
0.153426	0.285652	0.560921	
0.007365	0.551138	0.441497	
0.396175	0.383993	0.219832	
0.022696	0.292961	0.684343	
0.000891	0.015368	0.983741	
0.024172	0.714530	0.261298	
0.118233	0.368330	0.513437	
0.006324	0.060917	0.932759	
0.020092	0.661977	0.317931	
0.007358	0.330832	0.661810	
0.011289	0.627364	0.361347	
0.027947	0.362997	0.609055	
0.020688	0.067225	0.912087	
0.015495	0.333951	0.650554	
0.778573	0.201403	0.020024	
0.044132	0.195738	0.760130	
0.066884	0.434426	0.498691	
0.050081	0.400987	0.548932	
0.385510	0.448841	0.165650	
0.011858	0.055854	0.932288	
0.151698	0.562993	0.285309	
0.015948	0.176364	0.807689	
0.005275	0.158578	0.836147	
0.233284	0.519714	0.247002	
0.258322	0.305489	0.436189	
0.025512	0.122630	0.851858	
0.056495	0.115816	0.827689	
0.064692	0.224014	0.711294	
0.563956	0.302054	0.133990	
0.005033	0.025225	0.969743	
0.129871	0.400322	0.469806	
0.013139	0.119186	0.867675	
0.095376	0.643083	0.261540	
0.028011	0.096684	0.875305	
0.665887	0.284261	0.049852	
0.009532	0.489426	0.501042	
0.090644	0.167520	0.741836	
0.008014	0.264202	0.727784	
0.013082	0.282989	0.703929	
0.183407	0.424475	0.392118	
0.021152	0.470907	0.507941	
0.271064	0.458609	0.270327	
0.108187	0.267452	0.624362	
