0.024747	0.244270	0.730982	
0.807602	0.171450	0.020948	
0.866973	0.107296	0.025731	
0.857094	0.135612	0.007294	
0.194124	0.407327	0.398549	
0.194124	0.407327	0.398549	
0.016068	0.183590	0.800342	
0.773132	0.196917	0.029951	
0.262934	0.288250	0.448816	
0.848116	0.137091	0.014793	
0.128687	0.612523	0.258790	
0.043339	0.777959	0.178702	
0.011001	0.214551	0.774448	
0.194124	0.407327	0.398549	
0.006378	0.786347	0.207275	
0.043641	0.150859	0.805500	
0.011220	0.624451	0.364329	
0.637256	0.355311	0.007432	
0.194124	0.407327	0.398549	
0.194124	0.407327	0.398549	
0.000205	0.007879	0.991916	
0.083123	0.456195	0.460682	
0.031650	0.357557	0.610793	
0.808959	0.170177	0.020864	
0.194124	0.407327	0.398549	
0.928377	0.068647	0.002976	
0.004952	0.753821	0.241227	
0.194124	0.407327	0.398549	
0.078830	0.768489	0.152681	
0.093671	0.506432	0.399897	
0.036795	0.478417	0.484788	
0.002217	0.054176	0.943607	
0.005860	0.033617	0.960522	
0.014415	0.140516	0.845069	
0.003667	0.815164	0.181169	
0.010796	0.327524	0.661681	
0.750388	0.223637	0.025975	
0.672614	0.288342	0.039044	
0.194124	0.407327	0.398549	
0.194124	0.407327	0.398549	
0.194124	0.407327	0.398549	
0.044778	0.835438	0.119784	
0.140676	0.715914	0.143410	
0.664367	0.281038	0.054595	
0.009739	0.773714	0.216547	
0.194124	0.407327	0.398549	
0.005480	0.071997	0.922523	
0.065067	0.180933	0.754000	
0.004820	0.227321	0.767859	
0.002403	0.041252	0.956345	
0.194124	0.407327	0.398549	
0.048832	0.822116	0.129052	
0.007761	0.696200	0.296039	
0.013525	0.194945	0.791530	
0.006742	0.833077	0.160181	
0.194124	0.407327	0.398549	
0.194124	0.407327	0.398549	
0.194124	0.407327	0.398549	
0.005460	0.734264	0.260276	
0.248742	0.619399	0.131859	
0.283680	0.641000	0.075320	
0.794310	0.180679	0.025011	
0.009168	0.152819	0.838013	
0.117799	0.251716	0.630486	
0.194124	0.407327	0.398549	
0.033660	0.646241	0.320099	
0.983177	0.016582	0.000241	
0.194124	0.407327	0.398549	
0.154398	0.687780	0.157822	
0.004045	0.068884	0.927071	
0.887289	0.105319	0.007392	
0.487278	0.374551	0.138171	
0.022501	0.651839	0.325660	
0.011813	0.713830	0.274357	
0.194124	0.407327	0.398549	
0.194124	0.407327	0.398549	
0.194124	0.407327	0.398549	
0.001975	0.017685	0.980340	
0.006460	0.793339	0.200201	
0.194124	0.407327	0.398549	
0.006191	0.744147	0.249663	
0.004701	0.059354	0.935945	
0.170449	0.664077	0.165474	
0.068589	0.149056	0.782355	
0.194124	0.407327	0.398549	
0.061161	0.698058	0.240781	
0.065513	0.706055	0.228432	
0.004969	0.162984	0.832047	
0.004929	0.083087	0.911984	
0.464611	0.433765	0.101623	
0.041427	0.782494	0.176079	
0.040231	0.805257	0.154512	
0.036066	0.862147	0.101787	
0.194124	0.407327	0.398549	
0.767684	0.215482	0.016834	
0.007655	0.302917	0.689428	
0.194124	0.407327	0.398549	
0.014036	0.782842	0.203122	
0.003813	0.812421	0.183766	
0.006322	0.051636	0.942042	
0.012173	0.743864	0.243964	
0.019717	0.699655	0.280628	
0.611457	0.344445	0.044098	
0.006589	0.679679	0.313731	
0.202817	0.581122	0.216061	
0.005036	0.746446	0.248518	
0.006638	0.717207	0.276155	
0.148094	0.607716	0.244190	
0.052475	0.743858	0.203667	
0.735660	0.222221	0.042118	
0.006947	0.371326	0.621727	
0.880643	0.108443	0.010915	
0.159462	0.659748	0.180789	
0.223361	0.675474	0.101166	
0.078317	0.645197	0.276485	
0.005914	0.550866	0.443221	
0.050023	0.101210	0.848767	
0.030692	0.808621	0.160687	
0.006188	0.715600	0.278212	
0.020876	0.865537	0.113587	
0.007680	0.790507	0.201813	
0.194124	0.407327	0.398549	
0.528936	0.365309	0.105756	
0.010035	0.187829	0.802136	
0.194124	0.407327	0.398549	
0.194124	0.407327	0.398549	
0.194124	0.407327	0.398549	
0.867567	0.122665	0.009767	
0.021136	0.731794	0.247070	
0.011044	0.441654	0.547302	
0.043627	0.655116	0.301257	
0.011208	0.643453	0.345339	
0.017140	0.377064	0.605796	
0.784771	0.192955	0.022274	
0.027116	0.780401	0.192483	
0.194124	0.407327	0.398549	
0.035819	0.645434	0.318747	
0.448439	0.388876	0.162686	
0.073741	0.722232	0.204026	
0.000766	0.017682	0.981552	
0.006097	0.773197	0.220707	
0.194124	0.407327	0.398549	
0.003596	0.142171	0.854233	
0.027780	0.801562	0.170658	
0.000050	0.004876	0.995074	
0.685879	0.264772	0.049349	
0.011986	0.811006	0.177009	
0.056744	0.746962	0.196293	
0.020141	0.706644	0.273215	
0.007285	0.181253	0.811462	
0.034446	0.810317	0.155238	
0.112767	0.696339	0.190894	
0.194124	0.407327	0.398549	
0.317662	0.236466	0.445872	
0.747750	0.218072	0.034178	
0.010732	0.816916	0.172353	
0.041184	0.744003	0.214813	
0.098586	0.607860	0.293554	
0.008909	0.816451	0.174641	
0.104584	0.736236	0.159180	
0.026776	0.303660	0.669565	
0.009728	0.157462	0.832810	
0.689721	0.257446	0.052833	
0.436963	0.446654	0.116383	
0.874752	0.106212	0.019036	
0.007352	0.354091	0.638557	
0.012335	0.047981	0.939684	
0.147247	0.766636	0.086117	
0.194124	0.407327	0.398549	
0.031955	0.784930	0.183115	
0.008099	0.278716	0.713184	
0.194124	0.407327	0.398549	
0.148329	0.793347	0.058323	
0.194430	0.658141	0.147429	
0.016856	0.478649	0.504495	
0.001230	0.037287	0.961482	
0.019615	0.780911	0.199474	
0.489127	0.356386	0.154487	
0.013301	0.749489	0.237210	
0.430717	0.499273	0.070010	
0.008436	0.766062	0.225502	
0.016120	0.498729	0.485150	
0.018789	0.302632	0.678579	
0.194124	0.407327	0.398549	
0.008138	0.602421	0.389441	
0.069428	0.838095	0.092477	
0.011405	0.456467	0.532128	
0.855251	0.136258	0.008491	
0.810736	0.166838	0.022426	
0.362317	0.498773	0.138910	
0.194124	0.407327	0.398549	
0.000110	0.004068	0.995823	
0.194124	0.407327	0.398549	
0.008517	0.802135	0.189348	
0.002100	0.061876	0.936024	
0.194124	0.407327	0.398549	
0.645502	0.306877	0.047621	
0.945817	0.050909	0.003274	
0.045871	0.528129	0.426000	
0.194124	0.407327	0.398549	
0.113731	0.660427	0.225842	
0.013460	0.523804	0.462735	
0.000212	0.004886	0.994902	
0.054525	0.793730	0.151745	
0.011107	0.435762	0.553130	
0.003025	0.042751	0.954224	
0.012390	0.767130	0.220480	
0.007759	0.622629	0.369612	
0.159184	0.722338	0.118477	
0.697495	0.259906	0.042600	
0.816148	0.162111	0.021741	
0.039173	0.690888	0.269939	
0.003775	0.595766	0.400458	
0.008724	0.595996	0.395281	
0.366047	0.511837	0.122116	
0.194124	0.407327	0.398549	
0.194124	0.407327	0.398549	
0.009193	0.639676	0.351131	
0.033414	0.234928	0.731658	
0.150439	0.475775	0.373786	
0.016001	0.782921	0.201078	
0.194124	0.407327	0.398549	
0.054326	0.624627	0.321047	
0.194124	0.407327	0.398549	
0.124924	0.593378	0.281698	
0.356541	0.529573	0.113887	
0.124113	0.669945	0.205942	
0.007402	0.746574	0.246025	
0.412121	0.506046	0.081833	
0.726401	0.240293	0.033307	
0.815698	0.166917	0.017385	
0.737201	0.243351	0.019448	
0.000210	0.005517	0.994272	
0.786267	0.193845	0.019887	
0.000428	0.011641	0.987931	
0.194124	0.407327	0.398549	
0.104937	0.270869	0.624194	
0.035884	0.206257	0.757858	
0.845935	0.142262	0.011803	
0.737247	0.217137	0.045617	
0.028544	0.641464	0.329992	
0.043089	0.846496	0.110415	
0.194124	0.407327	0.398549	
0.061161	0.698058	0.240781	
0.005765	0.708117	0.286118	
0.115493	0.656266	0.228240	
0.006668	0.788335	0.204998	
0.036318	0.145492	0.818190	
0.194124	0.407327	0.398549	
0.545034	0.399989	0.054977	
0.194124	0.407327	0.398549	
0.029318	0.257136	0.713546	
0.047145	0.757161	0.195694	
0.006130	0.275787	0.718083	
0.905962	0.088251	0.005787	
0.194124	0.407327	0.398549	
0.163649	0.628013	0.208339	
0.009079	0.358790	0.632131	
0.194124	0.407327	0.398549	
0.117853	0.633751	0.248396	
0.004871	0.781358	0.213771	
0.194124	0.407327	0.398549	
0.194124	0.407327	0.398549	
0.005442	0.768179	0.226379	
0.004325	0.051378	0.944296	
0.523111	0.370521	0.106368	
0.010174	0.699228	0.290598	
0.194124	0.407327	0.398549	
0.493206	0.377985	0.128809	
0.194124	0.407327	0.398549	
0.194124	0.407327	0.398549	
0.055981	0.504437	0.439582	
0.020733	0.159398	0.819869	
0.061296	0.110691	0.828014	
0.005095	0.212832	0.782072	
0.008187	0.141856	0.849957	
0.007762	0.790204	0.202035	
0.032081	0.828343	0.139576	
0.000749	0.013458	0.985793	
0.279329	0.569770	0.150900	
0.476361	0.322277	0.201362	
0.008242	0.080855	0.910903	
0.194124	0.407327	0.398549	
0.008364	0.701721	0.289914	
0.015167	0.232043	0.752790	
0.665988	0.283973	0.050039	
0.069804	0.736255	0.193940	
0.065314	0.605247	0.329439	
0.523636	0.408051	0.068313	
0.194124	0.407327	0.398549	
0.005447	0.826122	0.168431	
0.083972	0.774129	0.141900	
0.194124	0.407327	0.398549	
0.004791	0.440066	0.555143	
0.862150	0.122237	0.015612	
0.005501	0.828715	0.165784	
0.051583	0.761426	0.186990	
0.194124	0.407327	0.398549	
0.211485	0.610732	0.177783	
0.506995	0.432697	0.060307	
0.017135	0.209994	0.772871	
0.023487	0.465029	0.511484	
0.025391	0.609444	0.365165	
0.194124	0.407327	0.398549	
0.194124	0.407327	0.398549	
0.050468	0.743008	0.206524	
0.499764	0.416693	0.083543	
0.194124	0.407327	0.398549	
0.021751	0.358808	0.619441	
0.038689	0.462258	0.499053	
0.007724	0.840716	0.151560	
0.005030	0.813687	0.181283	
0.000422	0.014372	0.985207	
0.865218	0.121442	0.013340	
0.930938	0.065271	0.003791	
0.570428	0.329181	0.100391	
0.007403	0.651878	0.340719	
0.008017	0.770938	0.221045	
0.092014	0.096352	0.811634	
0.939301	0.056533	0.004167	
0.000069	0.000972	0.998959	
0.004123	0.035199	0.960677	
0.194124	0.407327	0.398549	
0.471434	0.217184	0.311382	
0.050315	0.802225	0.147460	
0.007153	0.729872	0.262975	
0.194124	0.407327	0.398549	
0.032407	0.782332	0.185261	
0.264342	0.637967	0.097690	
0.628296	0.311455	0.060249	
0.017780	0.107758	0.874462	
0.016432	0.780398	0.203170	
0.053634	0.163169	0.783197	
0.014884	0.806081	0.179035	
0.007967	0.416991	0.575041	
0.194124	0.407327	0.398549	
0.425368	0.449840	0.124792	
0.083653	0.821188	0.095158	
0.591509	0.300818	0.107674	
0.194124	0.407327	0.398549	
0.021978	0.667860	0.310162	
0.819827	0.168466	0.011707	
0.162098	0.687720	0.150182	
0.117107	0.686703	0.196190	
0.392801	0.088144	0.519055	
0.011887	0.363129	0.624984	
0.658319	0.293594	0.048087	
0.194124	0.407327	0.398549	
0.015943	0.711760	0.272297	
0.083414	0.416001	0.500585	
0.033014	0.733937	0.233049	
0.028751	0.279516	0.691732	
0.284933	0.275107	0.439961	
0.665158	0.299563	0.035279	
0.462095	0.430182	0.107724	
0.143112	0.661470	0.195418	
0.027089	0.094421	0.878490	
0.885820	0.076529	0.037651	
0.406229	0.510248	0.083523	
0.090958	0.785493	0.123548	
0.194124	0.407327	0.398549	
0.005496	0.795526	0.198978	
0.137142	0.677474	0.185384	
0.252659	0.686278	0.061062	
0.396029	0.507078	0.096894	
0.219961	0.253911	0.526128	
0.219817	0.163784	0.616400	
0.058797	0.309864	0.631339	
0.038451	0.096307	0.865243	
0.005059	0.721476	0.273465	
0.470250	0.435388	0.094362	
0.100480	0.225798	0.673723	
0.453950	0.466832	0.079218	
0.561645	0.371332	0.067023	
0.260223	0.526716	0.213061	
0.007078	0.125593	0.867329	
0.003053	0.033139	0.963808	
0.587652	0.337017	0.075330	
0.013910	0.205720	0.780370	
0.008934	0.626208	0.364858	
0.001330	0.017333	0.981337	
0.551914	0.358990	0.089095	
0.011703	0.814418	0.173878	
0.023314	0.618936	0.357750	
0.348376	0.363474	0.288150	
0.115946	0.753627	0.130427	
0.004390	0.062631	0.932979	
0.767012	0.201644	0.031344	
0.194124	0.407327	0.398549	
0.194124	0.407327	0.398549	
0.818660	0.153048	0.028291	
0.021317	0.742073	0.236610	
0.509120	0.403299	0.087582	
0.194124	0.407327	0.398549	
0.303884	0.626382	0.069734	
0.047886	0.815776	0.136338	
0.194124	0.407327	0.398549	
0.698708	0.255480	0.045812	
0.075352	0.738980	0.185668	
0.658749	0.291386	0.049865	
0.194124	0.407327	0.398549	
0.015095	0.513293	0.471612	
0.091419	0.619348	0.289233	
0.129325	0.679387	0.191289	
0.194124	0.407327	0.398549	
0.011267	0.603343	0.385390	
0.234832	0.463893	0.301274	
0.009877	0.074632	0.915491	
0.068561	0.814690	0.116750	
0.908964	0.084218	0.006818	
0.043067	0.198843	0.758090	
0.094809	0.728103	0.177088	
0.025172	0.288391	0.686437	
0.277299	0.641717	0.080984	
0.194124	0.407327	0.398549	
0.001193	0.031329	0.967478	
0.049219	0.797694	0.153086	
0.667705	0.277466	0.054829	
0.000097	0.005699	0.994204	
0.029245	0.230756	0.739999	
0.863485	0.123804	0.012711	
0.002955	0.049106	0.947940	
0.075456	0.813042	0.111503	
0.638345	0.299716	0.061939	
0.012734	0.756853	0.230414	
0.211019	0.538042	0.250940	
0.008977	0.136351	0.854672	
0.194124	0.407327	0.398549	
0.243045	0.558077	0.198879	
0.824347	0.163226	0.012427	
0.111624	0.799762	0.088614	
0.042242	0.809448	0.148310	
0.002130	0.043760	0.954111	
0.777823	0.195591	0.026585	
0.194124	0.407327	0.398549	
0.003641	0.046952	0.949407	
0.003816	0.033085	0.963099	
0.005639	0.770205	0.224156	
0.805219	0.174959	0.019822	
0.003674	0.777885	0.218441	
0.904644	0.087405	0.007951	
0.135359	0.706098	0.158543	
0.194124	0.407327	0.398549	
0.351543	0.440315	0.208142	
0.071540	0.742185	0.186275	
0.773891	0.183126	0.042983	
0.395853	0.407655	0.196492	
0.194124	0.407327	0.398549	
0.005907	0.657133	0.336960	
0.026993	0.140852	0.832155	
0.004466	0.166308	0.829226	
0.743543	0.154916	0.101541	
0.027820	0.690735	0.281445	
0.006351	0.108926	0.884724	
0.616584	0.301070	0.082347	
0.004362	0.810472	0.185166	
0.035266	0.402458	0.562276	
0.685958	0.262790	0.051252	
0.006685	0.845815	0.147500	
0.194124	0.407327	0.398549	
0.007671	0.227106	0.765223	
0.019852	0.396358	0.583789	
0.026087	0.710902	0.263010	
0.582522	0.306772	0.110706	
0.194124	0.407327	0.398549	
0.194124	0.407327	0.398549	
0.021399	0.177958	0.800643	
0.005528	0.058474	0.935999	
0.000100	0.004291	0.995609	
0.012404	0.826162	0.161433	
0.044449	0.815291	0.140260	
0.409370	0.489086	0.101544	
0.006430	0.432261	0.561309	
0.016126	0.674821	0.309053	
0.178901	0.736914	0.084185	
0.946272	0.051190	0.002538	
0.194124	0.407327	0.398549	
0.000168	0.006223	0.993609	
0.001167	0.021820	0.977012	
0.036840	0.818352	0.144808	
0.102417	0.673252	0.224331	
0.411939	0.340654	0.247407	
0.007340	0.818276	0.174384	
0.000047	0.001658	0.998295	
0.387284	0.572820	0.039896	
0.550668	0.369096	0.080237	
0.685414	0.294291	0.020295	
0.194124	0.407327	0.398549	
0.311908	0.357139	0.330953	
0.003796	0.137420	0.858785	
0.290635	0.280232	0.429133	
0.007130	0.069290	0.923580	
0.049714	0.730968	0.219318	
0.000222	0.009039	0.990739	
0.194124	0.407327	0.398549	
0.012424	0.438426	0.549150	
0.194124	0.407327	0.398549	
0.007521	0.473886	0.518593	
0.014555	0.427218	0.558227	
0.015342	0.035335	0.949323	
0.610470	0.329403	0.060128	
0.886978	0.104484	0.008538	
0.022906	0.731970	0.245124	
0.194124	0.407327	0.398549	
0.011105	0.740859	0.248036	
0.005307	0.586759	0.407934	
0.051391	0.773138	0.175472	
0.011696	0.185984	0.802320	
0.010777	0.773544	0.215679	
0.235008	0.450150	0.314843	
0.066556	0.717594	0.215850	
0.005492	0.769757	0.224751	
0.000305	0.016998	0.982697	
0.908571	0.082163	0.009266	
0.006347	0.743050	0.250603	
0.129280	0.748084	0.122636	
0.006358	0.620713	0.372929	
0.055004	0.677744	0.267251	
0.775106	0.197719	0.027175	
0.006578	0.764692	0.228730	
0.115377	0.336689	0.547934	
0.083652	0.640168	0.276180	
0.004185	0.819908	0.175907	
0.005939	0.067846	0.926214	
0.194124	0.407327	0.398549	
0.016346	0.229190	0.754464	
0.006985	0.064377	0.928638	
0.004007	0.170593	0.825399	
0.121581	0.645886	0.232533	
0.079873	0.209448	0.710679	
0.004701	0.744809	0.250490	
0.007989	0.242322	0.749689	
0.034495	0.327092	0.638413	
0.010822	0.588650	0.400529	
0.194124	0.407327	0.398549	
0.008633	0.549346	0.442021	
0.335814	0.363816	0.300370	
0.008203	0.568227	0.423571	
0.512313	0.443805	0.043882	
0.264191	0.543346	0.192462	
0.018753	0.825345	0.155902	
0.194124	0.407327	0.398549	
0.682855	0.279769	0.037376	
0.011071	0.534154	0.454775	
0.876526	0.116666	0.006809	
0.194124	0.407327	0.398549	
0.003490	0.036397	0.960113	
0.004992	0.704121	0.290887	
0.574176	0.349814	0.076010	
0.194124	0.407327	0.398549	
0.038195	0.546813	0.414992	
0.234649	0.622182	0.143169	
0.170218	0.446023	0.383759	
0.059811	0.150833	0.789356	
0.085328	0.336652	0.578020	
0.194124	0.407327	0.398549	
0.007711	0.243572	0.748716	
0.023646	0.290181	0.686173	
0.008729	0.125353	0.865919	
0.011938	0.631011	0.357051	
0.016908	0.160440	0.822652	
0.194124	0.407327	0.398549	
0.010560	0.387907	0.601533	
0.009191	0.855737	0.135072	
0.128820	0.758765	0.112414	
0.009143	0.630915	0.359942	
0.655153	0.316039	0.028808	
0.004000	0.043003	0.952997	
0.194124	0.407327	0.398549	
0.289383	0.657019	0.053598	
0.714258	0.248401	0.037341	
0.009297	0.156173	0.834530	
0.139368	0.752831	0.107801	
0.004577	0.732580	0.262844	
0.020499	0.334198	0.645304	
0.006824	0.604280	0.388896	
0.194124	0.407327	0.398549	
0.020154	0.597906	0.381940	
0.195400	0.624429	0.180172	
0.703975	0.271001	0.025025	
0.023768	0.747799	0.228432	
0.664964	0.259359	0.075677	
0.684392	0.266958	0.048650	
0.101106	0.285530	0.613365	
0.121951	0.462417	0.415632	
0.002110	0.078856	0.919033	
0.732233	0.228204	0.039563	
0.527422	0.358423	0.114155	
0.042024	0.709169	0.248807	
0.012810	0.463071	0.524119	
0.001883	0.047731	0.950386	
0.011458	0.801355	0.187188	
0.003265	0.024529	0.972206	
0.040222	0.829439	0.130339	
0.012288	0.081969	0.905743	
0.363470	0.282057	0.354473	
0.175750	0.680072	0.144178	
0.017802	0.223192	0.759006	
0.004389	0.056631	0.938980	
0.038563	0.775686	0.185751	
0.696554	0.262525	0.040921	
0.020965	0.745707	0.233328	
0.019306	0.817568	0.163126	
0.138029	0.240111	0.621860	
0.030194	0.073649	0.896157	
0.006938	0.754919	0.238143	
0.023377	0.710386	0.266237	
0.026186	0.408628	0.565187	
0.633353	0.271671	0.094977	
0.001144	0.026723	0.972132	
0.092060	0.275632	0.632308	
0.000138	0.014932	0.984930	
0.658456	0.316666	0.024878	
0.007177	0.755754	0.237069	
0.010959	0.149275	0.839766	
0.006706	0.481569	0.511725	
0.023753	0.218386	0.757861	
0.820537	0.163145	0.016318	
0.905454	0.089383	0.005164	
0.025320	0.807353	0.167326	
0.017375	0.257145	0.725480	
0.194124	0.407327	0.398549	
0.009235	0.649215	0.341549	
0.026928	0.667068	0.306004	
0.665561	0.307965	0.026474	
0.010867	0.086165	0.902968	
0.124978	0.764131	0.110892	
0.004561	0.144855	0.850583	
0.194124	0.407327	0.398549	
0.083692	0.720164	0.196144	
0.003651	0.765609	0.230740	
0.005488	0.796963	0.197549	
0.003658	0.051647	0.944695	
0.383678	0.327807	0.288515	
0.194124	0.407327	0.398549	
0.008354	0.544319	0.447327	
0.194124	0.407327	0.398549	
0.008099	0.119060	0.872840	
0.000123	0.004010	0.995867	
0.002724	0.035051	0.962226	
0.007292	0.678482	0.314225	
0.765640	0.203672	0.030688	
0.184289	0.631370	0.184342	
0.060989	0.815924	0.123087	
0.427997	0.534857	0.037146	
0.047307	0.824973	0.127721	
0.000439	0.010404	0.989157	
0.001013	0.029558	0.969430	
0.468609	0.376101	0.155289	
0.019839	0.131737	0.848425	
0.008898	0.792780	0.198321	
0.010016	0.037305	0.952679	
0.010169	0.170432	0.819399	
0.194124	0.407327	0.398549	
0.011670	0.760673	0.227657	
0.166631	0.568187	0.265182	
0.034670	0.343253	0.622077	
0.107439	0.189841	0.702721	
0.304031	0.562971	0.132998	
0.003089	0.419395	0.577516	
0.005541	0.649080	0.345379	
0.194124	0.407327	0.398549	
0.194124	0.407327	0.398549	
0.017989	0.346210	0.635800	
0.017482	0.737564	0.244953	
0.510751	0.427196	0.062053	
0.194124	0.407327	0.398549	
0.333842	0.525849	0.140308	
0.194124	0.407327	0.398549	
0.011021	0.140834	0.848145	
0.357646	0.550669	0.091685	
0.011107	0.726550	0.262344	
0.194124	0.407327	0.398549	
0.881305	0.108651	0.010044	
0.048245	0.852371	0.099385	
0.814516	0.162263	0.023221	
0.059784	0.533281	0.406935	
0.004994	0.667812	0.327194	
0.194124	0.407327	0.398549	
0.194124	0.407327	0.398549	
0.194124	0.407327	0.398549	
0.001983	0.036284	0.961733	
0.745403	0.221102	0.033495	
0.264660	0.490112	0.245228	
0.041045	0.865649	0.093306	
0.194124	0.407327	0.398549	
0.628614	0.297089	0.074297	
0.008111	0.696082	0.295807	
0.380252	0.526427	0.093321	
0.008129	0.466135	0.525736	
0.011978	0.766397	0.221626	
0.752735	0.141518	0.105747	
0.016732	0.739967	0.243301	
0.552411	0.361441	0.086149	
0.035719	0.706988	0.257293	
0.009800	0.738076	0.252124	
0.167584	0.762177	0.070240	
0.016175	0.764001	0.219824	
0.001075	0.042591	0.956334	
0.010418	0.075200	0.914382	
0.194124	0.407327	0.398549	
0.039666	0.394649	0.565685	
0.735031	0.231124	0.033845	
0.068045	0.775425	0.156530	
0.194124	0.407327	0.398549	
0.106389	0.331783	0.561828	
0.019683	0.816702	0.163615	
0.001257	0.028282	0.970461	
0.193422	0.367186	0.439392	
0.004016	0.810149	0.185836	
0.194124	0.407327	0.398549	
0.007958	0.050280	0.941762	
0.369630	0.454065	0.176305	
0.008994	0.732058	0.258948	
0.006097	0.094785	0.899118	
0.003727	0.782377	0.213896	
0.070298	0.154075	0.775627	
0.254619	0.400265	0.345116	
0.010258	0.827001	0.162741	
0.929560	0.063319	0.007121	
0.006961	0.097785	0.895254	
0.710935	0.256037	0.033028	
0.799774	0.171358	0.028868	
0.106141	0.335407	0.558452	
0.003528	0.104834	0.891638	
0.084389	0.789766	0.125845	
0.000063	0.003236	0.996701	
0.010141	0.080977	0.908882	
0.647719	0.277256	0.075025	
0.863281	0.118515	0.018204	
0.011965	0.857056	0.130979	
0.647201	0.300216	0.052583	
0.194124	0.407327	0.398549	
0.918240	0.047267	0.034494	
0.013084	0.776282	0.210634	
0.037143	0.339719	0.623138	
0.004902	0.029126	0.965972	
0.663616	0.291454	0.044930	
0.006557	0.713893	0.279550	
0.000096	0.004070	0.995834	
0.016252	0.765746	0.218002	
0.866180	0.119142	0.014678	
0.117857	0.726550	0.155593	
0.017768	0.351030	0.631202	
0.194124	0.407327	0.398549	
0.014307	0.111502	0.874191	
0.657756	0.289423	0.052821	
0.009680	0.770566	0.219753	
0.671525	0.274017	0.054458	
0.077092	0.773201	0.149707	
0.857831	0.122088	0.020081	
0.576103	0.342821	0.081076	
0.015319	0.694777	0.289904	
0.021264	0.447891	0.530845	
0.089765	0.691369	0.218867	
0.227186	0.515361	0.257453	
0.024123	0.684583	0.291294	
0.323815	0.216197	0.459987	
0.072426	0.691738	0.235836	
0.032982	0.353822	0.613196	
0.002940	0.045184	0.951876	
0.086899	0.457662	0.455439	
0.194124	0.407327	0.398549	
0.005900	0.175826	0.818273	
0.750875	0.191148	0.057977	
0.627081	0.307031	0.065888	
0.007231	0.622982	0.369787	
0.194124	0.407327	0.398549	
0.020334	0.137901	0.841765	
0.017298	0.313151	0.669551	
0.194124	0.407327	0.398549	
0.573356	0.368556	0.058088	
0.012471	0.157060	0.830469	
0.194124	0.407327	0.398549	
0.010994	0.824028	0.164978	
0.026418	0.629318	0.344263	
0.656864	0.283573	0.059563	
0.016118	0.312354	0.671528	
0.010448	0.811748	0.177804	
0.635808	0.303518	0.060674	
0.594280	0.314191	0.091529	
0.049962	0.722581	0.227456	
0.646033	0.283384	0.070583	
0.099706	0.175696	0.724597	
0.781751	0.182848	0.035401	
0.194124	0.407327	0.398549	
0.749770	0.205130	0.045100	
0.016706	0.399633	0.583660	
0.194124	0.407327	0.398549	
0.983206	0.016488	0.000306	
0.064287	0.636000	0.299713	
0.007648	0.765165	0.227187	
0.000534	0.018151	0.981316	
0.858229	0.131459	0.010312	
0.194124	0.407327	0.398549	
0.194124	0.407327	0.398549	
0.004687	0.134899	0.860414	
0.007765	0.757008	0.235227	
0.009799	0.700232	0.289969	
0.020057	0.164534	0.815409	
0.194124	0.407327	0.398549	
0.035845	0.437589	0.526567	
0.127180	0.764074	0.108746	
0.030961	0.577661	0.391378	
0.753759	0.210551	0.035690	
0.006389	0.592747	0.400864	
0.007438	0.783269	0.209293	
0.009266	0.788396	0.202338	
0.194124	0.407327	0.398549	
0.008018	0.639905	0.352077	
0.231725	0.224049	0.544227	
0.026472	0.270583	0.702945	
0.004970	0.190798	0.804232	
0.061851	0.789041	0.149108	
0.015539	0.069575	0.914887	
0.194124	0.407327	0.398549	
0.194124	0.407327	0.398549	
0.033496	0.806781	0.159723	
0.063690	0.752436	0.183874	
0.017676	0.546968	0.435356	
0.539796	0.254038	0.206166	
0.000073	0.009438	0.990489	
0.194124	0.407327	0.398549	
0.020003	0.730279	0.249718	
0.194124	0.407327	0.398549	
0.002793	0.677689	0.319518	
0.562233	0.359842	0.077925	
0.194124	0.407327	0.398549	
0.005474	0.653001	0.341525	
0.159926	0.659123	0.180951	
0.194124	0.407327	0.398549	
0.016846	0.250806	0.732348	
0.003391	0.106615	0.889994	
0.023869	0.230352	0.745778	
0.009803	0.620840	0.369357	
0.000281	0.010289	0.989431	
0.194124	0.407327	0.398549	
0.194124	0.407327	0.398549	
0.070990	0.806421	0.122588	
0.269384	0.276025	0.454591	
0.729636	0.229104	0.041260	
0.094563	0.758568	0.146868	
0.194124	0.407327	0.398549	
0.543664	0.385741	0.070595	
0.027768	0.086575	0.885657	
0.194124	0.407327	0.398549	
0.009258	0.060671	0.930071	
0.000508	0.014974	0.984517	
0.663460	0.273955	0.062586	
0.851638	0.135835	0.012526	
0.016923	0.186835	0.796242	
0.007598	0.566654	0.425748	
0.194124	0.407327	0.398549	
0.133038	0.583892	0.283070	
0.001932	0.024994	0.973074	
0.701296	0.283548	0.015156	
0.372778	0.339017	0.288205	
0.006018	0.557494	0.436489	
0.027516	0.849821	0.122663	
0.014657	0.694267	0.291076	
0.029904	0.668949	0.301147	
0.256361	0.638828	0.104811	
0.735550	0.225970	0.038480	
0.048357	0.820399	0.131244	
0.194124	0.407327	0.398549	
0.068249	0.218649	0.713102	
0.021317	0.456967	0.521715	
0.043518	0.751769	0.204713	
0.038750	0.631728	0.329522	
0.004596	0.808600	0.186804	
0.033358	0.654555	0.312087	
0.006083	0.379138	0.614778	
0.030263	0.580122	0.389615	
0.071560	0.259497	0.668943	
0.627857	0.305529	0.066614	
0.026614	0.633076	0.340310	
0.060425	0.709693	0.229882	
0.008989	0.766394	0.224618	
0.435135	0.491147	0.073718	
0.021036	0.520466	0.458498	
0.689643	0.263959	0.046398	
0.401927	0.438828	0.159245	
0.003209	0.049436	0.947355	
0.696396	0.278577	0.025027	
0.002778	0.870485	0.126737	
0.008401	0.397369	0.594230	
0.005134	0.802580	0.192286	
0.194124	0.407327	0.398549	
0.546693	0.349136	0.104171	
0.001080	0.023819	0.975101	
0.222979	0.510168	0.266853	
0.005130	0.578374	0.416496	
0.248514	0.254327	0.497159	
0.933084	0.062902	0.004014	
0.006016	0.126895	0.867089	
0.008654	0.642776	0.348570	
0.499678	0.421273	0.079050	
0.301286	0.445500	0.253214	
0.194124	0.407327	0.398549	
0.011485	0.617614	0.370902	
0.000704	0.016583	0.982713	
0.194124	0.407327	0.398549	
0.005916	0.405858	0.588226	
0.721863	0.240989	0.037148	
0.040638	0.648584	0.310778	
0.003748	0.043946	0.952306	
0.057217	0.529520	0.413263	
0.640647	0.292346	0.067007	
0.012789	0.731597	0.255613	
0.438253	0.538226	0.023521	
0.011743	0.811686	0.176571	
0.000030	0.001981	0.997989	
0.005695	0.406916	0.587389	
0.005982	0.410716	0.583302	
0.194124	0.407327	0.398549	
0.006153	0.362011	0.631836	
0.163031	0.339019	0.497949	
0.014805	0.704611	0.280585	
0.016580	0.362339	0.621081	
0.008224	0.755202	0.236575	
0.194124	0.407327	0.398549	
0.026417	0.835991	0.137592	
0.658615	0.277971	0.063415	
0.436766	0.518784	0.044451	
0.194124	0.407327	0.398549	
0.006184	0.060488	0.933328	
0.087833	0.775199	0.136968	
0.019264	0.798412	0.182325	
0.086938	0.773820	0.139242	
0.003677	0.105986	0.890337	
0.189294	0.194136	0.616571	
0.835067	0.146051	0.018881	
0.398712	0.489449	0.111840	
0.875682	0.116537	0.007781	
0.004140	0.058424	0.937436	
0.194124	0.407327	0.398549	
0.005491	0.802032	0.192477	
0.020757	0.096341	0.882902	
0.009077	0.623187	0.367736	
0.207961	0.612298	0.179741	
0.019381	0.815084	0.165535	
0.087313	0.595277	0.317410	
0.785602	0.184141	0.030257	
0.016556	0.224837	0.758607	
0.076587	0.459168	0.464245	
0.008505	0.777261	0.214234	
0.007624	0.187694	0.804682	
0.161796	0.690129	0.148075	
0.429205	0.479290	0.091506	
0.020565	0.777165	0.202270	
0.160971	0.642882	0.196147	
0.194124	0.407327	0.398549	
0.013501	0.734506	0.251993	
0.005315	0.908123	0.086562	
0.046567	0.831432	0.122001	
0.194124	0.407327	0.398549	
0.194124	0.407327	0.398549	
0.488595	0.441453	0.069952	
0.862861	0.113666	0.023473	
0.225581	0.650361	0.124059	
0.018229	0.091025	0.890746	
0.194124	0.407327	0.398549	
0.011402	0.833524	0.155074	
0.019444	0.662662	0.317894	
0.409629	0.476102	0.114269	
0.194124	0.407327	0.398549	
0.476142	0.408566	0.115292	
0.018769	0.391461	0.589770	
0.002418	0.049842	0.947739	
0.194124	0.407327	0.398549	
0.696580	0.246194	0.057227	
0.279628	0.374708	0.345665	
0.194124	0.407327	0.398549	
0.023975	0.740795	0.235230	
0.849546	0.118915	0.031540	
0.002846	0.772496	0.224657	
0.017568	0.825593	0.156839	
0.102680	0.344415	0.552905	
0.194124	0.407327	0.398549	
0.896259	0.094592	0.009149	
0.023570	0.648349	0.328081	
0.015823	0.561693	0.422485	
0.305320	0.602796	0.091883	
0.025618	0.572074	0.402308	
0.005768	0.137432	0.856800	
0.004591	0.495827	0.499583	
0.537272	0.404717	0.058011	
0.075370	0.595995	0.328634	
0.082194	0.794716	0.123090	
0.000752	0.020106	0.979141	
0.006903	0.046309	0.946789	
0.003787	0.785806	0.210408	
0.099403	0.779304	0.121293	
0.003847	0.629162	0.366990	
0.491666	0.401191	0.107143	
0.005385	0.054650	0.939965	
0.048888	0.462621	0.488490	
0.194124	0.407327	0.398549	
0.036548	0.224600	0.738853	
0.008378	0.792499	0.199122	
0.023631	0.230591	0.745779	
0.381975	0.483145	0.134880	
0.194124	0.407327	0.398549	
0.004419	0.869754	0.125828	
0.004187	0.782988	0.212825	
0.845000	0.136299	0.018701	
0.763114	0.206495	0.030391	
0.715147	0.160216	0.124638	
0.009237	0.711828	0.278934	
0.020964	0.413696	0.565340	
0.004810	0.692411	0.302779	
0.009928	0.749072	0.241001	
0.003103	0.510619	0.486278	
0.930547	0.065767	0.003687	
0.099259	0.702680	0.198061	
0.006813	0.768324	0.224862	
0.039829	0.697829	0.262342	
0.008817	0.060652	0.930531	
0.048900	0.179136	0.771964	
0.635932	0.302056	0.062011	
0.903781	0.086860	0.009359	
0.008324	0.071359	0.920317	
0.194124	0.407327	0.398549	
0.059879	0.203354	0.736768	
0.194124	0.407327	0.398549	
0.003961	0.846076	0.149963	
0.743146	0.229457	0.027397	
0.390573	0.528607	0.080819	
0.001643	0.023545	0.974812	
0.194124	0.407327	0.398549	
0.438315	0.435197	0.126488	
0.012428	0.676265	0.311308	
0.066955	0.794580	0.138465	
0.000799	0.027739	0.971462	
0.017815	0.820590	0.161595	
0.011299	0.737243	0.251458	
0.037391	0.274833	0.687775	
0.167789	0.705124	0.127087	
0.007605	0.783531	0.208863	
0.194124	0.407327	0.398549	
0.088542	0.658981	0.252477	
0.005514	0.078629	0.915857	
0.310378	0.361830	0.327791	
0.194124	0.407327	0.398549	
0.001638	0.031215	0.967147	
0.042640	0.627507	0.329852	
0.005236	0.492168	0.502596	
0.194124	0.407327	0.398549	
0.004290	0.709608	0.286101	
0.108283	0.735905	0.155811	
0.364418	0.527725	0.107857	
0.021904	0.721260	0.256836	
0.001140	0.020441	0.978419	
0.005998	0.756342	0.237660	
0.009941	0.079860	0.910199	
0.005226	0.649447	0.345328	
0.000802	0.030836	0.968362	
0.194124	0.407327	0.398549	
0.011328	0.849808	0.138864	
0.074085	0.768228	0.157687	
0.132225	0.657586	0.210190	
0.223619	0.290722	0.485658	
0.000921	0.024600	0.974479	
0.712425	0.246262	0.041312	
0.004485	0.114000	0.881515	
0.025604	0.802327	0.172069	
0.077797	0.144213	0.777990	
0.008906	0.759242	0.231852	
0.194124	0.407327	0.398549	
0.915652	0.080835	0.003512	
0.004492	0.050851	0.944657	
0.005731	0.809520	0.184748	
0.046976	0.801950	0.151073	
0.001041	0.033990	0.964969	
0.009677	0.749703	0.240620	
0.194124	0.407327	0.398549	
0.011253	0.788942	0.199805	
0.194124	0.407327	0.398549	
0.194124	0.407327	0.398549	
0.580130	0.366972	0.052898	
0.616485	0.319571	0.063944	
0.006757	0.509765	0.483477	
0.044636	0.597187	0.358177	
0.015291	0.067375	0.917333	
0.199117	0.748943	0.051939	
0.007830	0.296931	0.695239	
0.541396	0.386994	0.071610	
0.004964	0.842593	0.152443	
0.009525	0.651866	0.338609	
0.557427	0.316337	0.126236	
0.850719	0.132055	0.017226	
0.008911	0.731807	0.259282	
0.000163	0.004894	0.994943	
0.524805	0.372771	0.102424	
0.564662	0.360152	0.075186	
0.194124	0.407327	0.398549	
0.603779	0.332674	0.063548	
0.214375	0.349937	0.435688	
0.233833	0.703428	0.062739	
0.503333	0.367036	0.129630	
0.194124	0.407327	0.398549	
0.194124	0.407327	0.398549	
0.013149	0.816478	0.170373	
0.194124	0.407327	0.398549	
0.094361	0.740515	0.165124	
0.194124	0.407327	0.398549	
0.004826	0.404925	0.590250	
0.561263	0.334902	0.103835	
0.830368	0.149639	0.019993	
0.439270	0.372315	0.188416	
0.586970	0.315694	0.097336	
0.079330	0.724761	0.195909	
0.007239	0.449795	0.542966	
0.194124	0.407327	0.398549	
0.016745	0.600090	0.383166	
0.005894	0.705884	0.288222	
0.610500	0.345068	0.044432	
0.174544	0.749989	0.075467	
0.009244	0.040328	0.950429	
0.194124	0.407327	0.398549	
0.925356	0.071024	0.003620	
0.017998	0.820960	0.161041	
0.011213	0.216333	0.772453	
0.280099	0.435166	0.284735	
0.003007	0.020794	0.976199	
0.372314	0.521904	0.105782	
0.099803	0.735599	0.164598	
0.725523	0.233080	0.041398	
0.410888	0.478607	0.110505	
0.021917	0.099883	0.878200	
0.783599	0.169864	0.046537	
0.021627	0.798264	0.180108	
0.005292	0.256995	0.737713	
0.007240	0.101930	0.890830	
0.008117	0.805640	0.186242	
0.778659	0.201948	0.019392	
0.096759	0.659210	0.244031	
0.194124	0.407327	0.398549	
0.139781	0.665356	0.194863	
0.007147	0.476112	0.516740	
0.617875	0.280661	0.101464	
0.005063	0.037365	0.957571	
0.001141	0.022268	0.976591	
0.196195	0.670739	0.133066	
0.021452	0.759423	0.219124	
0.027295	0.102570	0.870135	
0.194124	0.407327	0.398549	
0.006350	0.088851	0.904799	
0.078546	0.774612	0.146843	
0.004958	0.726965	0.268077	
0.011544	0.133272	0.855184	
0.010572	0.606242	0.383186	
0.081358	0.161958	0.756684	
0.123783	0.723546	0.152672	
0.003808	0.044995	0.951197	
0.034870	0.594399	0.370731	
0.000088	0.005253	0.994659	
0.042403	0.829487	0.128110	
0.809825	0.150916	0.039259	
0.003942	0.716533	0.279525	
0.005798	0.118104	0.876098	
0.009820	0.119521	0.870659	
0.358708	0.477975	0.163317	
0.007269	0.114432	0.878299	
0.049373	0.739369	0.211258	
0.012716	0.080130	0.907154	
0.194124	0.407327	0.398549	
0.005209	0.581728	0.413063	
0.030828	0.812033	0.157139	
0.089658	0.731568	0.178774	
0.194124	0.407327	0.398549	
0.005232	0.118986	0.875782	
0.007533	0.774865	0.217602	
0.033433	0.638290	0.328277	
0.097009	0.812907	0.090084	
0.636981	0.275774	0.087245	
0.374898	0.537966	0.087135	
0.007323	0.714562	0.278115	
0.856712	0.125170	0.018118	
0.392370	0.495669	0.111961	
0.719916	0.237977	0.042107	
0.006510	0.451065	0.542425	
0.000203	0.006098	0.993699	
0.029967	0.785749	0.184284	
0.187537	0.697602	0.114860	
0.224010	0.627536	0.148453	
0.861534	0.124102	0.014364	
0.547983	0.205251	0.246766	
0.388473	0.421404	0.190124	
0.002800	0.024953	0.972248	
0.372086	0.519536	0.108378	
0.053450	0.773313	0.173237	
0.225945	0.611252	0.162803	
0.194124	0.407327	0.398549	
0.601901	0.317735	0.080364	
0.194124	0.407327	0.398549	
0.003270	0.739659	0.257071	
0.003856	0.700314	0.295830	
0.004195	0.466294	0.529512	
0.194124	0.407327	0.398549	
0.404611	0.178350	0.417039	
0.194124	0.407327	0.398549	
0.550759	0.363567	0.085674	
0.027012	0.217617	0.755371	
0.194124	0.407327	0.398549	
0.042489	0.194389	0.763122	
0.815958	0.169081	0.014960	
0.019455	0.263804	0.716741	
0.194124	0.407327	0.398549	
0.194124	0.407327	0.398549	
0.786793	0.189264	0.023943	
0.012613	0.776870	0.210517	
0.006820	0.564739	0.428441	
0.007342	0.542197	0.450461	
0.013545	0.082725	0.903730	
0.029935	0.857493	0.112572	
0.194124	0.407327	0.398549	
0.678534	0.264870	0.056596	
0.232814	0.491423	0.275764	
0.008998	0.679009	0.311993	
0.079751	0.701028	0.219221	
0.001222	0.022998	0.975780	
0.122466	0.583222	0.294313	
0.040007	0.082359	0.877633	
0.138985	0.260172	0.600843	
0.594369	0.338611	0.067020	
0.160137	0.676831	0.163032	
0.040717	0.274347	0.684936	
0.560385	0.338177	0.101439	
0.036797	0.850640	0.112563	
0.608518	0.294289	0.097193	
0.424022	0.515147	0.060832	
0.142510	0.310662	0.546828	
0.005561	0.035663	0.958775	
0.303562	0.608960	0.087478	
0.070488	0.282815	0.646697	
0.812209	0.162733	0.025058	
0.725230	0.251198	0.023572	
0.112141	0.702159	0.185700	
0.175562	0.149457	0.674980	
0.860746	0.119756	0.019498	
0.212199	0.294553	0.493248	
0.889656	0.103567	0.006777	
0.263063	0.536944	0.199993	
0.275435	0.475985	0.248579	
0.194124	0.407327	0.398549	
0.194124	0.407327	0.398549	
0.781217	0.183254	0.035529	
0.203666	0.660384	0.135950	
0.011852	0.496766	0.491382	
0.021193	0.775350	0.203457	
0.010308	0.150014	0.839678	
0.008645	0.713427	0.277929	
0.001921	0.084931	0.913148	
0.009498	0.815070	0.175431	
0.004248	0.022142	0.973611	
0.194124	0.407327	0.398549	
0.017359	0.244345	0.738296	
0.024329	0.695280	0.280392	
0.001214	0.016681	0.982105	
0.034077	0.582036	0.383888	
0.002039	0.022600	0.975361	
0.002778	0.039649	0.957573	
0.194124	0.407327	0.398549	
0.601603	0.323337	0.075060	
0.194124	0.407327	0.398549	
0.004808	0.312949	0.682244	
0.657043	0.287495	0.055462	
0.015992	0.649546	0.334461	
0.194124	0.407327	0.398549	
0.194124	0.407327	0.398549	
0.000142	0.002047	0.997811	
0.369320	0.567218	0.063462	
0.007201	0.500669	0.492131	
0.016538	0.750869	0.232593	
0.111620	0.726612	0.161768	
0.158000	0.637243	0.204757	
0.757760	0.218758	0.023482	
0.009058	0.454541	0.536401	
0.194124	0.407327	0.398549	
0.012675	0.285126	0.702199	
0.194124	0.407327	0.398549	
0.392269	0.585256	0.022475	
0.099484	0.712591	0.187925	
0.589041	0.339056	0.071903	
0.010535	0.632042	0.357423	
0.813080	0.169822	0.017098	
0.000192	0.007056	0.992752	
0.000363	0.004929	0.994707	
0.023920	0.769905	0.206175	
0.166366	0.700126	0.133508	
0.001569	0.017580	0.980851	
0.404764	0.478816	0.116420	
0.194124	0.407327	0.398549	
0.004436	0.780496	0.215069	
0.194124	0.407327	0.398549	
0.294825	0.533443	0.171732	
0.194124	0.407327	0.398549	
0.104363	0.736464	0.159172	
0.011565	0.840580	0.147854	
0.005246	0.572914	0.421841	
0.194124	0.407327	0.398549	
0.152963	0.675595	0.171443	
0.006491	0.714603	0.278905	
0.641629	0.261225	0.097146	
0.007036	0.599675	0.393289	
0.002870	0.051871	0.945259	
0.006253	0.056465	0.937282	
0.194124	0.407327	0.398549	
0.194124	0.407327	0.398549	
0.010173	0.673133	0.316694	
0.584963	0.362398	0.052638	
0.005273	0.166748	0.827980	
0.006591	0.068214	0.925195	
0.033855	0.800359	0.165786	
0.827258	0.152605	0.020138	
0.194124	0.407327	0.398549	
0.638099	0.312953	0.048949	
0.009282	0.742986	0.247732	
0.009631	0.529518	0.460851	
0.003496	0.647893	0.348611	
0.003739	0.096097	0.900163	
0.221175	0.457748	0.321077	
0.718866	0.258299	0.022835	
0.009617	0.080674	0.909709	
0.009277	0.758744	0.231979	
0.001633	0.020932	0.977436	
0.007129	0.773188	0.219684	
0.004016	0.810149	0.185836	
0.009054	0.269210	0.721736	
0.681379	0.144342	0.174280	
0.194124	0.407327	0.398549	
0.006277	0.086318	0.907406	
0.012889	0.150844	0.836266	
0.019065	0.785972	0.194963	
0.487660	0.442735	0.069605	
0.194124	0.407327	0.398549	
0.006929	0.734707	0.258363	
0.589936	0.323897	0.086166	
0.007234	0.223477	0.769289	
0.436905	0.302361	0.260734	
0.016384	0.467017	0.516599	
0.020737	0.705103	0.274160	
0.194124	0.407327	0.398549	
0.016799	0.719754	0.263447	
0.374328	0.539948	0.085724	
0.099102	0.480744	0.420155	
0.364687	0.513940	0.121373	
0.293082	0.578203	0.128715	
0.740442	0.224001	0.035558	
0.194124	0.407327	0.398549	
0.014123	0.800801	0.185076	
0.018903	0.853783	0.127314	
0.194124	0.407327	0.398549	
0.007235	0.817732	0.175033	
0.194124	0.407327	0.398549	
0.012803	0.755385	0.231812	
0.194124	0.407327	0.398549	
0.000015	0.001329	0.998656	
0.004704	0.032821	0.962475	
0.542460	0.407498	0.050042	
0.004360	0.318146	0.677494	
0.194124	0.407327	0.398549	
0.194124	0.407327	0.398549	
0.913238	0.075776	0.010987	
0.194124	0.407327	0.398549	
0.402977	0.440042	0.156981	
0.051795	0.818570	0.129635	
0.740359	0.240375	0.019266	
0.022173	0.714173	0.263653	
0.660599	0.308692	0.030708	
0.564026	0.333477	0.102497	
0.343246	0.373907	0.282847	
0.000273	0.011149	0.988577	
0.009105	0.698573	0.292321	
0.045932	0.117659	0.836409	
0.139547	0.465076	0.395377	
0.548335	0.343721	0.107944	
0.017710	0.352143	0.630147	
0.194124	0.407327	0.398549	
0.105223	0.613676	0.281101	
0.628487	0.314661	0.056852	
0.612553	0.267235	0.120212	
0.079286	0.253549	0.667165	
0.006920	0.597199	0.395881	
0.075409	0.774439	0.150152	
0.005502	0.790384	0.204115	
0.021519	0.295440	0.683041	
0.004448	0.059235	0.936317	
0.024948	0.765786	0.209266	
0.013753	0.084072	0.902175	
0.012127	0.542054	0.445818	
0.009517	0.105664	0.884818	
0.007453	0.723418	0.269129	
0.194124	0.407327	0.398549	
0.190586	0.614062	0.195352	
0.003224	0.039652	0.957124	
0.158663	0.711105	0.130232	
0.194124	0.407327	0.398549	
0.021266	0.098818	0.879917	
0.425517	0.508561	0.065923	
0.912186	0.082409	0.005405	
0.004747	0.272642	0.722612	
0.114662	0.780714	0.104624	
0.194124	0.407327	0.398549	
0.046108	0.669656	0.284235	
0.028890	0.334192	0.636919	
0.087801	0.351926	0.560273	
0.012474	0.785575	0.201951	
0.009780	0.704965	0.285256	
0.104084	0.774358	0.121558	
0.133815	0.602105	0.264080	
0.008862	0.791346	0.199792	
0.448631	0.474204	0.077165	
0.005749	0.836490	0.157761	
0.012885	0.714166	0.272949	
0.494934	0.412127	0.092940	
0.194124	0.407327	0.398549	
0.220959	0.684007	0.095034	
0.008483	0.613200	0.378317	
0.626244	0.301890	0.071866	
0.012447	0.734652	0.252902	
0.081742	0.083302	0.834956	
0.004723	0.037590	0.957687	
0.943394	0.054700	0.001907	
0.194124	0.407327	0.398549	
0.043357	0.797493	0.159150	
0.068405	0.763618	0.167977	
