0.263697	0.614308	0.121995	
0.069863	0.559784	0.370353	
0.042311	0.233913	0.723776	
0.008048	0.600017	0.391935	
0.007166	0.784682	0.208152	
0.010087	0.545025	0.444888	
0.090180	0.719666	0.190154	
0.164665	0.405553	0.429782	
0.182622	0.661316	0.156062	
0.779747	0.184907	0.035346	
0.013166	0.392684	0.594149	
0.014562	0.599791	0.385647	
0.010546	0.692388	0.297066	
0.010239	0.067395	0.922367	
0.008331	0.830312	0.161357	
0.248012	0.328622	0.423366	
0.005265	0.637793	0.356943	
0.011927	0.621671	0.366402	
0.136295	0.637335	0.226369	
0.096532	0.706588	0.196879	
0.029458	0.655282	0.315260	
0.708929	0.224879	0.066192	
0.306290	0.392237	0.301473	
0.007669	0.162511	0.829820	
0.008558	0.218920	0.772522	
0.003462	0.450152	0.546386	
0.012913	0.586677	0.400410	
0.018662	0.754749	0.226589	
0.248172	0.624484	0.127344	
0.362128	0.550853	0.087019	
0.004916	0.061849	0.933235	
0.798435	0.178597	0.022968	
0.588757	0.326169	0.085074	
0.001869	0.079931	0.918200	
0.009694	0.646711	0.343595	
0.521589	0.362449	0.115962	
0.316207	0.554709	0.129084	
0.003978	0.794917	0.201105	
0.299853	0.400739	0.299408	
0.266102	0.568885	0.165013	
0.004704	0.654021	0.341275	
0.320586	0.539500	0.139914	
0.023863	0.701136	0.275001	
0.024130	0.801590	0.174281	
0.600132	0.320986	0.078883	
0.578969	0.329062	0.091968	
0.300171	0.205973	0.493856	
0.085637	0.772171	0.142192	
0.294426	0.657835	0.047739	
0.456854	0.501292	0.041854	
0.608709	0.287792	0.103499	
0.008754	0.431072	0.560173	
0.070836	0.333403	0.595761	
0.008937	0.158535	0.832528	
0.304383	0.600192	0.095425	
0.017479	0.737930	0.244591	
0.009955	0.715266	0.274779	
0.345034	0.523406	0.131561	
0.352683	0.448346	0.198970	
0.523737	0.355961	0.120301	
0.022328	0.096770	0.880902	
0.028131	0.715487	0.256382	
0.003198	0.048398	0.948405	
0.026541	0.735257	0.238202	
0.005419	0.614347	0.380234	
0.004614	0.562210	0.433175	
0.179365	0.542005	0.278630	
0.008031	0.529661	0.462308	
0.015934	0.567110	0.416957	
0.626665	0.295333	0.078002	
0.012177	0.677608	0.310215	
0.011015	0.679993	0.308992	
0.039807	0.627146	0.333047	
0.657401	0.284297	0.058302	
0.570044	0.372959	0.056997	
0.007425	0.572439	0.420136	
0.037004	0.470349	0.492647	
0.203091	0.323156	0.473753	
0.006059	0.496064	0.497877	
0.006995	0.749312	0.243693	
0.012920	0.268755	0.718325	
0.142409	0.469747	0.387845	
0.334027	0.534040	0.131933	
0.007184	0.562624	0.430192	
0.068213	0.688444	0.243344	
0.008700	0.322460	0.668840	
0.099553	0.320222	0.580225	
0.350233	0.518717	0.131050	
0.034163	0.546009	0.419828	
0.017973	0.236534	0.745493	
0.007282	0.717868	0.274850	
0.000708	0.027850	0.971442	
0.021948	0.769684	0.208368	
0.146118	0.611816	0.242066	
0.011333	0.145686	0.842981	
0.005028	0.486771	0.508201	
0.135080	0.459653	0.405267	
0.006207	0.102314	0.891479	
0.009598	0.264475	0.725927	
0.412330	0.459896	0.127774	
0.525657	0.349146	0.125197	
0.009820	0.255549	0.734630	
0.006635	0.087796	0.905569	
0.009510	0.653221	0.337269	
0.209791	0.502150	0.288059	
0.010405	0.615473	0.374122	
0.420983	0.432759	0.146258	
0.001965	0.227380	0.770655	
0.007712	0.137158	0.855130	
0.016790	0.701604	0.281606	
0.253417	0.576864	0.169718	
0.887946	0.096374	0.015679	
0.007359	0.351527	0.641114	
0.003403	0.066256	0.930340	
0.011209	0.537809	0.450982	
0.006570	0.753990	0.239440	
0.005021	0.551344	0.443635	
0.007632	0.203808	0.788560	
0.013787	0.317652	0.668561	
0.036431	0.502137	0.461432	
0.010450	0.246120	0.743430	
0.072248	0.538674	0.389078	
0.352436	0.478390	0.169174	
0.005987	0.438929	0.555084	
0.003209	0.045877	0.950914	
0.009225	0.719194	0.271581	
0.917497	0.077954	0.004549	
0.189857	0.480097	0.330046	
0.003699	0.699993	0.296308	
0.000595	0.016545	0.982860	
0.006118	0.127284	0.866598	
0.006488	0.736954	0.256558	
0.032917	0.410526	0.556556	
0.009164	0.445851	0.544985	
0.008634	0.510467	0.480899	
0.037288	0.226443	0.736268	
0.008365	0.644658	0.346977	
0.001841	0.105980	0.892179	
0.001788	0.053454	0.944757	
0.268832	0.489141	0.242026	
0.007343	0.608212	0.384445	
0.008004	0.441333	0.550663	
0.037947	0.513032	0.449021	
0.010298	0.212309	0.777393	
0.008719	0.335790	0.655492	
0.008388	0.306356	0.685256	
0.009455	0.595614	0.394931	
0.548001	0.337588	0.114411	
0.048578	0.408484	0.542937	
0.877468	0.107296	0.015236	
0.011671	0.268241	0.720088	
0.017843	0.673710	0.308447	
0.007546	0.652829	0.339625	
0.008631	0.591330	0.400039	
0.017182	0.308374	0.674445	
0.250921	0.247594	0.501485	
0.006343	0.409086	0.584571	
0.009250	0.467061	0.523689	
0.008210	0.191645	0.800145	
0.004748	0.081610	0.913641	
0.186682	0.429876	0.383442	
0.007496	0.330786	0.661718	
0.009726	0.387161	0.603114	
0.257993	0.380545	0.361462	
0.004263	0.599389	0.396348	
0.225178	0.332005	0.442817	
0.002200	0.047658	0.950142	
0.001087	0.015948	0.982965	
0.649943	0.279995	0.070062	
0.006749	0.371951	0.621300	
0.028357	0.225551	0.746092	
0.007480	0.702096	0.290424	
0.004196	0.079513	0.916291	
0.085021	0.315931	0.599047	
0.004958	0.155774	0.839268	
0.045651	0.727838	0.226512	
0.004304	0.141851	0.853844	
0.020413	0.353479	0.626108	
0.030899	0.737193	0.231908	
0.006115	0.461607	0.532279	
0.000332	0.009190	0.990478	
0.006462	0.459434	0.534104	
0.036115	0.397042	0.566844	
0.036440	0.713870	0.249690	
0.392901	0.415927	0.191172	
0.031284	0.778917	0.189799	
0.009055	0.785388	0.205557	
0.007925	0.597666	0.394409	
0.005454	0.363623	0.630922	
0.022413	0.262772	0.714814	
0.613849	0.339911	0.046240	
0.008821	0.788245	0.202934	
0.771826	0.211910	0.016263	
0.279708	0.546646	0.173646	
0.190432	0.354316	0.455252	
0.105093	0.694588	0.200319	
0.018991	0.743855	0.237153	
0.011670	0.609949	0.378381	
0.253183	0.666511	0.080306	
0.035704	0.779287	0.185008	
0.021367	0.725591	0.253043	
0.005028	0.640075	0.354896	
0.026575	0.704365	0.269060	
0.056062	0.259608	0.684330	
0.007465	0.096815	0.895719	
0.031509	0.292024	0.676468	
0.006920	0.075184	0.917896	
0.011690	0.785474	0.202837	
0.460949	0.286227	0.252824	
0.549266	0.271490	0.179244	
0.008831	0.791886	0.199283	
0.081801	0.262118	0.656081	
0.021727	0.616252	0.362022	
0.004169	0.134979	0.860852	
0.007983	0.489048	0.502969	
0.015591	0.107475	0.876933	
0.016045	0.677064	0.306891	
0.049452	0.730559	0.219988	
0.413821	0.513502	0.072676	
0.011475	0.781858	0.206668	
0.625083	0.302748	0.072169	
0.018067	0.089737	0.892196	
0.004597	0.067726	0.927677	
0.429197	0.471898	0.098904	
0.017423	0.638744	0.343833	
0.004530	0.052294	0.943177	
0.086596	0.729255	0.184149	
0.127590	0.386971	0.485440	
0.436667	0.491807	0.071526	
0.141112	0.673328	0.185560	
0.114187	0.731780	0.154033	
0.008777	0.721202	0.270021	
0.005014	0.739226	0.255760	
0.187473	0.729537	0.082990	
0.311490	0.514844	0.173666	
0.719795	0.223691	0.056514	
0.007969	0.765504	0.226527	
0.007705	0.748481	0.243815	
0.014786	0.769624	0.215590	
0.035750	0.744157	0.220093	
0.008574	0.100955	0.890472	
0.008873	0.614384	0.376743	
0.050096	0.675840	0.274064	
0.002625	0.074399	0.922976	
0.010290	0.744490	0.245221	
0.009280	0.630851	0.359870	
0.107898	0.286539	0.605563	
0.032003	0.641781	0.326216	
0.217316	0.374919	0.407764	
0.914912	0.077955	0.007133	
0.038594	0.758915	0.202492	
0.016179	0.716777	0.267044	
0.437363	0.378077	0.184560	
0.126023	0.666672	0.207305	
0.006195	0.059657	0.934148	
0.195405	0.330706	0.473889	
0.279615	0.496871	0.223514	
0.078314	0.424705	0.496981	
0.373338	0.518779	0.107883	
0.041558	0.413268	0.545174	
0.100463	0.718929	0.180608	
0.005797	0.109384	0.884819	
0.358438	0.530537	0.111025	
0.012200	0.740928	0.246872	
0.002287	0.070098	0.927615	
0.040834	0.418885	0.540281	
0.005663	0.809991	0.184346	
0.012525	0.491977	0.495498	
0.003990	0.062122	0.933888	
0.187211	0.638950	0.173839	
0.016644	0.815898	0.167458	
0.022693	0.115328	0.861979	
0.183206	0.674083	0.142711	
0.049099	0.792070	0.158832	
0.197695	0.582333	0.219972	
0.004563	0.308679	0.686758	
0.007999	0.179682	0.812319	
0.041923	0.421386	0.536691	
0.766304	0.186990	0.046706	
0.310317	0.565779	0.123904	
0.171989	0.539542	0.288469	
0.090977	0.690947	0.218077	
0.846385	0.136150	0.017465	
0.022577	0.154460	0.822962	
0.284724	0.611075	0.104202	
0.671324	0.164789	0.163887	
0.084147	0.266060	0.649793	
0.022010	0.724013	0.253977	
0.844296	0.140483	0.015220	
0.006033	0.661271	0.332696	
0.303583	0.567900	0.128517	
0.898678	0.094178	0.007144	
0.527557	0.373488	0.098955	
0.000830	0.011864	0.987306	
0.187165	0.627164	0.185671	
0.012816	0.724107	0.263077	
0.136016	0.225775	0.638209	
0.545475	0.370202	0.084323	
0.633694	0.299171	0.067136	
0.006867	0.856139	0.136994	
0.053278	0.806771	0.139951	
0.780918	0.190906	0.028175	
0.076572	0.744430	0.178997	
0.014907	0.062061	0.923032	
0.010035	0.087552	0.902413	
0.012359	0.646690	0.340951	
0.668454	0.260989	0.070557	
0.452366	0.444750	0.102883	
0.030794	0.476446	0.492760	
0.718793	0.239071	0.042136	
0.943271	0.052280	0.004448	
0.726180	0.252884	0.020936	
0.832956	0.148068	0.018976	
0.974849	0.024485	0.000666	
0.251254	0.451650	0.297096	
0.545368	0.378535	0.076098	
0.028385	0.732998	0.238616	
0.458052	0.427386	0.114562	
0.042543	0.691682	0.265775	
0.432808	0.478305	0.088887	
0.051428	0.752398	0.196174	
0.054037	0.649527	0.296436	
0.012896	0.776759	0.210345	
0.065543	0.178164	0.756294	
0.916023	0.074767	0.009210	
0.404205	0.481928	0.113866	
0.512965	0.398972	0.088063	
0.847214	0.139223	0.013563	
0.097265	0.688850	0.213885	
0.829477	0.155538	0.014985	
0.943228	0.047910	0.008862	
0.070578	0.715536	0.213886	
0.694264	0.262579	0.043157	
0.474595	0.446914	0.078492	
0.007743	0.312411	0.679846	
0.661509	0.276602	0.061889	
0.380182	0.426002	0.193816	
0.015686	0.595465	0.388849	
0.818751	0.153050	0.028199	
0.118845	0.655903	0.225253	
0.024830	0.188055	0.787115	
0.010834	0.328087	0.661078	
0.243155	0.634043	0.122802	
0.037525	0.647990	0.314484	
0.446933	0.338389	0.214678	
0.006787	0.603647	0.389566	
0.008901	0.734625	0.256474	
0.432372	0.459817	0.107810	
0.168973	0.222278	0.608749	
0.195121	0.692736	0.112144	
0.252907	0.630267	0.116826	
0.599447	0.336240	0.064313	
0.226715	0.645733	0.127552	
0.405745	0.434642	0.159613	
0.001025	0.026882	0.972094	
0.013885	0.643861	0.342253	
0.306874	0.571754	0.121372	
0.112160	0.135352	0.752487	
0.060138	0.409009	0.530853	
0.018050	0.762677	0.219274	
0.011415	0.547603	0.440982	
0.090127	0.703632	0.206241	
0.008794	0.391995	0.599212	
0.014509	0.502659	0.482832	
0.008347	0.302690	0.688963	
0.298664	0.489398	0.211938	
0.054871	0.297161	0.647969	
0.188569	0.666368	0.145063	
0.005557	0.494177	0.500266	
0.293651	0.574640	0.131708	
0.262315	0.349872	0.387813	
0.005710	0.456366	0.537924	
0.007050	0.082058	0.910892	
0.485596	0.368711	0.145693	
0.015183	0.183552	0.801265	
0.008076	0.071449	0.920474	
0.030100	0.177304	0.792596	
0.222244	0.512621	0.265135	
0.046276	0.338462	0.615262	
0.054828	0.486612	0.458560	
0.277973	0.306852	0.415176	
0.008717	0.502018	0.489265	
0.004835	0.159776	0.835390	
0.000000	0.000076	0.999923	
0.004828	0.062664	0.932509	
0.025127	0.569162	0.405710	
0.234511	0.510126	0.255362	
0.088402	0.363811	0.547787	
0.057497	0.313296	0.629207	
0.000867	0.051264	0.947869	
0.009464	0.264029	0.726507	
0.958391	0.039428	0.002180	
0.570526	0.333271	0.096203	
0.018371	0.726820	0.254809	
0.010543	0.426824	0.562633	
0.793917	0.181387	0.024696	
0.708186	0.240013	0.051801	
0.510140	0.417035	0.072825	
0.015354	0.548195	0.436451	
0.000674	0.013584	0.985742	
0.102317	0.652733	0.244950	
0.004325	0.125335	0.870341	
0.029191	0.429100	0.541709	
0.012287	0.512065	0.475648	
0.617529	0.302066	0.080405	
0.008130	0.226128	0.765742	
0.004713	0.118349	0.876938	
0.000038	0.003152	0.996810	
0.686565	0.220814	0.092621	
0.011260	0.105867	0.882872	
0.030406	0.295089	0.674505	
0.004990	0.564616	0.430394	
0.008632	0.495026	0.496342	
0.013713	0.318090	0.668197	
0.015284	0.354903	0.629813	
0.814802	0.149906	0.035291	
0.020190	0.817359	0.162452	
0.006790	0.328423	0.664786	
0.384360	0.356622	0.259018	
0.024270	0.496401	0.479329	
0.455337	0.357888	0.186775	
0.022704	0.514188	0.463108	
0.008506	0.224175	0.767319	
0.017369	0.250475	0.732156	
0.267924	0.577320	0.154756	
0.004286	0.103495	0.892219	
0.009588	0.800444	0.189968	
0.009793	0.194809	0.795398	
0.007239	0.224983	0.767779	
0.029683	0.409625	0.560692	
0.059393	0.610059	0.330548	
0.034338	0.101842	0.863820	
0.006620	0.064883	0.928496	
0.009358	0.433526	0.557117	
0.005455	0.152240	0.842305	
0.025716	0.489899	0.484385	
0.007027	0.066248	0.926724	
0.088773	0.606569	0.304658	
0.010844	0.567194	0.421962	
0.669244	0.274479	0.056277	
0.488631	0.355791	0.155579	
0.056066	0.408291	0.535642	
0.000184	0.006194	0.993623	
0.062355	0.370282	0.567363	
0.397287	0.502326	0.100387	
0.011107	0.683248	0.305646	
0.005259	0.087352	0.907389	
0.004042	0.049730	0.946228	
0.002807	0.046867	0.950326	
0.004087	0.137971	0.857942	
0.010189	0.349357	0.640454	
0.003050	0.023757	0.973193	
0.014900	0.128995	0.856105	
0.570903	0.323826	0.105271	
0.008228	0.341803	0.649970	
0.001937	0.037952	0.960112	
0.000991	0.021204	0.977805	
0.008139	0.092233	0.899628	
0.009414	0.513476	0.477109	
0.017005	0.237602	0.745393	
0.003236	0.043713	0.953051	
0.849589	0.134794	0.015618	
0.045459	0.542559	0.411982	
0.004647	0.474127	0.521226	
0.010686	0.692186	0.297127	
0.037462	0.553718	0.408820	
0.017386	0.173278	0.809336	
0.029303	0.456865	0.513831	
0.010984	0.417636	0.571380	
0.274380	0.280478	0.445143	
0.008606	0.127937	0.863457	
0.001104	0.026864	0.972032	
0.031778	0.211914	0.756308	
0.030939	0.787868	0.181193	
0.008840	0.541592	0.449568	
0.009560	0.243555	0.746885	
0.031480	0.147005	0.821515	
0.000262	0.007071	0.992666	
0.178723	0.560891	0.260386	
0.001332	0.019878	0.978789	
0.629505	0.238617	0.131879	
0.028738	0.833279	0.137983	
0.067197	0.187081	0.745722	
0.014355	0.302137	0.683508	
0.069943	0.525422	0.404635	
0.022846	0.353728	0.623426	
0.018405	0.616438	0.365158	
0.017273	0.477854	0.504873	
0.015983	0.792813	0.191203	
0.282436	0.640593	0.076971	
0.006361	0.094421	0.899218	
0.023071	0.122878	0.854051	
0.002004	0.018860	0.979136	
0.016126	0.042841	0.941033	
0.031923	0.174670	0.793407	
0.537490	0.361163	0.101347	
0.679204	0.183999	0.136796	
0.025086	0.171745	0.803169	
0.013536	0.785348	0.201116	
0.006498	0.786773	0.206729	
0.009051	0.578262	0.412687	
0.016515	0.380669	0.602816	
0.110201	0.339959	0.549839	
0.017663	0.690665	0.291672	
0.008358	0.660279	0.331363	
0.015129	0.509395	0.475475	
0.016050	0.278667	0.705283	
0.010115	0.754414	0.235471	
0.017428	0.757197	0.225376	
0.009665	0.735972	0.254364	
0.803967	0.174471	0.021563	
0.617691	0.302536	0.079773	
0.004875	0.687453	0.307672	
0.008417	0.667050	0.324533	
0.001299	0.030426	0.968275	
0.238543	0.420479	0.340978	
0.360882	0.409401	0.229717	
0.786418	0.184489	0.029092	
0.005205	0.692363	0.302432	
0.015450	0.508474	0.476076	
0.014507	0.304339	0.681154	
0.001997	0.020104	0.977899	
0.004168	0.589869	0.405963	
0.888692	0.104086	0.007222	
0.542352	0.343071	0.114577	
0.454745	0.279058	0.266197	
0.012156	0.392013	0.595831	
0.324389	0.535249	0.140362	
0.604629	0.291430	0.103941	
0.763165	0.198364	0.038470	
0.887073	0.103908	0.009019	
0.009302	0.685913	0.304785	
0.333683	0.294718	0.371598	
0.007208	0.467222	0.525570	
0.244234	0.297578	0.458188	
0.556941	0.370792	0.072266	
0.884142	0.106303	0.009556	
0.379451	0.494954	0.125595	
0.175386	0.318791	0.505823	
0.023511	0.791974	0.184515	
0.478692	0.393223	0.128085	
0.959344	0.039045	0.001611	
0.317834	0.616405	0.065761	
0.001914	0.321238	0.676848	
0.910422	0.081649	0.007929	
0.007840	0.594472	0.397688	
0.659689	0.276268	0.064043	
0.008515	0.277572	0.713913	
0.925719	0.067216	0.007065	
0.544455	0.352477	0.103068	
0.900366	0.092114	0.007520	
0.392960	0.498967	0.108074	
0.780913	0.192767	0.026320	
0.930812	0.063188	0.006000	
0.616820	0.329149	0.054031	
0.001166	0.018474	0.980361	
0.564970	0.358076	0.076954	
0.003881	0.539542	0.456577	
0.754051	0.211334	0.034615	
0.633602	0.291243	0.075155	
0.476943	0.429057	0.094000	
0.259014	0.625664	0.115322	
0.033965	0.704341	0.261694	
0.968122	0.031442	0.000436	
0.004110	0.540465	0.455425	
0.754494	0.208870	0.036636	
0.006791	0.163060	0.830149	
0.006647	0.710163	0.283190	
0.031389	0.510382	0.458229	
0.009821	0.496000	0.494179	
0.202152	0.587243	0.210605	
0.749273	0.224373	0.026353	
0.222132	0.596799	0.181069	
0.582740	0.334608	0.082653	
0.007434	0.211017	0.781549	
0.000244	0.010398	0.989357	
0.335282	0.388748	0.275969	
0.050765	0.421497	0.527738	
0.010542	0.031177	0.958281	
0.006486	0.713823	0.279691	
0.006178	0.676457	0.317365	
0.073872	0.729915	0.196213	
0.610764	0.308144	0.081092	
0.008591	0.181497	0.809913	
0.039483	0.371390	0.589127	
0.433055	0.483246	0.083699	
0.607534	0.273544	0.118922	
0.395115	0.420940	0.183944	
0.085816	0.538471	0.375713	
0.010626	0.074612	0.914762	
0.761816	0.219947	0.018238	
0.864341	0.123455	0.012205	
0.224720	0.614516	0.160764	
0.872251	0.117414	0.010335	
0.031851	0.718488	0.249661	
0.348248	0.482384	0.169369	
0.007250	0.380011	0.612739	
0.576092	0.318534	0.105374	
0.846531	0.136405	0.017063	
0.070699	0.694638	0.234664	
0.392529	0.371515	0.235956	
0.010067	0.244409	0.745523	
0.391340	0.463899	0.144761	
0.010088	0.512728	0.477183	
0.066117	0.776684	0.157200	
0.792896	0.193020	0.014084	
0.023809	0.270279	0.705911	
0.407418	0.262217	0.330364	
0.003169	0.059522	0.937310	
0.007154	0.665109	0.327737	
0.000018	0.001435	0.998547	
0.000009	0.000865	0.999125	
0.000743	0.021979	0.977278	
0.010460	0.125082	0.864458	
0.005105	0.323121	0.671774	
0.180038	0.574022	0.245940	
0.003956	0.135310	0.860734	
0.005751	0.039758	0.954491	
0.000161	0.007595	0.992244	
0.003712	0.093371	0.902917	
0.013470	0.197724	0.788806	
0.000426	0.010252	0.989322	
0.315895	0.341682	0.342423	
0.006184	0.142331	0.851485	
0.001263	0.035460	0.963277	
0.552483	0.364097	0.083420	
0.003888	0.079260	0.916853	
0.013339	0.137364	0.849296	
0.000317	0.012019	0.987663	
0.008572	0.170012	0.821416	
0.000028	0.001516	0.998456	
0.008668	0.108248	0.883084	
0.000009	0.000903	0.999088	
0.000031	0.001954	0.998016	
0.203483	0.278131	0.518385	
0.143135	0.333499	0.523366	
0.008221	0.087576	0.904203	
0.010126	0.122005	0.867869	
0.000051	0.002362	0.997587	
0.002110	0.040707	0.957183	
0.880796	0.109607	0.009597	
0.000008	0.001211	0.998781	
0.261242	0.233489	0.505269	
0.015433	0.338663	0.645904	
0.001434	0.017526	0.981040	
0.091050	0.534678	0.374272	
0.281585	0.268053	0.450362	
0.034465	0.228618	0.736917	
0.007195	0.087064	0.905741	
0.000042	0.003178	0.996780	
0.000018	0.002046	0.997936	
0.002214	0.041652	0.956134	
0.295306	0.345675	0.359019	
0.867947	0.092059	0.039994	
0.007577	0.143631	0.848792	
0.002126	0.046712	0.951163	
0.004664	0.090239	0.905096	
0.044276	0.343108	0.612615	
0.000343	0.007609	0.992048	
0.003264	0.012096	0.984639	
0.000217	0.010678	0.989105	
0.011444	0.215095	0.773461	
0.000984	0.038917	0.960099	
0.007510	0.125173	0.867316	
0.010117	0.121288	0.868595	
0.201384	0.470399	0.328217	
0.000116	0.003858	0.996027	
0.025315	0.075411	0.899275	
0.000253	0.014100	0.985646	
0.006634	0.100348	0.893017	
0.000006	0.000817	0.999178	
0.000029	0.001279	0.998692	
0.007077	0.087205	0.905718	
0.009553	0.231349	0.759098	
0.000277	0.043106	0.956617	
0.169123	0.440374	0.390503	
0.021007	0.154194	0.824799	
0.083273	0.337862	0.578865	
0.000952	0.018565	0.980483	
0.000502	0.017009	0.982488	
0.000004	0.000483	0.999514	
0.016056	0.339558	0.644386	
0.004937	0.084735	0.910328	
0.001202	0.036250	0.962547	
0.000181	0.007532	0.992286	
0.006832	0.072435	0.920733	
0.012146	0.397913	0.589941	
0.028912	0.226802	0.744286	
0.013357	0.211037	0.775606	
0.000010	0.001109	0.998881	
0.091256	0.360428	0.548315	
0.553125	0.386362	0.060512	
0.003265	0.495168	0.501567	
0.774444	0.197923	0.027633	
0.370234	0.387672	0.242094	
0.587801	0.296269	0.115930	
0.001585	0.025630	0.972785	
0.018039	0.556736	0.425225	
0.004053	0.098207	0.897739	
0.006781	0.703409	0.289810	
0.005650	0.190694	0.803657	
0.061285	0.811826	0.126889	
0.103429	0.719703	0.176868	
0.376354	0.495288	0.128358	
0.554674	0.400264	0.045062	
0.004776	0.399228	0.595996	
0.027296	0.821498	0.151206	
0.395090	0.494102	0.110808	
0.008325	0.613132	0.378543	
0.015564	0.399387	0.585049	
0.006281	0.817389	0.176330	
0.061372	0.291520	0.647108	
0.003914	0.371313	0.624773	
0.053869	0.628348	0.317783	
0.017645	0.659495	0.322860	
0.027148	0.615539	0.357314	
0.007599	0.800814	0.191587	
0.002461	0.029354	0.968185	
0.010337	0.708513	0.281150	
0.019515	0.771374	0.209111	
0.017246	0.568516	0.414239	
0.241450	0.426918	0.331632	
0.010857	0.595233	0.393910	
0.087808	0.433120	0.479073	
0.023601	0.238235	0.738165	
0.666594	0.284466	0.048940	
0.055114	0.304360	0.640526	
0.034202	0.436886	0.528913	
0.055785	0.575534	0.368681	
0.446339	0.412919	0.140742	
0.009022	0.268550	0.722428	
0.004080	0.049982	0.945938	
0.031461	0.181057	0.787483	
0.866407	0.123874	0.009719	
0.208207	0.205979	0.585814	
0.699979	0.253701	0.046320	
0.650097	0.291927	0.057976	
0.600146	0.307920	0.091934	
0.542601	0.356567	0.100833	
0.224970	0.638825	0.136204	
0.579207	0.363161	0.057632	
0.925007	0.068300	0.006693	
0.887446	0.098697	0.013857	
0.020753	0.536806	0.442440	
0.006207	0.094465	0.899328	
0.102749	0.683681	0.213570	
0.005896	0.765469	0.228636	
0.003988	0.541244	0.454769	
0.083196	0.653463	0.263340	
0.003982	0.456409	0.539608	
0.012270	0.548154	0.439577	
0.385875	0.509606	0.104519	
0.008911	0.508159	0.482930	
0.507801	0.400409	0.091791	
0.289405	0.244074	0.466522	
0.019957	0.315208	0.664835	
0.018540	0.184545	0.796915	
0.492865	0.426025	0.081109	
0.404764	0.511146	0.084089	
0.005945	0.669979	0.324077	
0.062123	0.809011	0.128866	
0.735636	0.208352	0.056013	
0.687717	0.262193	0.050090	
0.520613	0.411768	0.067618	
0.020830	0.461420	0.517751	
0.743595	0.212080	0.044325	
0.015394	0.537166	0.447440	
0.165735	0.176294	0.657972	
0.348530	0.367256	0.284215	
0.551868	0.371758	0.076373	
0.005089	0.627209	0.367702	
0.005322	0.465058	0.529619	
0.775940	0.206767	0.017293	
0.148857	0.751733	0.099410	
0.017060	0.478052	0.504888	
0.008066	0.438570	0.553364	
0.004622	0.408792	0.586586	
0.126801	0.335577	0.537622	
0.183633	0.326403	0.489964	
0.328071	0.336652	0.335277	
0.620527	0.339401	0.040072	
0.681473	0.158488	0.160040	
0.017110	0.726288	0.256602	
0.002209	0.036890	0.960900	
0.694430	0.261967	0.043602	
0.013224	0.107678	0.879098	
0.044304	0.780747	0.174949	
0.648705	0.294956	0.056339	
0.336719	0.511344	0.151938	
0.120496	0.735881	0.143623	
0.022539	0.817664	0.159797	
0.004705	0.436294	0.559001	
0.048471	0.623574	0.327955	
0.566844	0.352885	0.080271	
0.348235	0.184171	0.467594	
0.008696	0.093989	0.897315	
0.391266	0.409470	0.199264	
0.152202	0.601529	0.246269	
0.118018	0.238184	0.643799	
0.084446	0.792678	0.122876	
0.842696	0.145932	0.011372	
0.041579	0.176844	0.781577	
0.008645	0.725644	0.265712	
0.010569	0.639728	0.349703	
0.144219	0.389425	0.466356	
0.677512	0.246163	0.076324	
0.285482	0.317774	0.396744	
0.468689	0.440226	0.091086	
0.286668	0.620788	0.092544	
0.010358	0.178873	0.810769	
0.306170	0.461522	0.232308	
0.026435	0.381668	0.591897	
0.007053	0.612532	0.380414	
0.372745	0.555361	0.071895	
0.017183	0.716228	0.266590	
0.085724	0.322480	0.591796	
0.004407	0.091093	0.904500	
0.118112	0.298659	0.583230	
0.023111	0.764705	0.212184	
0.716542	0.251898	0.031559	
0.015425	0.487689	0.496886	
0.772074	0.184812	0.043113	
0.013507	0.754582	0.231911	
0.011852	0.180395	0.807752	
0.000530	0.012430	0.987040	
0.385600	0.365555	0.248845	
0.011986	0.614035	0.373978	
0.473020	0.366624	0.160355	
0.295941	0.624516	0.079543	
0.000526	0.009996	0.989479	
0.224442	0.445922	0.329636	
0.007725	0.156453	0.835822	
0.345837	0.480646	0.173517	
0.600599	0.238553	0.160848	
0.610720	0.317702	0.071578	
0.070828	0.799250	0.129922	
0.008044	0.848116	0.143840	
0.205111	0.398669	0.396220	
0.503354	0.345437	0.151209	
0.249584	0.504250	0.246166	
0.784311	0.199450	0.016239	
0.069583	0.742288	0.188130	
0.525939	0.391278	0.082783	
0.060634	0.499633	0.439733	
0.704662	0.255207	0.040131	
0.086182	0.148748	0.765070	
0.055423	0.652028	0.292549	
0.709313	0.250948	0.039739	
0.533666	0.350087	0.116247	
0.432180	0.364075	0.203746	
0.035664	0.791901	0.172435	
0.101700	0.201973	0.696328	
0.232065	0.583288	0.184647	
0.234035	0.447096	0.318868	
0.049235	0.097291	0.853475	
0.029719	0.106105	0.864176	
0.006819	0.046230	0.946951	
0.000818	0.012467	0.986715	
0.005408	0.592528	0.402064	
0.047570	0.179231	0.773199	
0.014181	0.756753	0.229066	
0.029971	0.682746	0.287283	
0.886544	0.104184	0.009272	
0.145225	0.548932	0.305843	
0.003733	0.060420	0.935847	
0.002875	0.559970	0.437155	
0.078503	0.794956	0.126541	
0.006441	0.314125	0.679434	
0.038284	0.354553	0.607163	
0.126954	0.616183	0.256863	
0.284595	0.619834	0.095572	
0.002145	0.278624	0.719231	
0.016185	0.351326	0.632490	
0.010032	0.777649	0.212319	
0.006621	0.061505	0.931874	
0.790091	0.189438	0.020471	
0.002899	0.575073	0.422028	
0.036124	0.144021	0.819855	
0.032218	0.389147	0.578635	
0.019472	0.106764	0.873765	
0.010737	0.496218	0.493045	
0.007354	0.293057	0.699588	
0.146888	0.712691	0.140422	
0.010144	0.816007	0.173850	
0.667233	0.227962	0.104805	
0.068332	0.821152	0.110517	
0.350551	0.559805	0.089644	
0.029588	0.463600	0.506812	
0.547941	0.427606	0.024453	
0.355330	0.587448	0.057222	
0.915957	0.077453	0.006590	
0.504735	0.448069	0.047196	
0.647026	0.313403	0.039571	
0.737727	0.226387	0.035886	
0.815000	0.169183	0.015817	
0.873334	0.117455	0.009211	
0.214565	0.683454	0.101981	
0.386264	0.493853	0.119883	
0.838697	0.136516	0.024788	
0.586451	0.333132	0.080416	
0.685008	0.280171	0.034821	
0.032557	0.075111	0.892331	
0.428706	0.481689	0.089605	
0.644593	0.295032	0.060375	
0.296317	0.641071	0.062612	
0.331786	0.404562	0.263651	
0.721225	0.239607	0.039168	
0.071240	0.739024	0.189736	
0.685380	0.302429	0.012191	
0.895348	0.098847	0.005805	
0.701200	0.270413	0.028387	
0.006514	0.039023	0.954463	
0.589651	0.351716	0.058633	
0.140976	0.755811	0.103213	
0.532893	0.423846	0.043261	
0.398127	0.486652	0.115221	
0.724884	0.253408	0.021708	
0.034664	0.802686	0.162649	
0.438952	0.444041	0.117007	
0.605217	0.361152	0.033631	
0.246982	0.558910	0.194108	
0.596771	0.306644	0.096584	
0.567620	0.412265	0.020115	
0.732703	0.231158	0.036139	
0.947255	0.046877	0.005868	
0.648807	0.313735	0.037458	
0.713070	0.240494	0.046436	
0.828643	0.156369	0.014988	
0.193503	0.658483	0.148014	
0.893619	0.099932	0.006449	
0.692412	0.275739	0.031848	
0.642462	0.300893	0.056645	
0.405959	0.516352	0.077689	
0.755248	0.210297	0.034455	
0.716430	0.257717	0.025852	
0.901434	0.096201	0.002365	
0.573317	0.388996	0.037686	
0.754859	0.222484	0.022658	
0.115125	0.748825	0.136050	
0.157936	0.715263	0.126801	
0.854033	0.137710	0.008256	
0.549853	0.414378	0.035769	
0.038162	0.214234	0.747604	
0.780243	0.189665	0.030091	
0.635219	0.299752	0.065029	
0.574875	0.347993	0.077132	
0.562621	0.383132	0.054247	
0.683807	0.300422	0.015771	
0.089171	0.768693	0.142136	
0.410884	0.545521	0.043595	
0.142377	0.652477	0.205146	
0.076919	0.757937	0.165144	
0.331380	0.591903	0.076717	
0.008690	0.666422	0.324888	
0.394601	0.491078	0.114321	
0.840354	0.144828	0.014818	
0.898740	0.096620	0.004640	
0.861521	0.127879	0.010600	
0.352315	0.578511	0.069174	
0.519754	0.437242	0.043004	
0.302464	0.577623	0.119913	
0.712728	0.244824	0.042448	
0.831036	0.155283	0.013681	
0.740996	0.232449	0.026555	
0.003861	0.043471	0.952668	
0.794430	0.176825	0.028745	
0.532068	0.420338	0.047594	
0.583447	0.340319	0.076234	
0.370422	0.568775	0.060803	
0.047801	0.702668	0.249531	
0.923356	0.072834	0.003810	
0.600159	0.342760	0.057081	
0.531431	0.373190	0.095378	
0.418771	0.530235	0.050994	
0.347583	0.538755	0.113662	
0.616275	0.360260	0.023465	
0.547762	0.359809	0.092429	
0.265943	0.660296	0.073761	
0.670049	0.283491	0.046460	
0.042251	0.245489	0.712260	
0.502207	0.458687	0.039106	
0.002214	0.029481	0.968305	
0.683426	0.246850	0.069724	
0.779790	0.198740	0.021470	
0.586491	0.359078	0.054431	
0.163598	0.719849	0.116552	
0.576146	0.336123	0.087732	
0.577390	0.317074	0.105536	
0.454145	0.369377	0.176478	
0.813962	0.164896	0.021142	
0.418995	0.471362	0.109643	
0.193613	0.704373	0.102014	
0.011638	0.084370	0.903993	
0.123563	0.764640	0.111797	
0.136469	0.444696	0.418835	
0.004742	0.052081	0.943177	
0.229990	0.684437	0.085573	
0.173603	0.630310	0.196087	
0.174654	0.671755	0.153592	
0.002875	0.047742	0.949383	
0.386645	0.540711	0.072644	
0.166596	0.212866	0.620538	
0.134664	0.665188	0.200148	
0.081494	0.136493	0.782013	
0.387945	0.504167	0.107888	
0.640012	0.331128	0.028859	
0.870135	0.121499	0.008365	
0.499339	0.422967	0.077694	
0.355905	0.392955	0.251141	
0.007287	0.175634	0.817078	
0.632154	0.301259	0.066587	
0.093454	0.724737	0.181809	
0.694103	0.269004	0.036893	
0.099712	0.413533	0.486755	
0.052117	0.192291	0.755592	
0.050885	0.756474	0.192641	
0.115434	0.662335	0.222231	
0.000230	0.008826	0.990944	
0.635405	0.328595	0.036000	
0.142590	0.755837	0.101573	
0.422838	0.515871	0.061291	
0.958869	0.039083	0.002047	
0.697025	0.263007	0.039968	
0.201256	0.570024	0.228720	
0.014921	0.163471	0.821608	
0.001328	0.028040	0.970631	
0.021781	0.259549	0.718670	
0.302465	0.531046	0.166489	
0.896085	0.093558	0.010357	
0.619263	0.349388	0.031348	
0.102624	0.731496	0.165879	
0.007848	0.172593	0.819560	
0.327652	0.570844	0.101504	
0.654076	0.256346	0.089578	
0.491013	0.434487	0.074500	
0.638996	0.278536	0.082468	
0.632365	0.315667	0.051968	
0.303460	0.606419	0.090121	
0.444239	0.316957	0.238804	
0.078900	0.277368	0.643732	
0.533252	0.246297	0.220451	
0.008775	0.090157	0.901068	
0.679351	0.235084	0.085566	
0.251840	0.646946	0.101214	
0.068189	0.669397	0.262414	
0.837724	0.149127	0.013149	
0.602310	0.339650	0.058040	
0.152613	0.647175	0.200211	
0.088971	0.754142	0.156887	
0.567196	0.381599	0.051204	
0.096340	0.545430	0.358230	
0.891722	0.102723	0.005555	
0.177507	0.663071	0.159422	
0.093492	0.339064	0.567443	
0.756147	0.207938	0.035915	
0.449447	0.463550	0.087002	
0.140809	0.257385	0.601806	
0.144149	0.716286	0.139565	
0.866492	0.123197	0.010311	
0.376843	0.537898	0.085259	
0.896444	0.096788	0.006768	
0.580594	0.337407	0.081999	
0.076861	0.226537	0.696603	
0.656687	0.281341	0.061971	
0.477249	0.377301	0.145450	
0.607107	0.355057	0.037836	
0.402309	0.414714	0.182977	
0.517877	0.396646	0.085477	
0.330600	0.437348	0.232052	
0.020615	0.835955	0.143430	
0.084360	0.802644	0.112996	
0.011271	0.802504	0.186225	
0.361227	0.548768	0.090005	
0.197478	0.630321	0.172201	
0.193263	0.651570	0.155167	
0.801534	0.177698	0.020768	
0.080667	0.336757	0.582576	
0.572817	0.339067	0.088116	
0.298517	0.654223	0.047260	
0.667477	0.285962	0.046561	
0.077413	0.797258	0.125329	
0.382861	0.498579	0.118559	
0.574248	0.361442	0.064310	
0.286337	0.646714	0.066949	
0.321975	0.362112	0.315913	
0.352021	0.555201	0.092778	
0.100902	0.751338	0.147760	
0.355266	0.343450	0.301284	
0.109019	0.764295	0.126686	
0.360612	0.538423	0.100965	
0.010389	0.522177	0.467434	
0.746812	0.211261	0.041927	
0.264602	0.321777	0.413621	
0.258491	0.701564	0.039945	
0.018825	0.838617	0.142558	
0.329626	0.574650	0.095725	
0.008424	0.697623	0.293952	
0.014365	0.853495	0.132140	
0.153241	0.781146	0.065614	
0.031147	0.833178	0.135675	
0.065953	0.780095	0.153952	
0.646598	0.289051	0.064351	
0.989735	0.010038	0.000226	
0.221966	0.689120	0.088914	
0.691841	0.286724	0.021435	
0.635457	0.318617	0.045926	
0.041625	0.825641	0.132734	
0.447365	0.427726	0.124910	
0.826159	0.162231	0.011610	
0.436147	0.534214	0.029639	
0.270124	0.637312	0.092564	
0.303514	0.583214	0.113272	
0.213156	0.466666	0.320178	
0.693724	0.259194	0.047082	
0.773234	0.208999	0.017766	
0.153945	0.709029	0.137025	
0.404870	0.529035	0.066094	
0.625091	0.273911	0.100998	
0.386929	0.516163	0.096908	
0.806143	0.178467	0.015390	
0.383466	0.550727	0.065807	
0.035314	0.845289	0.119397	
0.012344	0.755937	0.231719	
0.097515	0.777687	0.124797	
0.194128	0.602331	0.203542	
0.265796	0.622822	0.111382	
0.105886	0.763038	0.131076	
0.701392	0.269083	0.029524	
0.357021	0.497696	0.145283	
0.296030	0.391089	0.312881	
0.008809	0.830521	0.160670	
0.069672	0.735145	0.195183	
0.216880	0.686395	0.096725	
0.140129	0.806301	0.053570	
0.048833	0.778777	0.172390	
0.167576	0.685522	0.146901	
0.011075	0.668500	0.320425	
0.289134	0.623258	0.087608	
0.093224	0.741194	0.165582	
0.315947	0.629822	0.054231	
0.494626	0.441976	0.063398	
0.190480	0.621364	0.188157	
0.294633	0.601738	0.103629	
0.055128	0.419281	0.525591	
0.453803	0.475773	0.070424	
0.790235	0.196262	0.013503	
0.232131	0.680062	0.087807	
0.089287	0.727140	0.183573	
0.406141	0.503733	0.090126	
0.699370	0.277470	0.023160	
0.184530	0.710511	0.104959	
0.331229	0.549471	0.119300	
0.045232	0.313664	0.641104	
0.106207	0.698320	0.195473	
0.291998	0.639451	0.068551	
0.327174	0.582192	0.090634	
0.005719	0.784635	0.209646	
0.029511	0.733315	0.237174	
0.053228	0.712112	0.234660	
0.485799	0.351035	0.163166	
0.136950	0.739699	0.123351	
0.157220	0.731741	0.111039	
0.533863	0.425657	0.040480	
0.435558	0.325591	0.238851	
0.417788	0.510472	0.071740	
0.105499	0.741202	0.153298	
0.008177	0.444829	0.546994	
0.695288	0.247956	0.056756	
0.801205	0.190676	0.008119	
0.310160	0.611447	0.078392	
0.302616	0.558570	0.138814	
0.237126	0.617427	0.145447	
0.479450	0.406860	0.113691	
0.267437	0.627716	0.104847	
0.018651	0.687390	0.293960	
0.425511	0.527667	0.046823	
0.019540	0.622782	0.357678	
0.488384	0.472698	0.038917	
0.686585	0.261682	0.051734	
0.821792	0.158450	0.019758	
0.273086	0.643402	0.083512	
0.356055	0.547467	0.096478	
0.499009	0.395630	0.105361	
0.634037	0.327516	0.038447	
0.199951	0.590311	0.209739	
0.656443	0.263064	0.080492	
0.525553	0.427940	0.046507	
0.796664	0.183701	0.019636	
0.196016	0.687542	0.116442	
0.029936	0.144758	0.825306	
0.002466	0.028931	0.968603	
0.038696	0.210350	0.750954	
0.596862	0.354566	0.048571	
0.747826	0.239380	0.012794	
0.026350	0.782546	0.191104	
0.935470	0.062082	0.002448	
0.262929	0.622367	0.114703	
0.613428	0.336138	0.050434	
0.721961	0.253075	0.024963	
0.715123	0.258352	0.026525	
0.047364	0.651243	0.301393	
0.282772	0.567459	0.149769	
0.291416	0.589862	0.118722	
0.314522	0.609856	0.075622	
0.488333	0.364909	0.146757	
0.939986	0.057953	0.002061	
0.355330	0.587448	0.057222	
0.907157	0.087487	0.005355	
0.075368	0.700031	0.224601	
0.260944	0.626444	0.112612	
0.588135	0.360658	0.051207	
0.231992	0.646181	0.121827	
0.365952	0.583847	0.050201	
0.830002	0.156702	0.013296	
0.331786	0.404562	0.263651	
0.371959	0.569503	0.058537	
0.312555	0.541658	0.145786	
0.039277	0.166898	0.793824	
0.483686	0.378656	0.137658	
0.920849	0.075621	0.003530	
0.354355	0.483903	0.161742	
0.651926	0.309242	0.038832	
0.025063	0.693952	0.280984	
0.812048	0.177241	0.010710	
0.623355	0.316886	0.059760	
0.507797	0.413723	0.078480	
0.651885	0.287851	0.060264	
0.552700	0.383313	0.063987	
0.873441	0.120435	0.006124	
0.471358	0.450248	0.078394	
0.256336	0.633353	0.110311	
0.581881	0.328788	0.089331	
0.075330	0.791602	0.133068	
0.891250	0.102354	0.006396	
0.241990	0.620035	0.137975	
0.051404	0.737888	0.210709	
0.717331	0.247239	0.035429	
0.112173	0.180106	0.707720	
0.773586	0.215361	0.011053	
0.684022	0.252784	0.063194	
0.294523	0.580040	0.125437	
0.080664	0.780924	0.138411	
0.813442	0.163918	0.022639	
0.069581	0.592648	0.337772	
0.264734	0.651420	0.083846	
0.347385	0.599456	0.053159	
0.551579	0.421380	0.027041	
0.048065	0.197475	0.754459	
0.052933	0.188914	0.758154	
0.149091	0.701452	0.149457	
0.001971	0.044353	0.953675	
0.322792	0.578254	0.098955	
0.000079	0.001934	0.997986	
0.006334	0.796108	0.197558	
0.010112	0.644648	0.345240	
0.008507	0.246095	0.745398	
0.461082	0.332042	0.206877	
0.007857	0.184147	0.807996	
0.591276	0.328480	0.080244	
0.573820	0.267188	0.158992	
0.017774	0.730176	0.252049	
0.004049	0.060026	0.935925	
0.001532	0.062913	0.935556	
0.010337	0.767951	0.221713	
0.060438	0.504574	0.434988	
0.633318	0.285560	0.081123	
0.006249	0.492514	0.501237	
0.560719	0.340631	0.098650	
0.006616	0.640482	0.352902	
0.034760	0.150500	0.814740	
0.014731	0.786092	0.199178	
0.002826	0.076164	0.921010	
0.033031	0.157927	0.809042	
0.012769	0.194577	0.792654	
0.013731	0.068114	0.918154	
0.013672	0.225602	0.760726	
0.646558	0.269027	0.084415	
0.482038	0.407860	0.110101	
0.379095	0.382174	0.238731	
0.007916	0.769569	0.222515	
0.006980	0.084565	0.908455	
0.003556	0.048778	0.947666	
0.022730	0.540123	0.437146	
0.119534	0.690006	0.190460	
0.007211	0.722174	0.270615	
0.032264	0.509062	0.458675	
0.047889	0.561695	0.390416	
0.032056	0.573747	0.394197	
0.006225	0.534835	0.458940	
0.756342	0.222462	0.021197	
0.011485	0.487516	0.500999	
0.011885	0.264720	0.723395	
0.009481	0.499322	0.491197	
0.005357	0.325503	0.669139	
0.187162	0.590065	0.222773	
0.013315	0.478410	0.508275	
0.278142	0.602516	0.119343	
0.000334	0.006319	0.993347	
0.605935	0.320797	0.073268	
0.677149	0.288719	0.034132	
0.009403	0.303968	0.686629	
0.374010	0.507059	0.118931	
0.033177	0.655960	0.310863	
0.008634	0.176416	0.814951	
0.296381	0.446020	0.257599	
0.018296	0.128204	0.853501	
0.018019	0.719576	0.262405	
0.279476	0.386435	0.334089	
0.000511	0.014910	0.984579	
0.009773	0.373569	0.616658	
0.015220	0.179826	0.804953	
0.010930	0.253882	0.735187	
0.014068	0.418817	0.567115	
0.005452	0.241457	0.753092	
0.847764	0.141218	0.011018	
0.006403	0.318443	0.675154	
0.467136	0.374111	0.158753	
0.644839	0.275575	0.079586	
0.185023	0.663562	0.151415	
0.021078	0.554160	0.424762	
0.736786	0.176066	0.087148	
0.009429	0.737899	0.252671	
0.062919	0.816138	0.120943	
0.230867	0.665639	0.103493	
0.908843	0.084907	0.006250	
0.017327	0.741110	0.241564	
0.381022	0.396066	0.222913	
0.464814	0.426898	0.108288	
0.014825	0.841141	0.144033	
0.009816	0.435667	0.554518	
0.007502	0.488349	0.504149	
0.455576	0.367957	0.176467	
0.002580	0.055411	0.942009	
0.908914	0.084700	0.006386	
0.005207	0.326601	0.668192	
0.010242	0.496736	0.493022	
0.054202	0.432300	0.513497	
0.684273	0.274563	0.041163	
0.009871	0.663169	0.326959	
0.526490	0.386662	0.086847	
0.008657	0.582115	0.409228	
0.009948	0.605618	0.384434	
0.898916	0.089991	0.011093	
0.565252	0.333544	0.101204	
0.020761	0.789829	0.189410	
0.532097	0.311274	0.156630	
0.015185	0.167267	0.817548	
0.007689	0.106195	0.886116	
0.024961	0.257367	0.717672	
0.110764	0.293217	0.596019	
0.004522	0.030064	0.965414	
0.004741	0.616415	0.378844	
0.063639	0.684019	0.252341	
0.005216	0.094764	0.900020	
0.006083	0.545829	0.448088	
0.351346	0.490873	0.157781	
0.653352	0.294850	0.051798	
0.100432	0.742732	0.156836	
0.013294	0.417446	0.569260	
0.790819	0.184818	0.024363	
0.175008	0.473463	0.351528	
0.185707	0.595245	0.219049	
0.024463	0.614045	0.361491	
0.000841	0.032217	0.966942	
0.009625	0.159096	0.831279	
0.019420	0.291212	0.689368	
0.011575	0.783605	0.204820	
0.000074	0.003374	0.996551	
0.230073	0.344779	0.425149	
0.579329	0.324397	0.096274	
0.241147	0.634800	0.124053	
0.010665	0.759321	0.230014	
0.741262	0.224976	0.033763	
0.003005	0.038924	0.958072	
0.057002	0.659627	0.283371	
0.001221	0.034935	0.963844	
0.362720	0.401991	0.235290	
0.033574	0.121582	0.844844	
0.051672	0.323246	0.625083	
0.020156	0.577665	0.402178	
0.007907	0.125201	0.866892	
0.011185	0.095417	0.893399	
0.289397	0.629806	0.080797	
0.368576	0.533371	0.098053	
0.024197	0.743334	0.232469	
0.224961	0.320227	0.454812	
0.014216	0.487679	0.498105	
0.437669	0.479895	0.082435	
0.021792	0.330741	0.647467	
0.000112	0.004527	0.995361	
0.015529	0.793835	0.190637	
0.142979	0.377729	0.479292	
0.001739	0.030638	0.967623	
0.075643	0.739488	0.184869	
0.004281	0.165091	0.830627	
0.017676	0.767158	0.215166	
0.012386	0.347377	0.640237	
0.008821	0.065787	0.925392	
0.005297	0.641009	0.353694	
0.768198	0.211703	0.020099	
0.023229	0.133649	0.843122	
0.054995	0.758396	0.186608	
0.016162	0.406973	0.576865	
0.669264	0.279638	0.051098	
0.010447	0.042391	0.947162	
0.047847	0.774329	0.177824	
0.003897	0.079021	0.917083	
0.016897	0.211684	0.771419	
0.308768	0.454584	0.236648	
0.596309	0.274085	0.129606	
0.014379	0.103049	0.882571	
0.023875	0.059506	0.916619	
0.502285	0.241159	0.256556	
0.449522	0.346223	0.204255	
0.001304	0.014366	0.984330	
0.039939	0.525577	0.434484	
0.009149	0.136487	0.854364	
0.094480	0.548637	0.356883	
0.021520	0.124525	0.853956	
0.856425	0.131399	0.012176	
0.005260	0.570401	0.424339	
0.031363	0.272963	0.695674	
0.009607	0.212128	0.778265	
0.017909	0.390382	0.591708	
0.102727	0.473196	0.424077	
0.008161	0.651185	0.340654	
0.347751	0.403377	0.248872	
0.071655	0.229220	0.699124	
