0.042851	0.315933	0.641216	
0.746314	0.219418	0.034268	
0.793397	0.155268	0.051334	
0.780437	0.197893	0.021670	
0.207392	0.416198	0.376410	
0.207392	0.416198	0.376410	
0.021344	0.102025	0.876631	
0.690707	0.261953	0.047339	
0.439430	0.330127	0.230443	
0.723894	0.235325	0.040781	
0.212688	0.399526	0.387785	
0.043168	0.806832	0.150000	
0.006830	0.106652	0.886517	
0.207392	0.416198	0.376410	
0.012400	0.768022	0.219578	
0.037398	0.181538	0.781065	
0.015074	0.647836	0.337091	
0.571046	0.411262	0.017692	
0.207392	0.416198	0.376410	
0.207392	0.416198	0.376410	
0.000312	0.007924	0.991764	
0.334882	0.444966	0.220153	
0.034084	0.266487	0.699429	
0.715728	0.240730	0.043542	
0.207392	0.416198	0.376410	
0.891859	0.101614	0.006527	
0.007129	0.628974	0.363896	
0.207392	0.416198	0.376410	
0.156094	0.684409	0.159497	
0.101677	0.371366	0.526958	
0.029888	0.297073	0.673038	
0.004689	0.081134	0.914178	
0.006974	0.043246	0.949781	
0.011902	0.104747	0.883351	
0.007945	0.801030	0.191025	
0.008480	0.235682	0.755838	
0.803844	0.176609	0.019547	
0.652734	0.290836	0.056430	
0.207392	0.416198	0.376410	
0.207392	0.416198	0.376410	
0.207392	0.416198	0.376410	
0.240958	0.683071	0.075971	
0.137967	0.696728	0.165306	
0.592490	0.320926	0.086584	
0.008605	0.770165	0.221230	
0.207392	0.416198	0.376410	
0.012196	0.107490	0.880314	
0.087372	0.161730	0.750898	
0.005803	0.532539	0.461658	
0.010800	0.065926	0.923274	
0.207392	0.416198	0.376410	
0.096952	0.796575	0.106473	
0.010380	0.585409	0.404210	
0.009182	0.141498	0.849320	
0.011914	0.794403	0.193683	
0.207392	0.416198	0.376410	
0.207392	0.416198	0.376410	
0.207392	0.416198	0.376410	
0.008290	0.615295	0.376415	
0.324371	0.542539	0.133090	
0.312334	0.580603	0.107063	
0.719120	0.239477	0.041403	
0.006158	0.131388	0.862454	
0.202884	0.184567	0.612549	
0.207392	0.416198	0.376410	
0.040449	0.631021	0.328531	
0.922546	0.073061	0.004394	
0.207392	0.416198	0.376410	
0.158727	0.699298	0.141975	
0.005548	0.087737	0.906715	
0.807308	0.167599	0.025093	
0.250395	0.427534	0.322071	
0.020230	0.401432	0.578338	
0.018861	0.736926	0.244212	
0.207392	0.416198	0.376410	
0.207392	0.416198	0.376410	
0.207392	0.416198	0.376410	
0.003070	0.031703	0.965226	
0.007084	0.789267	0.203649	
0.207392	0.416198	0.376410	
0.028013	0.761302	0.210686	
0.001592	0.016282	0.982126	
0.160314	0.616829	0.222857	
0.073532	0.118672	0.807797	
0.207392	0.416198	0.376410	
0.144705	0.656571	0.198724	
0.012475	0.750610	0.236916	
0.005731	0.107530	0.886739	
0.007262	0.108941	0.883797	
0.418923	0.455658	0.125419	
0.237537	0.637525	0.124938	
0.035281	0.746478	0.218241	
0.126768	0.778108	0.095124	
0.207392	0.416198	0.376410	
0.677408	0.264799	0.057793	
0.006235	0.346401	0.647364	
0.207392	0.416198	0.376410	
0.013207	0.786736	0.200056	
0.005362	0.621257	0.373381	
0.022261	0.108882	0.868857	
0.008113	0.684723	0.307164	
0.017270	0.665453	0.317277	
0.644915	0.301038	0.054047	
0.006584	0.780305	0.213112	
0.135044	0.647617	0.217340	
0.005163	0.687143	0.307694	
0.006257	0.654117	0.339626	
0.224475	0.543778	0.231747	
0.023832	0.702837	0.273331	
0.715359	0.235946	0.048694	
0.011767	0.140151	0.848082	
0.816709	0.162131	0.021160	
0.142625	0.690419	0.166956	
0.305157	0.563699	0.131144	
0.059956	0.604103	0.335941	
0.007048	0.589414	0.403538	
0.224916	0.178737	0.596347	
0.065151	0.742503	0.192345	
0.008943	0.767762	0.223295	
0.033001	0.810308	0.156691	
0.097022	0.699178	0.203801	
0.207392	0.416198	0.376410	
0.606339	0.312453	0.081208	
0.003820	0.071004	0.925176	
0.207392	0.416198	0.376410	
0.207392	0.416198	0.376410	
0.207392	0.416198	0.376410	
0.875818	0.116445	0.007737	
0.008367	0.707120	0.284513	
0.043013	0.533676	0.423310	
0.009558	0.584906	0.405536	
0.019798	0.423641	0.556561	
0.044824	0.486820	0.468356	
0.627197	0.312347	0.060456	
0.055073	0.771620	0.173308	
0.207392	0.416198	0.376410	
0.079967	0.579152	0.340881	
0.337373	0.322723	0.339904	
0.046407	0.701464	0.252129	
0.001202	0.015304	0.983494	
0.007945	0.714794	0.277261	
0.207392	0.416198	0.376410	
0.005961	0.110004	0.884035	
0.090003	0.672109	0.237888	
0.000092	0.003489	0.996419	
0.480266	0.440331	0.079403	
0.010085	0.821251	0.168664	
0.065313	0.730984	0.203703	
0.006698	0.717304	0.275998	
0.007353	0.459305	0.533342	
0.074932	0.742484	0.182584	
0.217939	0.629256	0.152805	
0.207392	0.416198	0.376410	
0.365504	0.224506	0.409990	
0.679560	0.271150	0.049290	
0.022768	0.776797	0.200434	
0.062769	0.766589	0.170642	
0.095434	0.759469	0.145097	
0.012667	0.802606	0.184727	
0.207003	0.650462	0.142535	
0.027311	0.353698	0.618991	
0.003527	0.164800	0.831673	
0.646104	0.282484	0.071412	
0.335649	0.573886	0.090465	
0.669717	0.245577	0.084706	
0.010825	0.536605	0.452570	
0.021946	0.082190	0.895865	
0.271001	0.616498	0.112501	
0.207392	0.416198	0.376410	
0.079013	0.779835	0.141151	
0.006875	0.152207	0.840918	
0.207392	0.416198	0.376410	
0.138707	0.804694	0.056599	
0.397108	0.520926	0.081966	
0.068056	0.380935	0.551009	
0.002389	0.049886	0.947725	
0.049432	0.711411	0.239157	
0.415395	0.404334	0.180271	
0.025788	0.605729	0.368483	
0.629036	0.291701	0.079263	
0.057136	0.764309	0.178555	
0.010921	0.297779	0.691300	
0.023885	0.235098	0.741017	
0.207392	0.416198	0.376410	
0.007663	0.474355	0.517982	
0.094669	0.821368	0.083963	
0.041026	0.458097	0.500877	
0.669483	0.295111	0.035406	
0.695613	0.253454	0.050933	
0.243321	0.459748	0.296930	
0.207392	0.416198	0.376410	
0.001436	0.009909	0.988654	
0.207392	0.416198	0.376410	
0.006456	0.787330	0.206214	
0.002020	0.030966	0.967014	
0.207392	0.416198	0.376410	
0.620034	0.323627	0.056339	
0.858173	0.127070	0.014757	
0.015869	0.213358	0.770772	
0.207392	0.416198	0.376410	
0.027998	0.721990	0.250012	
0.062322	0.685484	0.252195	
0.000711	0.008993	0.990295	
0.092332	0.733053	0.174614	
0.010458	0.591523	0.398019	
0.004253	0.048188	0.947559	
0.007659	0.683113	0.309228	
0.011004	0.441087	0.547909	
0.121248	0.734088	0.144665	
0.595149	0.323104	0.081747	
0.742937	0.222635	0.034428	
0.007144	0.576561	0.416295	
0.004930	0.755923	0.239146	
0.007730	0.650120	0.342150	
0.235882	0.594820	0.169298	
0.207392	0.416198	0.376410	
0.207392	0.416198	0.376410	
0.008063	0.603768	0.388169	
0.009760	0.108887	0.881353	
0.152563	0.326450	0.520987	
0.038217	0.743383	0.218399	
0.207392	0.416198	0.376410	
0.194475	0.563011	0.242514	
0.207392	0.416198	0.376410	
0.284580	0.538880	0.176540	
0.301559	0.538171	0.160269	
0.140764	0.715694	0.143542	
0.009376	0.712658	0.277966	
0.576700	0.370116	0.053184	
0.683097	0.269016	0.047888	
0.688470	0.237454	0.074077	
0.628761	0.334013	0.037227	
0.000699	0.008503	0.990798	
0.772733	0.201250	0.026017	
0.000415	0.010283	0.989302	
0.207392	0.416198	0.376410	
0.077808	0.236960	0.685232	
0.017844	0.184347	0.797809	
0.732944	0.225092	0.041964	
0.523932	0.339209	0.136859	
0.009390	0.450356	0.540254	
0.115470	0.782196	0.102335	
0.207392	0.416198	0.376410	
0.144705	0.656571	0.198724	
0.007530	0.604399	0.388071	
0.450168	0.389565	0.160268	
0.008614	0.770270	0.221116	
0.031623	0.169158	0.799219	
0.207392	0.416198	0.376410	
0.650600	0.304704	0.044696	
0.207392	0.416198	0.376410	
0.027456	0.264328	0.708215	
0.096796	0.722169	0.181035	
0.007597	0.332504	0.659899	
0.841641	0.142041	0.016318	
0.207392	0.416198	0.376410	
0.050810	0.711320	0.237870	
0.015235	0.224094	0.760671	
0.207392	0.416198	0.376410	
0.170702	0.647467	0.181831	
0.008717	0.722365	0.268918	
0.207392	0.416198	0.376410	
0.207392	0.416198	0.376410	
0.006659	0.755639	0.237701	
0.005625	0.053239	0.941136	
0.447211	0.359047	0.193743	
0.017458	0.601304	0.381238	
0.207392	0.416198	0.376410	
0.420876	0.341015	0.238109	
0.207392	0.416198	0.376410	
0.207392	0.416198	0.376410	
0.052360	0.352981	0.594659	
0.020136	0.111530	0.868333	
0.020768	0.077137	0.902095	
0.007894	0.232550	0.759556	
0.008265	0.127973	0.863763	
0.025978	0.756016	0.218007	
0.047926	0.803269	0.148805	
0.006011	0.044104	0.949884	
0.509727	0.372778	0.117495	
0.545544	0.351519	0.102937	
0.034789	0.145219	0.819992	
0.207392	0.416198	0.376410	
0.011288	0.591844	0.396867	
0.013015	0.141463	0.845522	
0.603935	0.304329	0.091735	
0.019256	0.742487	0.238257	
0.127012	0.666205	0.206783	
0.636803	0.296453	0.066744	
0.207392	0.416198	0.376410	
0.038850	0.840420	0.120730	
0.149948	0.696013	0.154039	
0.207392	0.416198	0.376410	
0.012611	0.185018	0.802371	
0.690987	0.255052	0.053961	
0.033616	0.783163	0.183221	
0.292125	0.569128	0.138746	
0.207392	0.416198	0.376410	
0.154382	0.599643	0.245974	
0.617612	0.349121	0.033267	
0.010068	0.103314	0.886618	
0.021530	0.371544	0.606927	
0.080261	0.730707	0.189032	
0.207392	0.416198	0.376410	
0.207392	0.416198	0.376410	
0.169106	0.669101	0.161793	
0.423345	0.404019	0.172636	
0.207392	0.416198	0.376410	
0.034028	0.279123	0.686849	
0.093224	0.308294	0.598483	
0.008774	0.829813	0.161413	
0.007179	0.793786	0.199035	
0.000652	0.010225	0.989123	
0.803195	0.171816	0.024989	
0.850541	0.135407	0.014052	
0.604821	0.329145	0.066033	
0.008555	0.553060	0.438385	
0.008531	0.762356	0.229113	
0.218170	0.145977	0.635853	
0.882917	0.107479	0.009603	
0.000265	0.003487	0.996248	
0.010816	0.040714	0.948470	
0.207392	0.416198	0.376410	
0.677859	0.196142	0.125999	
0.031025	0.785798	0.183178	
0.007016	0.663083	0.329900	
0.207392	0.416198	0.376410	
0.034393	0.793577	0.172030	
0.261468	0.613148	0.125385	
0.607499	0.340637	0.051865	
0.067805	0.209145	0.723050	
0.035234	0.717248	0.247518	
0.144897	0.244757	0.610346	
0.057373	0.751450	0.191177	
0.007494	0.508420	0.484086	
0.207392	0.416198	0.376410	
0.352218	0.499960	0.147822	
0.164204	0.754711	0.081085	
0.633330	0.256992	0.109677	
0.207392	0.416198	0.376410	
0.023560	0.752926	0.223513	
0.651810	0.299307	0.048883	
0.131383	0.715427	0.153190	
0.153413	0.701525	0.145062	
0.284110	0.135854	0.580036	
0.018218	0.422550	0.559232	
0.718004	0.237847	0.044149	
0.207392	0.416198	0.376410	
0.006890	0.680705	0.312405	
0.155947	0.403164	0.440889	
0.067764	0.676531	0.255705	
0.008525	0.274591	0.716884	
0.319010	0.287915	0.393074	
0.842471	0.145366	0.012163	
0.541374	0.351287	0.107339	
0.087798	0.544250	0.367953	
0.016557	0.087623	0.895820	
0.509087	0.208310	0.282603	
0.359239	0.535067	0.105694	
0.124181	0.695063	0.180756	
0.207392	0.416198	0.376410	
0.021837	0.788421	0.189742	
0.070695	0.517108	0.412197	
0.242642	0.687985	0.069373	
0.093914	0.663261	0.242825	
0.206679	0.269222	0.524099	
0.056529	0.069098	0.874373	
0.347777	0.293771	0.358452	
0.018255	0.069570	0.912175	
0.005605	0.728577	0.265818	
0.352930	0.511140	0.135929	
0.032086	0.133107	0.834808	
0.559356	0.379594	0.061050	
0.620245	0.327343	0.052412	
0.177068	0.568135	0.254797	
0.006483	0.066206	0.927311	
0.001663	0.017208	0.981129	
0.439789	0.467095	0.093116	
0.065268	0.205606	0.729126	
0.007310	0.671902	0.320789	
0.006141	0.029045	0.964814	
0.326975	0.562085	0.110939	
0.028095	0.793885	0.178020	
0.023732	0.729362	0.246905	
0.311262	0.419743	0.268995	
0.051898	0.792093	0.156008	
0.007387	0.089687	0.902926	
0.622168	0.304817	0.073015	
0.207392	0.416198	0.376410	
0.207392	0.416198	0.376410	
0.791699	0.174406	0.033895	
0.028481	0.616006	0.355513	
0.566078	0.348925	0.084997	
0.207392	0.416198	0.376410	
0.443350	0.476584	0.080066	
0.088826	0.750832	0.160341	
0.207392	0.416198	0.376410	
0.668849	0.270630	0.060521	
0.012182	0.682849	0.304970	
0.700705	0.251420	0.047876	
0.207392	0.416198	0.376410	
0.024155	0.297355	0.678490	
0.018526	0.205920	0.775555	
0.045686	0.807389	0.146925	
0.207392	0.416198	0.376410	
0.008552	0.514461	0.476987	
0.155283	0.580882	0.263834	
0.018214	0.099560	0.882226	
0.199664	0.678362	0.121975	
0.872821	0.116291	0.010888	
0.034695	0.201671	0.763634	
0.068833	0.510086	0.421081	
0.015250	0.350461	0.634289	
0.561450	0.390650	0.047900	
0.207392	0.416198	0.376410	
0.006337	0.051025	0.942638	
0.071732	0.810021	0.118247	
0.670213	0.265632	0.064155	
0.000371	0.009196	0.990433	
0.079078	0.218700	0.702222	
0.630852	0.291236	0.077913	
0.007184	0.128827	0.863988	
0.036753	0.807507	0.155740	
0.750274	0.212253	0.037472	
0.007695	0.709491	0.282813	
0.427923	0.359420	0.212658	
0.052539	0.214636	0.732825	
0.207392	0.416198	0.376410	
0.395544	0.461479	0.142977	
0.862368	0.128563	0.009068	
0.280900	0.651281	0.067819	
0.031783	0.686773	0.281444	
0.002419	0.020254	0.977327	
0.611692	0.315602	0.072706	
0.207392	0.416198	0.376410	
0.005942	0.053397	0.940660	
0.016038	0.066308	0.917654	
0.007423	0.736937	0.255641	
0.645417	0.295140	0.059444	
0.005261	0.765563	0.229175	
0.640217	0.286803	0.072980	
0.061463	0.771966	0.166570	
0.207392	0.416198	0.376410	
0.401256	0.440542	0.158202	
0.048180	0.655884	0.295936	
0.703256	0.244545	0.052199	
0.450547	0.385867	0.163586	
0.207392	0.416198	0.376410	
0.005999	0.644937	0.349064	
0.019829	0.196617	0.783554	
0.007446	0.103225	0.889328	
0.668227	0.238280	0.093493	
0.008029	0.665432	0.326540	
0.070373	0.187655	0.741973	
0.779419	0.186671	0.033909	
0.005190	0.736189	0.258621	
0.055039	0.538477	0.406485	
0.575431	0.315262	0.109306	
0.011057	0.762024	0.226919	
0.207392	0.416198	0.376410	
0.010272	0.169794	0.819934	
0.025933	0.504504	0.469564	
0.283307	0.540633	0.176060	
0.574681	0.310199	0.115120	
0.207392	0.416198	0.376410	
0.207392	0.416198	0.376410	
0.024807	0.162784	0.812408	
0.001561	0.020593	0.977847	
0.000388	0.008316	0.991296	
0.071076	0.775806	0.153118	
0.059451	0.849474	0.091075	
0.514933	0.416363	0.068704	
0.011010	0.283853	0.705137	
0.007312	0.587491	0.405197	
0.419062	0.528947	0.051990	
0.861243	0.126583	0.012174	
0.207392	0.416198	0.376410	
0.000853	0.010153	0.988993	
0.003163	0.034787	0.962050	
0.114576	0.733661	0.151763	
0.432591	0.452023	0.115386	
0.542497	0.310325	0.147177	
0.005891	0.789616	0.204493	
0.000194	0.002940	0.996866	
0.363365	0.553556	0.083079	
0.697361	0.237194	0.065445	
0.566004	0.383600	0.050396	
0.207392	0.416198	0.376410	
0.075418	0.201493	0.723089	
0.003351	0.067920	0.928729	
0.467188	0.295807	0.237005	
0.037958	0.106807	0.855234	
0.043376	0.704392	0.252233	
0.000331	0.007482	0.992187	
0.207392	0.416198	0.376410	
0.007468	0.563670	0.428862	
0.207392	0.416198	0.376410	
0.010657	0.511095	0.478248	
0.008869	0.450782	0.540349	
0.009689	0.032005	0.958306	
0.380477	0.483930	0.135592	
0.783120	0.185657	0.031224	
0.128151	0.559011	0.312838	
0.207392	0.416198	0.376410	
0.007450	0.705701	0.286849	
0.006065	0.515797	0.478139	
0.108441	0.764681	0.126879	
0.012169	0.201640	0.786191	
0.018686	0.787760	0.193553	
0.197235	0.563040	0.239726	
0.218195	0.661355	0.120450	
0.008255	0.779786	0.211959	
0.000881	0.012957	0.986162	
0.780223	0.177789	0.041988	
0.017644	0.772541	0.209815	
0.295303	0.614601	0.090096	
0.023960	0.677225	0.298815	
0.019286	0.412348	0.568366	
0.676420	0.254650	0.068930	
0.007654	0.702293	0.290053	
0.276461	0.376932	0.346607	
0.032875	0.643141	0.323983	
0.013982	0.773504	0.212514	
0.013727	0.091140	0.895132	
0.207392	0.416198	0.376410	
0.011664	0.158067	0.830269	
0.008312	0.050392	0.941296	
0.002132	0.054018	0.943850	
0.058931	0.580612	0.360457	
0.041294	0.210057	0.748649	
0.006171	0.634315	0.359514	
0.009039	0.132948	0.858013	
0.023212	0.533579	0.443209	
0.007020	0.655392	0.337588	
0.207392	0.416198	0.376410	
0.083463	0.512130	0.404408	
0.502720	0.308848	0.188431	
0.003595	0.181551	0.814854	
0.488623	0.460354	0.051023	
0.330249	0.426436	0.243315	
0.033897	0.777166	0.188937	
0.207392	0.416198	0.376410	
0.461380	0.441259	0.097361	
0.040480	0.551815	0.407705	
0.880885	0.111522	0.007593	
0.207392	0.416198	0.376410	
0.007913	0.049887	0.942200	
0.057504	0.703128	0.239369	
0.632815	0.307468	0.059717	
0.207392	0.416198	0.376410	
0.042447	0.429869	0.527684	
0.065612	0.666205	0.268184	
0.224590	0.568355	0.207055	
0.085676	0.131025	0.783300	
0.145399	0.270664	0.583937	
0.207392	0.416198	0.376410	
0.008166	0.145344	0.846490	
0.054364	0.253305	0.692331	
0.033371	0.167669	0.798960	
0.022975	0.725475	0.251549	
0.027790	0.127963	0.844247	
0.207392	0.416198	0.376410	
0.013132	0.402144	0.584724	
0.122838	0.729670	0.147492	
0.074505	0.819501	0.105994	
0.021141	0.560502	0.418357	
0.594444	0.341650	0.063905	
0.004199	0.034998	0.960803	
0.207392	0.416198	0.376410	
0.353031	0.589009	0.057959	
0.711259	0.248827	0.039914	
0.012587	0.192337	0.795075	
0.133383	0.682852	0.183765	
0.006112	0.733118	0.260770	
0.018356	0.570822	0.410823	
0.006607	0.431221	0.562172	
0.207392	0.416198	0.376410	
0.015454	0.402159	0.582387	
0.312259	0.606081	0.081660	
0.548452	0.388692	0.062856	
0.083601	0.549175	0.367224	
0.765291	0.199335	0.035374	
0.607167	0.310080	0.082754	
0.041769	0.265726	0.692505	
0.025023	0.339248	0.635729	
0.004909	0.113229	0.881862	
0.594007	0.332794	0.073199	
0.744857	0.207238	0.047905	
0.030219	0.796735	0.173047	
0.014695	0.505527	0.479778	
0.001700	0.034692	0.963608	
0.023568	0.721176	0.255256	
0.001913	0.040366	0.957721	
0.129237	0.703019	0.167743	
0.029022	0.109939	0.861038	
0.397902	0.279828	0.322270	
0.072566	0.784044	0.143391	
0.008657	0.145937	0.845406	
0.002173	0.033411	0.964416	
0.043380	0.665642	0.290978	
0.744615	0.227196	0.028189	
0.011895	0.733692	0.254413	
0.013347	0.785895	0.200758	
0.334446	0.288806	0.376748	
0.066445	0.087002	0.846553	
0.041971	0.744829	0.213200	
0.006241	0.609577	0.384182	
0.021725	0.480661	0.497613	
0.523493	0.328236	0.148271	
0.002732	0.036224	0.961044	
0.044412	0.196762	0.758825	
0.000689	0.014533	0.984778	
0.596429	0.361538	0.042033	
0.011103	0.797007	0.191890	
0.012028	0.237519	0.750452	
0.005497	0.539290	0.455213	
0.020892	0.195138	0.783971	
0.755406	0.209659	0.034935	
0.835540	0.146436	0.018024	
0.042084	0.769642	0.188273	
0.047258	0.419854	0.532888	
0.207392	0.416198	0.376410	
0.012923	0.501483	0.485594	
0.006441	0.593316	0.400243	
0.683883	0.278747	0.037370	
0.023072	0.122789	0.854140	
0.053490	0.789755	0.156755	
0.006472	0.089710	0.903817	
0.207392	0.416198	0.376410	
0.047626	0.711015	0.241359	
0.008429	0.635303	0.356268	
0.035244	0.792227	0.172529	
0.006141	0.048540	0.945319	
0.473317	0.320048	0.206635	
0.207392	0.416198	0.376410	
0.015330	0.456776	0.527895	
0.207392	0.416198	0.376410	
0.001838	0.032845	0.965317	
0.000459	0.005738	0.993803	
0.001893	0.028804	0.969302	
0.011293	0.592029	0.396678	
0.659478	0.274139	0.066383	
0.213626	0.570568	0.215806	
0.087114	0.711602	0.201284	
0.428406	0.529981	0.041613	
0.058545	0.756590	0.184866	
0.000504	0.008662	0.990834	
0.002817	0.037849	0.959334	
0.545266	0.334724	0.120010	
0.012500	0.091687	0.895813	
0.012800	0.756747	0.230452	
0.036026	0.075611	0.888363	
0.006925	0.065890	0.927186	
0.207392	0.416198	0.376410	
0.035497	0.738397	0.226106	
0.115876	0.694067	0.190057	
0.023200	0.318404	0.658395	
0.187237	0.212342	0.600421	
0.198445	0.654273	0.147283	
0.008113	0.333337	0.658550	
0.005026	0.550727	0.444247	
0.207392	0.416198	0.376410	
0.207392	0.416198	0.376410	
0.025940	0.519458	0.454601	
0.039836	0.824125	0.136038	
0.354184	0.558582	0.087234	
0.207392	0.416198	0.376410	
0.432649	0.381244	0.186107	
0.207392	0.416198	0.376410	
0.009173	0.113522	0.877304	
0.516900	0.416024	0.067077	
0.055114	0.734657	0.210229	
0.207392	0.416198	0.376410	
0.727879	0.224910	0.047210	
0.061423	0.834867	0.103710	
0.587350	0.349000	0.063650	
0.017641	0.618040	0.364318	
0.006012	0.564716	0.429271	
0.207392	0.416198	0.376410	
0.207392	0.416198	0.376410	
0.207392	0.416198	0.376410	
0.003913	0.059699	0.936389	
0.723271	0.233652	0.043078	
0.329572	0.443816	0.226612	
0.264536	0.677381	0.058083	
0.207392	0.416198	0.376410	
0.520889	0.334285	0.144826	
0.010045	0.745943	0.244012	
0.159978	0.694257	0.145764	
0.006869	0.439014	0.554117	
0.015107	0.732875	0.252018	
0.750897	0.189999	0.059104	
0.044188	0.751674	0.204139	
0.614836	0.280619	0.104545	
0.026796	0.747907	0.225297	
0.059942	0.729190	0.210869	
0.168316	0.749362	0.082322	
0.022918	0.787759	0.189323	
0.002103	0.037043	0.960854	
0.008296	0.059574	0.932130	
0.207392	0.416198	0.376410	
0.085673	0.600180	0.314147	
0.742850	0.213587	0.043563	
0.032756	0.825580	0.141665	
0.207392	0.416198	0.376410	
0.263502	0.346914	0.389584	
0.010197	0.800772	0.189030	
0.000571	0.013480	0.985949	
0.367763	0.392329	0.239908	
0.005610	0.748019	0.246371	
0.207392	0.416198	0.376410	
0.015274	0.101914	0.882813	
0.469840	0.359365	0.170796	
0.007790	0.741835	0.250375	
0.006943	0.087066	0.905991	
0.007740	0.773365	0.218895	
0.045338	0.092835	0.861827	
0.073256	0.359959	0.566785	
0.064354	0.744330	0.191316	
0.464294	0.329914	0.205793	
0.009598	0.138593	0.851809	
0.716859	0.236664	0.046477	
0.851176	0.130672	0.018152	
0.028762	0.334659	0.636579	
0.009120	0.099336	0.891544	
0.049428	0.783876	0.166696	
0.000649	0.005900	0.993451	
0.055830	0.163333	0.780836	
0.620663	0.297542	0.081795	
0.669517	0.268233	0.062249	
0.011171	0.812164	0.176665	
0.653081	0.273444	0.073476	
0.207392	0.416198	0.376410	
0.899558	0.066071	0.034371	
0.015547	0.690310	0.294143	
0.144057	0.390790	0.465154	
0.002795	0.024222	0.972983	
0.512622	0.375998	0.111380	
0.007058	0.707918	0.285023	
0.000078	0.002456	0.997466	
0.117176	0.695128	0.187696	
0.675402	0.256966	0.067633	
0.014362	0.810254	0.175384	
0.008029	0.571775	0.420196	
0.207392	0.416198	0.376410	
0.015648	0.099720	0.884632	
0.596518	0.308938	0.094543	
0.020076	0.783181	0.196743	
0.522963	0.385577	0.091460	
0.148726	0.683938	0.167336	
0.768923	0.190994	0.040083	
0.709031	0.249439	0.041530	
0.056341	0.660036	0.283623	
0.037883	0.527184	0.434933	
0.021934	0.703496	0.274570	
0.135394	0.580558	0.284048	
0.027338	0.688637	0.284025	
0.348354	0.277530	0.374116	
0.100257	0.619903	0.279839	
0.022460	0.430613	0.546927	
0.002350	0.043990	0.953660	
0.079121	0.315217	0.605663	
0.207392	0.416198	0.376410	
0.006265	0.290499	0.703236	
0.674696	0.264898	0.060406	
0.502495	0.333079	0.164426	
0.007599	0.644708	0.347692	
0.207392	0.416198	0.376410	
0.011276	0.070097	0.918627	
0.020664	0.274630	0.704706	
0.207392	0.416198	0.376410	
0.608394	0.337660	0.053945	
0.018809	0.183340	0.797851	
0.207392	0.416198	0.376410	
0.011273	0.804388	0.184338	
0.019548	0.537062	0.443390	
0.647093	0.272841	0.080066	
0.021094	0.597496	0.381410	
0.028176	0.772650	0.199174	
0.529148	0.397012	0.073840	
0.432040	0.396795	0.171165	
0.016181	0.751250	0.232570	
0.557112	0.308007	0.134881	
0.058265	0.095275	0.846460	
0.531981	0.335069	0.132951	
0.207392	0.416198	0.376410	
0.675224	0.266125	0.058651	
0.040130	0.568472	0.391399	
0.207392	0.416198	0.376410	
0.965694	0.033142	0.001164	
0.013354	0.645271	0.341375	
0.007434	0.671528	0.321037	
0.003758	0.044213	0.952030	
0.764934	0.206848	0.028218	
0.207392	0.416198	0.376410	
0.207392	0.416198	0.376410	
0.013509	0.157507	0.828984	
0.139150	0.679564	0.181286	
0.007122	0.591588	0.401290	
0.017659	0.198519	0.783822	
0.207392	0.416198	0.376410	
0.015937	0.582464	0.401599	
0.099240	0.774287	0.126473	
0.011886	0.239306	0.748808	
0.772330	0.205126	0.022544	
0.005948	0.641397	0.352655	
0.007633	0.670214	0.322152	
0.006245	0.767741	0.226014	
0.207392	0.416198	0.376410	
0.006403	0.584633	0.408964	
0.506703	0.220227	0.273070	
0.067390	0.206134	0.726476	
0.005515	0.077881	0.916604	
0.096027	0.753515	0.150458	
0.074662	0.100721	0.824616	
0.207392	0.416198	0.376410	
0.207392	0.416198	0.376410	
0.013919	0.763336	0.222745	
0.058484	0.671414	0.270101	
0.016520	0.309024	0.674455	
0.364432	0.244168	0.391399	
0.000599	0.012779	0.986622	
0.207392	0.416198	0.376410	
0.077550	0.686473	0.235977	
0.207392	0.416198	0.376410	
0.005790	0.675758	0.318452	
0.473984	0.441552	0.084464	
0.207392	0.416198	0.376410	
0.005965	0.643771	0.350263	
0.261736	0.461551	0.276713	
0.207392	0.416198	0.376410	
0.007861	0.153311	0.838828	
0.007465	0.133132	0.859403	
0.009306	0.106516	0.884178	
0.009887	0.266916	0.723197	
0.001485	0.018182	0.980333	
0.207392	0.416198	0.376410	
0.207392	0.416198	0.376410	
0.359713	0.562380	0.077907	
0.277969	0.238580	0.483451	
0.780766	0.191321	0.027913	
0.309516	0.596360	0.094123	
0.207392	0.416198	0.376410	
0.650207	0.287967	0.061825	
0.047976	0.102587	0.849436	
0.207392	0.416198	0.376410	
0.061627	0.101211	0.837162	
0.006417	0.060322	0.933262	
0.694749	0.247953	0.057298	
0.665913	0.276217	0.057869	
0.016635	0.176665	0.806700	
0.007822	0.565989	0.426189	
0.207392	0.416198	0.376410	
0.141431	0.677464	0.181104	
0.001727	0.020852	0.977421	
0.837138	0.153924	0.008938	
0.270415	0.390302	0.339283	
0.009263	0.626356	0.364381	
0.027330	0.834610	0.138060	
0.010091	0.655348	0.334561	
0.090528	0.673185	0.236287	
0.022261	0.676296	0.301443	
0.839604	0.146265	0.014131	
0.052137	0.826016	0.121847	
0.207392	0.416198	0.376410	
0.008178	0.063560	0.928262	
0.162534	0.521018	0.316448	
0.061741	0.702107	0.236152	
0.064843	0.328466	0.606691	
0.006470	0.724911	0.268618	
0.060393	0.651838	0.287769	
0.005772	0.446626	0.547602	
0.062244	0.578547	0.359209	
0.172820	0.315842	0.511337	
0.725786	0.233243	0.040971	
0.037034	0.494508	0.468458	
0.018392	0.686149	0.295459	
0.020600	0.724504	0.254897	
0.227518	0.676202	0.096281	
0.006727	0.499989	0.493283	
0.682982	0.257326	0.059692	
0.298007	0.474294	0.227698	
0.004129	0.063356	0.932515	
0.665849	0.289007	0.045144	
0.006580	0.808270	0.185150	
0.006450	0.584718	0.408832	
0.006882	0.754585	0.238533	
0.207392	0.416198	0.376410	
0.570382	0.336769	0.092849	
0.002479	0.024707	0.972814	
0.022216	0.581957	0.395826	
0.005512	0.455032	0.539456	
0.291277	0.220097	0.488626	
0.812638	0.170021	0.017340	
0.004380	0.076891	0.918729	
0.008835	0.428765	0.562400	
0.397662	0.468949	0.133389	
0.293682	0.526026	0.180292	
0.207392	0.416198	0.376410	
0.012668	0.626368	0.360964	
0.000500	0.009227	0.990273	
0.207392	0.416198	0.376410	
0.019769	0.343031	0.637200	
0.792877	0.183303	0.023820	
0.043839	0.573156	0.383005	
0.001528	0.017633	0.980839	
0.090529	0.590466	0.319005	
0.481285	0.395024	0.123691	
0.028357	0.729678	0.241965	
0.268461	0.689718	0.041822	
0.011557	0.764605	0.223838	
0.000600	0.007139	0.992261	
0.007934	0.234814	0.757252	
0.012178	0.272514	0.715308	
0.207392	0.416198	0.376410	
0.008916	0.306736	0.684348	
0.162678	0.320596	0.516726	
0.008404	0.675119	0.316477	
0.084737	0.392432	0.522832	
0.007321	0.717821	0.274857	
0.207392	0.416198	0.376410	
0.013823	0.814180	0.171997	
0.524091	0.348428	0.127480	
0.349279	0.575893	0.074828	
0.207392	0.416198	0.376410	
0.013871	0.080781	0.905348	
0.070282	0.761993	0.167725	
0.014903	0.818959	0.166139	
0.084388	0.768277	0.147335	
0.004477	0.068748	0.926775	
0.210758	0.146981	0.642261	
0.765112	0.204172	0.030716	
0.407673	0.501689	0.090638	
0.838569	0.143083	0.018348	
0.001988	0.030161	0.967851	
0.207392	0.416198	0.376410	
0.010234	0.761080	0.228687	
0.003911	0.038412	0.957677	
0.006593	0.494765	0.498642	
0.415664	0.481924	0.102413	
0.110519	0.721444	0.168037	
0.325470	0.469154	0.205377	
0.541966	0.318356	0.139678	
0.007832	0.157689	0.834479	
0.011324	0.380821	0.607855	
0.005807	0.790192	0.204001	
0.008281	0.125709	0.866010	
0.537384	0.368635	0.093981	
0.291175	0.617997	0.090827	
0.008112	0.713334	0.278555	
0.072031	0.577642	0.350327	
0.207392	0.416198	0.376410	
0.012479	0.714995	0.272526	
0.013822	0.785904	0.200273	
0.020254	0.814428	0.165318	
0.207392	0.416198	0.376410	
0.207392	0.416198	0.376410	
0.192643	0.673066	0.134291	
0.611412	0.232050	0.156538	
0.278901	0.582629	0.138470	
0.006681	0.050860	0.942459	
0.207392	0.416198	0.376410	
0.036555	0.762669	0.200775	
0.014729	0.396664	0.588607	
0.270341	0.601432	0.128226	
0.207392	0.416198	0.376410	
0.637447	0.319276	0.043276	
0.044203	0.275574	0.680223	
0.015469	0.129509	0.855022	
0.207392	0.416198	0.376410	
0.526988	0.341166	0.131847	
0.361179	0.362491	0.276330	
0.207392	0.416198	0.376410	
0.036949	0.759870	0.203181	
0.768689	0.167745	0.063567	
0.004360	0.765680	0.229960	
0.013285	0.781869	0.204845	
0.181271	0.371974	0.446755	
0.207392	0.416198	0.376410	
0.851236	0.131520	0.017244	
0.006579	0.647349	0.346071	
0.007380	0.474035	0.518585	
0.258213	0.646507	0.095280	
0.014842	0.620089	0.365068	
0.013056	0.126838	0.860107	
0.006141	0.471986	0.521873	
0.519625	0.402289	0.078086	
0.036209	0.663515	0.300275	
0.227778	0.655189	0.117032	
0.000393	0.008372	0.991235	
0.004267	0.028598	0.967135	
0.006101	0.698261	0.295638	
0.171023	0.726298	0.102679	
0.008257	0.651621	0.340121	
0.419242	0.418566	0.162192	
0.003018	0.031579	0.965404	
0.028910	0.646109	0.324981	
0.207392	0.416198	0.376410	
0.062266	0.258174	0.679560	
0.026738	0.837943	0.135319	
0.029785	0.230859	0.739356	
0.430383	0.435875	0.133742	
0.207392	0.416198	0.376410	
0.018392	0.860474	0.121134	
0.006044	0.717043	0.276913	
0.599530	0.305065	0.095405	
0.731909	0.231686	0.036406	
0.503507	0.154902	0.341592	
0.011002	0.395426	0.593572	
0.018082	0.529429	0.452489	
0.019112	0.669147	0.311741	
0.027187	0.788965	0.183848	
0.007407	0.629442	0.363151	
0.889515	0.102480	0.008005	
0.087310	0.765313	0.147376	
0.006053	0.683141	0.310807	
0.021116	0.668695	0.310189	
0.018735	0.089968	0.891297	
0.070687	0.197504	0.731809	
0.691112	0.248029	0.060860	
0.891850	0.097441	0.010709	
0.004292	0.041024	0.954684	
0.207392	0.416198	0.376410	
0.010540	0.150819	0.838642	
0.207392	0.416198	0.376410	
0.007483	0.819395	0.173122	
0.748695	0.213277	0.038028	
0.215835	0.649689	0.134476	
0.003112	0.019118	0.977769	
0.207392	0.416198	0.376410	
0.175581	0.611302	0.213117	
0.032070	0.599257	0.368673	
0.089474	0.731884	0.178643	
0.003902	0.028986	0.967112	
0.030591	0.804445	0.164964	
0.013172	0.766927	0.219901	
0.018269	0.219793	0.761938	
0.309699	0.554095	0.136206	
0.021210	0.793610	0.185180	
0.207392	0.416198	0.376410	
0.036092	0.741642	0.222267	
0.005201	0.046923	0.947876	
0.316707	0.281894	0.401399	
0.207392	0.416198	0.376410	
0.002351	0.029993	0.967656	
0.072887	0.452982	0.474131	
0.007333	0.428173	0.564494	
0.207392	0.416198	0.376410	
0.006577	0.750548	0.242876	
0.327087	0.565497	0.107416	
0.386321	0.486880	0.126798	
0.030079	0.616432	0.353489	
0.004651	0.063604	0.931745	
0.006539	0.698856	0.294606	
0.006130	0.106957	0.886913	
0.005453	0.424042	0.570505	
0.001137	0.027965	0.970898	
0.207392	0.416198	0.376410	
0.040010	0.826249	0.133742	
0.132138	0.735072	0.132790	
0.039427	0.759390	0.201182	
0.185446	0.231472	0.583082	
0.048759	0.073626	0.877616	
0.652715	0.276430	0.070855	
0.006390	0.095202	0.898407	
0.019332	0.752141	0.228528	
0.038622	0.071023	0.890355	
0.009379	0.754155	0.236467	
0.207392	0.416198	0.376410	
0.857205	0.132138	0.010657	
0.010206	0.055811	0.933983	
0.008772	0.771043	0.220185	
0.090314	0.778038	0.131648	
0.001532	0.036612	0.961856	
0.008289	0.689747	0.301963	
0.207392	0.416198	0.376410	
0.024119	0.775528	0.200353	
0.207392	0.416198	0.376410	
0.207392	0.416198	0.376410	
0.653649	0.286895	0.059456	
0.668952	0.268628	0.062420	
0.008559	0.390026	0.601415	
0.423884	0.422077	0.154039	
0.023645	0.093798	0.882557	
0.187016	0.765305	0.047680	
0.006584	0.292364	0.701051	
0.505752	0.412590	0.081658	
0.007697	0.801398	0.190905	
0.006695	0.639171	0.354135	
0.628618	0.258014	0.113368	
0.742479	0.215049	0.042472	
0.026467	0.723394	0.250139	
0.001221	0.011716	0.987063	
0.508520	0.402933	0.088547	
0.532002	0.357349	0.110648	
0.207392	0.416198	0.376410	
0.494998	0.387819	0.117183	
0.174445	0.406209	0.419346	
0.251148	0.682302	0.066550	
0.480136	0.327735	0.192129	
0.207392	0.416198	0.376410	
0.207392	0.416198	0.376410	
0.025347	0.763854	0.210799	
0.207392	0.416198	0.376410	
0.093395	0.744026	0.162579	
0.207392	0.416198	0.376410	
0.006862	0.527404	0.465735	
0.516385	0.349839	0.133776	
0.722152	0.232536	0.045313	
0.345521	0.323009	0.331469	
0.546185	0.314569	0.139246	
0.259619	0.646192	0.094189	
0.019403	0.328694	0.651902	
0.207392	0.416198	0.376410	
0.018562	0.539477	0.441961	
0.007157	0.716945	0.275898	
0.624183	0.307786	0.068031	
0.089737	0.796827	0.113436	
0.010986	0.048847	0.940167	
0.207392	0.416198	0.376410	
0.842853	0.145937	0.011210	
0.024453	0.842620	0.132927	
0.008522	0.253924	0.737553	
0.602239	0.285006	0.112755	
0.012161	0.047992	0.939847	
0.452425	0.447372	0.100203	
0.225736	0.652904	0.121360	
0.699136	0.248135	0.052729	
0.576536	0.321458	0.102005	
0.188863	0.193343	0.617794	
0.638672	0.266205	0.095124	
0.033270	0.805926	0.160804	
0.008547	0.325775	0.665678	
0.027735	0.109448	0.862817	
0.010648	0.691029	0.298323	
0.675845	0.270469	0.053686	
0.161360	0.633224	0.205415	
0.207392	0.416198	0.376410	
0.028895	0.769758	0.201347	
0.005201	0.420319	0.574480	
0.480676	0.342667	0.176657	
0.009808	0.049314	0.940877	
0.003339	0.031276	0.965385	
0.210823	0.641479	0.147698	
0.008129	0.709614	0.282257	
0.052166	0.145888	0.801946	
0.207392	0.416198	0.376410	
0.011407	0.094285	0.894308	
0.037419	0.784267	0.178314	
0.006639	0.636248	0.357113	
0.003719	0.065383	0.930898	
0.017043	0.666105	0.316852	
0.056423	0.127825	0.815752	
0.139438	0.657426	0.203136	
0.002911	0.052477	0.944612	
0.009455	0.600890	0.389654	
0.000097	0.003089	0.996814	
0.085668	0.784544	0.129788	
0.824218	0.149110	0.026671	
0.006392	0.617760	0.375848	
0.002760	0.054158	0.943082	
0.008209	0.087765	0.904025	
0.222036	0.666910	0.111053	
0.005511	0.047369	0.947120	
0.010726	0.741393	0.247881	
0.002290	0.039348	0.958362	
0.207392	0.416198	0.376410	
0.007249	0.666517	0.326234	
0.024700	0.724223	0.251077	
0.128270	0.612235	0.259495	
0.207392	0.416198	0.376410	
0.003180	0.034196	0.962624	
0.007781	0.690584	0.301635	
0.077335	0.493278	0.429387	
0.076704	0.820354	0.102941	
0.635216	0.287546	0.077238	
0.629177	0.286974	0.083849	
0.012823	0.575498	0.411679	
0.710244	0.235371	0.054385	
0.069762	0.665981	0.264257	
0.705328	0.236333	0.058339	
0.059807	0.734105	0.206088	
0.000097	0.002682	0.997221	
0.034864	0.743958	0.221178	
0.281640	0.600858	0.117502	
0.552182	0.388842	0.058976	
0.703138	0.240585	0.056278	
0.427036	0.210103	0.362861	
0.422615	0.308258	0.269127	
0.001372	0.016709	0.981919	
0.203508	0.675666	0.120826	
0.284986	0.603880	0.111134	
0.461201	0.346185	0.192614	
0.207392	0.416198	0.376410	
0.562826	0.340273	0.096901	
0.207392	0.416198	0.376410	
0.006354	0.726133	0.267513	
0.007299	0.602018	0.390683	
0.006108	0.275929	0.717963	
0.207392	0.416198	0.376410	
0.352737	0.206180	0.441083	
0.207392	0.416198	0.376410	
0.574927	0.326527	0.098547	
0.033121	0.151059	0.815820	
0.207392	0.416198	0.376410	
0.062519	0.161069	0.776413	
0.775934	0.200046	0.024020	
0.006004	0.239411	0.754584	
0.207392	0.416198	0.376410	
0.207392	0.416198	0.376410	
0.717011	0.234087	0.048902	
0.012989	0.745863	0.241148	
0.007822	0.511408	0.480770	
0.006092	0.415368	0.578540	
0.050461	0.156574	0.792965	
0.035337	0.815325	0.149338	
0.207392	0.416198	0.376410	
0.599571	0.314652	0.085777	
0.148110	0.449959	0.401931	
0.020526	0.495731	0.483744	
0.145794	0.538902	0.315305	
0.000712	0.010010	0.989278	
0.107933	0.486446	0.405622	
0.036786	0.139689	0.823525	
0.319173	0.260194	0.420633	
0.612892	0.325403	0.061705	
0.167112	0.701549	0.131339	
0.073130	0.193895	0.732975	
0.550591	0.343763	0.105647	
0.088646	0.809142	0.102213	
0.702078	0.238165	0.059758	
0.501988	0.389320	0.108692	
0.062150	0.136361	0.801489	
0.010916	0.048198	0.940886	
0.188847	0.696556	0.114597	
0.047028	0.232871	0.720101	
0.814853	0.154723	0.030424	
0.590675	0.360297	0.049028	
0.366126	0.459698	0.174176	
0.060186	0.097321	0.842493	
0.785438	0.184133	0.030430	
0.129654	0.277756	0.592591	
0.871460	0.121848	0.006692	
0.054657	0.662377	0.282966	
0.456779	0.341875	0.201346	
0.207392	0.416198	0.376410	
0.207392	0.416198	0.376410	
0.791602	0.175678	0.032719	
0.215815	0.633375	0.150810	
0.010306	0.476450	0.513244	
0.016151	0.810176	0.173672	
0.010395	0.166489	0.823116	
0.052008	0.693672	0.254320	
0.003175	0.088349	0.908476	
0.010658	0.804318	0.185024	
0.001283	0.014649	0.984068	
0.207392	0.416198	0.376410	
0.048107	0.202477	0.749416	
0.082627	0.517344	0.400029	
0.002851	0.036102	0.961047	
0.117978	0.605583	0.276439	
0.004063	0.039299	0.956639	
0.003167	0.045479	0.951354	
0.207392	0.416198	0.376410	
0.742171	0.228681	0.029147	
0.207392	0.416198	0.376410	
0.006308	0.170307	0.823385	
0.749014	0.214318	0.036668	
0.036685	0.672726	0.290590	
0.207392	0.416198	0.376410	
0.207392	0.416198	0.376410	
0.000319	0.001743	0.997938	
0.250357	0.578269	0.171374	
0.008534	0.544076	0.447391	
0.026498	0.726508	0.246994	
0.066915	0.721495	0.211589	
0.422001	0.447587	0.130413	
0.746581	0.211623	0.041796	
0.037513	0.204934	0.757553	
0.207392	0.416198	0.376410	
0.004900	0.224596	0.770504	
0.207392	0.416198	0.376410	
0.316094	0.651366	0.032540	
0.020525	0.769484	0.209991	
0.692479	0.256525	0.050996	
0.009441	0.521097	0.469463	
0.689187	0.274009	0.036803	
0.000471	0.011843	0.987686	
0.000426	0.005497	0.994076	
0.077566	0.790882	0.131552	
0.090821	0.744095	0.165084	
0.001343	0.016654	0.982002	
0.437588	0.378556	0.183856	
0.207392	0.416198	0.376410	
0.005329	0.707922	0.286749	
0.207392	0.416198	0.376410	
0.198457	0.593851	0.207691	
0.207392	0.416198	0.376410	
0.011835	0.759688	0.228477	
0.012259	0.809317	0.178424	
0.007406	0.341178	0.651416	
0.207392	0.416198	0.376410	
0.378466	0.488592	0.132942	
0.005440	0.626615	0.367944	
0.460294	0.291804	0.247902	
0.005752	0.579671	0.414576	
0.002851	0.044393	0.952757	
0.005289	0.044434	0.950277	
0.207392	0.416198	0.376410	
0.207392	0.416198	0.376410	
0.037217	0.601096	0.361687	
0.707219	0.255911	0.036870	
0.011427	0.177319	0.811254	
0.019792	0.196148	0.784060	
0.050372	0.784643	0.164984	
0.719843	0.232174	0.047983	
0.207392	0.416198	0.376410	
0.659517	0.264822	0.075661	
0.025050	0.749113	0.225837	
0.007822	0.434943	0.557234	
0.004806	0.471166	0.524028	
0.008556	0.071347	0.920097	
0.255379	0.558237	0.186384	
0.606643	0.347748	0.045609	
0.003523	0.028564	0.967913	
0.008677	0.741593	0.249730	
0.002030	0.022698	0.975272	
0.023083	0.810960	0.165957	
0.005610	0.748019	0.246371	
0.015225	0.188951	0.795824	
0.717578	0.183573	0.098849	
0.207392	0.416198	0.376410	
0.007138	0.061702	0.931161	
0.012944	0.148339	0.838716	
0.087400	0.725610	0.186990	
0.516870	0.405639	0.077491	
0.207392	0.416198	0.376410	
0.008209	0.629597	0.362194	
0.549042	0.374159	0.076799	
0.008831	0.274186	0.716983	
0.376905	0.283152	0.339943	
0.033883	0.417150	0.548967	
0.071320	0.667569	0.261110	
0.207392	0.416198	0.376410	
0.030348	0.753133	0.216519	
0.243486	0.601451	0.155064	
0.006675	0.746093	0.247232	
0.248669	0.618392	0.132939	
0.281173	0.611879	0.106948	
0.551059	0.407921	0.041021	
0.207392	0.416198	0.376410	
0.023408	0.761096	0.215497	
0.014123	0.809528	0.176350	
0.207392	0.416198	0.376410	
0.026481	0.817666	0.155853	
0.207392	0.416198	0.376410	
0.078240	0.759648	0.162111	
0.207392	0.416198	0.376410	
0.000087	0.002390	0.997523	
0.025851	0.086683	0.887466	
0.652422	0.301673	0.045905	
0.011078	0.256803	0.732119	
0.207392	0.416198	0.376410	
0.207392	0.416198	0.376410	
0.758184	0.199760	0.042057	
0.207392	0.416198	0.376410	
0.527369	0.345910	0.126721	
0.042212	0.787110	0.170678	
0.388391	0.531552	0.080057	
0.008416	0.728778	0.262806	
0.773622	0.199936	0.026442	
0.630676	0.298351	0.070972	
0.258429	0.533549	0.208022	
0.001218	0.017231	0.981551	
0.006742	0.575431	0.417827	
0.114843	0.151804	0.733353	
0.154220	0.516927	0.328853	
0.648768	0.295867	0.055365	
0.054390	0.250175	0.695435	
0.207392	0.416198	0.376410	
0.091970	0.482981	0.425048	
0.715075	0.238683	0.046242	
0.452791	0.374249	0.172961	
0.027221	0.093411	0.879368	
0.006759	0.609232	0.384009	
0.035431	0.819547	0.145022	
0.006971	0.723051	0.269978	
0.013933	0.179213	0.806853	
0.008365	0.066277	0.925357	
0.010286	0.671779	0.317935	
0.076320	0.155342	0.768338	
0.032058	0.597133	0.370809	
0.005788	0.059125	0.935087	
0.012317	0.731599	0.256084	
0.207392	0.416198	0.376410	
0.158338	0.650653	0.191009	
0.003741	0.039238	0.957021	
0.284389	0.640303	0.075307	
0.207392	0.416198	0.376410	
0.052615	0.114212	0.833174	
0.622368	0.324702	0.052930	
0.888047	0.103862	0.008091	
0.009359	0.163518	0.827123	
0.045131	0.803558	0.151311	
0.207392	0.416198	0.376410	
0.017862	0.685508	0.296629	
0.012042	0.300539	0.687419	
0.175352	0.366161	0.458487	
0.083046	0.724869	0.192085	
0.009110	0.506239	0.484651	
0.170484	0.744896	0.084619	
0.086755	0.592079	0.321166	
0.014741	0.789150	0.196109	
0.616676	0.305599	0.077725	
0.022474	0.839856	0.137670	
0.024200	0.733724	0.242076	
0.694486	0.272391	0.033123	
0.207392	0.416198	0.376410	
0.336364	0.587636	0.076000	
0.018426	0.565051	0.416523	
0.467048	0.386228	0.146723	
0.009644	0.699571	0.290785	
0.159611	0.109749	0.730641	
0.004742	0.041857	0.953401	
0.949451	0.048607	0.001943	
0.207392	0.416198	0.376410	
0.031432	0.774384	0.194184	
0.010908	0.702795	0.286297	
