0.311680	0.259032	0.429288	
0.671035	0.264582	0.064382	
0.006544	0.693934	0.299523	
0.585485	0.301094	0.113421	
0.541856	0.360699	0.097445	
0.704665	0.240720	0.054615	
0.012292	0.125518	0.862190	
0.798840	0.174728	0.026432	
0.005741	0.137440	0.856819	
0.755588	0.206143	0.038269	
0.311432	0.587097	0.101471	
0.455385	0.459597	0.085018	
0.010462	0.770512	0.219025	
0.279986	0.603565	0.116449	
0.006486	0.665881	0.327633	
0.488451	0.400796	0.110753	
0.668136	0.267522	0.064342	
0.013663	0.712783	0.273554	
0.011361	0.476508	0.512131	
0.900745	0.091654	0.007601	
0.004286	0.042254	0.953460	
0.006404	0.429371	0.564225	
0.008089	0.116795	0.875116	
0.028672	0.696651	0.274677	
0.569817	0.333070	0.097114	
0.793772	0.175679	0.030549	
0.455125	0.422767	0.122108	
0.151658	0.203592	0.644750	
0.224998	0.597726	0.177276	
0.084800	0.758557	0.156643	
0.098501	0.710216	0.191283	
0.936613	0.060165	0.003222	
0.776833	0.185493	0.037674	
0.027868	0.182149	0.789983	
0.002831	0.019619	0.977550	
0.005257	0.623066	0.371677	
0.784084	0.190160	0.025757	
0.419504	0.481189	0.099308	
0.001491	0.023818	0.974691	
0.004644	0.042905	0.952451	
0.830608	0.150419	0.018973	
0.610853	0.307724	0.081423	
0.730614	0.225005	0.044380	
0.034899	0.588115	0.376986	
0.011021	0.082256	0.906723	
0.005386	0.681712	0.312903	
0.008746	0.693410	0.297844	
0.613934	0.326016	0.060050	
0.462625	0.424360	0.113015	
0.677415	0.256247	0.066338	
0.011565	0.679093	0.309343	
0.018973	0.152975	0.828052	
0.037164	0.559793	0.403043	
0.030443	0.304888	0.664669	
0.042939	0.287621	0.669440	
0.754754	0.208129	0.037117	
0.841159	0.137554	0.021286	
0.835176	0.144584	0.020240	
0.308252	0.358144	0.333604	
0.024156	0.200180	0.775664	
0.007781	0.186147	0.806072	
0.819834	0.159549	0.020617	
0.546792	0.336875	0.116333	
0.007753	0.684389	0.307858	
0.040158	0.681710	0.278132	
0.723417	0.221986	0.054596	
0.011312	0.076675	0.912013	
0.000592	0.016298	0.983111	
0.000624	0.013928	0.985448	
0.131390	0.674392	0.194218	
0.006711	0.646030	0.347258	
0.479400	0.393707	0.126893	
0.428283	0.392959	0.178758	
0.483396	0.414749	0.101855	
0.838149	0.147830	0.014021	
0.015387	0.301110	0.683503	
0.000185	0.003799	0.996016	
0.011205	0.648041	0.340754	
0.007677	0.179213	0.813111	
0.583045	0.295611	0.121344	
0.004716	0.055351	0.939933	
0.595589	0.335126	0.069286	
0.850244	0.131952	0.017804	
0.557632	0.312183	0.130185	
0.009492	0.746012	0.244496	
0.008553	0.321615	0.669833	
0.019141	0.732809	0.248050	
0.154429	0.482431	0.363140	
0.472493	0.379622	0.147886	
0.024427	0.672003	0.303570	
0.612895	0.311960	0.075145	
0.017610	0.102773	0.879617	
0.526942	0.352673	0.120385	
0.006655	0.565464	0.427881	
0.087318	0.203946	0.708736	
0.005049	0.598646	0.396305	
0.013339	0.086512	0.900149	
0.347758	0.536754	0.115488	
0.007237	0.465641	0.527122	
0.009338	0.047421	0.943242	
0.008496	0.045612	0.945891	
0.008638	0.076792	0.914569	
0.007460	0.805737	0.186804	
0.011148	0.112636	0.876217	
0.011783	0.400993	0.587224	
0.008664	0.080997	0.910339	
0.008926	0.704563	0.286511	
0.045388	0.722914	0.231699	
0.021650	0.341357	0.636993	
0.063410	0.260841	0.675748	
0.665525	0.278238	0.056237	
0.017509	0.423507	0.558984	
0.511226	0.349427	0.139346	
0.367661	0.373613	0.258726	
0.010846	0.764060	0.225094	
0.060019	0.802618	0.137363	
0.008936	0.202939	0.788125	
0.006080	0.246401	0.747518	
0.542782	0.309612	0.147607	
0.007084	0.690980	0.301936	
0.013373	0.417743	0.568885	
0.277965	0.439590	0.282445	
0.415614	0.333939	0.250447	
0.635771	0.274670	0.089559	
0.008214	0.597206	0.394580	
0.062206	0.788381	0.149413	
0.063723	0.125930	0.810346	
0.003689	0.039611	0.956701	
0.002691	0.044832	0.952477	
0.303615	0.617489	0.078896	
0.008575	0.716443	0.274982	
0.026279	0.541856	0.431865	
0.008779	0.145950	0.845271	
0.001329	0.013699	0.984972	
0.322904	0.494541	0.182555	
0.007081	0.393245	0.599674	
0.008343	0.552798	0.438859	
0.254435	0.316074	0.429492	
0.299850	0.478391	0.221760	
0.091823	0.751258	0.156918	
0.001662	0.014540	0.983799	
0.023541	0.796268	0.180190	
0.134334	0.569539	0.296126	
0.006701	0.469380	0.523920	
0.007028	0.078666	0.914306	
0.016552	0.684855	0.298593	
0.006929	0.309998	0.683073	
0.017336	0.449969	0.532695	
0.013066	0.286382	0.700552	
0.007647	0.373544	0.618809	
0.008586	0.717479	0.273934	
0.010907	0.798693	0.190400	
0.008712	0.437581	0.553707	
0.022071	0.450561	0.527368	
0.475811	0.423943	0.100245	
0.011429	0.330889	0.657682	
0.006423	0.438670	0.554906	
0.022176	0.374062	0.603763	
0.066183	0.665990	0.267827	
0.013618	0.129591	0.856791	
0.007681	0.774900	0.217419	
0.064080	0.193508	0.742412	
0.032295	0.545058	0.422647	
0.007015	0.770099	0.222886	
0.005497	0.511363	0.483140	
0.032187	0.130454	0.837359	
0.751797	0.130005	0.118198	
0.005337	0.053180	0.941483	
0.325136	0.549222	0.125642	
0.013842	0.480331	0.505827	
0.001259	0.016598	0.982143	
0.573491	0.337037	0.089471	
0.089595	0.508943	0.401463	
0.019368	0.661180	0.319452	
0.013661	0.601550	0.384789	
0.006022	0.266856	0.727122	
0.007019	0.750950	0.242031	
0.014920	0.069412	0.915668	
0.031288	0.349870	0.618841	
0.043689	0.321751	0.634560	
0.755725	0.203721	0.040554	
0.637716	0.257370	0.104914	
0.394703	0.435545	0.169752	
0.760844	0.197858	0.041298	
0.004941	0.089772	0.905286	
0.192503	0.196337	0.611159	
0.023453	0.234509	0.742038	
0.204943	0.688809	0.106247	
0.027466	0.776062	0.196472	
0.044349	0.721507	0.234144	
0.255275	0.638838	0.105887	
0.011174	0.346907	0.641919	
0.017933	0.308296	0.673771	
0.004235	0.058752	0.937013	
0.005768	0.736405	0.257827	
0.042224	0.697755	0.260021	
0.627290	0.327968	0.044742	
0.007055	0.088679	0.904267	
0.715059	0.239885	0.045056	
0.030229	0.631564	0.338207	
0.039476	0.775261	0.185262	
0.342292	0.312129	0.345579	
0.001154	0.024012	0.974833	
0.280367	0.541031	0.178602	
0.017858	0.494900	0.487242	
0.012764	0.606305	0.380932	
0.010566	0.721168	0.268266	
0.006236	0.377543	0.616221	
0.033012	0.744313	0.222675	
0.380259	0.372592	0.247149	
0.025206	0.633126	0.341667	
0.024975	0.758233	0.216793	
0.061770	0.578204	0.360026	
0.093764	0.694887	0.211350	
0.215573	0.483684	0.300744	
0.348310	0.520944	0.130746	
0.007538	0.636678	0.355784	
0.060836	0.767146	0.172018	
0.060746	0.182475	0.756778	
0.750066	0.212686	0.037248	
0.001607	0.018895	0.979497	
0.010349	0.492393	0.497259	
0.007535	0.268853	0.723612	
0.494969	0.401220	0.103810	
0.087144	0.724120	0.188736	
0.374448	0.501058	0.124495	
0.099996	0.642803	0.257201	
0.003954	0.158038	0.838008	
0.011512	0.069112	0.919375	
0.006437	0.253346	0.740217	
0.011269	0.129246	0.859485	
0.309099	0.400729	0.290172	
0.006565	0.503317	0.490118	
0.224458	0.631836	0.143706	
0.006373	0.348265	0.645363	
0.094533	0.481423	0.424044	
0.828658	0.149627	0.021715	
0.008114	0.460145	0.531741	
0.011695	0.261102	0.727203	
0.008289	0.504561	0.487149	
0.033883	0.679834	0.286283	
0.666185	0.277265	0.056550	
0.009644	0.319297	0.671059	
0.059557	0.733249	0.207194	
0.138892	0.579666	0.281442	
0.024042	0.485234	0.490723	
0.097328	0.534855	0.367817	
0.611669	0.321465	0.066866	
0.006134	0.177548	0.816318	
0.383967	0.383039	0.232994	
0.047924	0.269511	0.682566	
0.073045	0.353819	0.573137	
0.361172	0.548263	0.090565	
0.014918	0.320795	0.664287	
0.876042	0.113640	0.010318	
0.009874	0.227635	0.762491	
0.521103	0.377338	0.101559	
0.010967	0.174609	0.814424	
0.669455	0.267398	0.063147	
0.743477	0.208525	0.047999	
0.268608	0.339765	0.391627	
0.003667	0.036482	0.959850	
0.009414	0.646925	0.343661	
0.018364	0.808236	0.173399	
0.005775	0.614485	0.379740	
0.572095	0.327854	0.100050	
0.000041	0.000816	0.999143	
0.021293	0.761212	0.217494	
0.113360	0.197249	0.689391	
0.000347	0.004611	0.995043	
0.764819	0.206108	0.029073	
0.136547	0.322035	0.541418	
0.018790	0.340543	0.640667	
0.720024	0.236447	0.043529	
0.003450	0.036390	0.960161	
0.045226	0.681144	0.273630	
0.055347	0.446332	0.498320	
0.466038	0.461135	0.072827	
0.852515	0.126771	0.020713	
0.008699	0.493710	0.497591	
0.528457	0.324425	0.147119	
0.019544	0.094826	0.885630	
0.201990	0.590971	0.207039	
0.240847	0.557293	0.201860	
0.004468	0.048769	0.946763	
0.055685	0.144240	0.800074	
0.001364	0.022927	0.975709	
0.488485	0.268053	0.243462	
0.012300	0.098155	0.889544	
0.596046	0.322055	0.081899	
0.003683	0.080215	0.916102	
0.022700	0.611186	0.366114	
0.011511	0.211368	0.777120	
0.053025	0.755850	0.191125	
0.000588	0.007444	0.991968	
0.866387	0.121219	0.012393	
0.640108	0.286497	0.073395	
0.013902	0.122070	0.864027	
0.561500	0.351103	0.087398	
0.000862	0.009824	0.989314	
0.481339	0.398952	0.119709	
0.007082	0.072626	0.920292	
0.431451	0.285338	0.283211	
0.044837	0.129564	0.825599	
0.137688	0.726284	0.136028	
0.008028	0.680479	0.311492	
0.237317	0.430506	0.332177	
0.507858	0.315055	0.177086	
0.833798	0.143778	0.022424	
0.006503	0.044002	0.949495	
0.161449	0.572827	0.265724	
0.011547	0.510350	0.478102	
0.462856	0.417179	0.119965	
0.330984	0.480691	0.188325	
0.049331	0.190603	0.760066	
0.817199	0.162153	0.020648	
0.027618	0.109377	0.863005	
0.030673	0.598713	0.370614	
0.124349	0.646960	0.228691	
0.114649	0.673375	0.211976	
0.121826	0.593659	0.284515	
0.000303	0.004939	0.994758	
0.635213	0.300822	0.063965	
0.030787	0.404608	0.564605	
0.009795	0.327123	0.663082	
0.555589	0.308106	0.136305	
0.359012	0.543311	0.097677	
0.441854	0.422215	0.135931	
0.469774	0.375218	0.155009	
0.025773	0.487764	0.486463	
0.043823	0.578005	0.378172	
0.013706	0.616856	0.369439	
0.640929	0.270099	0.088972	
0.087582	0.750601	0.161817	
0.003006	0.081836	0.915158	
0.006593	0.380511	0.612896	
0.107450	0.702695	0.189855	
0.008917	0.620344	0.370739	
0.423670	0.488344	0.087986	
0.008855	0.583473	0.407672	
0.003453	0.035607	0.960940	
0.010379	0.150863	0.838757	
0.085054	0.585190	0.329757	
0.003339	0.045556	0.951105	
0.008457	0.697512	0.294031	
0.009032	0.163347	0.827621	
0.025618	0.753829	0.220553	
0.829610	0.153387	0.017003	
0.006726	0.638400	0.354873	
0.041068	0.761157	0.197775	
0.009526	0.714030	0.276444	
0.495937	0.313191	0.190872	
0.565714	0.300361	0.133925	
0.300993	0.586067	0.112940	
0.700649	0.249499	0.049852	
0.325009	0.373685	0.301306	
0.036614	0.623501	0.339886	
0.005798	0.090342	0.903860	
0.010165	0.300961	0.688874	
0.003676	0.034781	0.961543	
0.030229	0.631564	0.338207	
0.446197	0.412592	0.141211	
0.181179	0.414040	0.404781	
0.512365	0.357184	0.130451	
0.077558	0.765955	0.156487	
0.865979	0.122952	0.011069	
0.068429	0.467777	0.463794	
0.022873	0.085572	0.891554	
0.012014	0.366588	0.621397	
0.002657	0.037457	0.959887	
0.011879	0.101478	0.886643	
0.686552	0.260760	0.052688	
0.013553	0.570931	0.415516	
0.147525	0.704793	0.147682	
0.027125	0.204379	0.768495	
0.031735	0.080321	0.887944	
0.613894	0.322967	0.063139	
0.008634	0.198767	0.792600	
0.670972	0.256736	0.072292	
0.298519	0.589623	0.111858	
0.003759	0.129834	0.866407	
0.720476	0.233692	0.045831	
0.009653	0.088939	0.901407	
0.660845	0.280310	0.058846	
0.000773	0.011191	0.988036	
0.195517	0.521248	0.283235	
0.091524	0.811061	0.097416	
0.167516	0.330167	0.502317	
0.748495	0.216245	0.035260	
0.030561	0.752773	0.216667	
0.246676	0.360318	0.393005	
0.636279	0.286639	0.077081	
0.670474	0.273525	0.056001	
0.582330	0.328977	0.088693	
0.311695	0.556288	0.132016	
0.494017	0.384388	0.121595	
0.109062	0.598018	0.292920	
0.408557	0.512879	0.078564	
0.825014	0.156661	0.018325	
0.727691	0.234651	0.037657	
0.822150	0.161664	0.016185	
0.882991	0.109172	0.007837	
0.790896	0.184646	0.024458	
0.707784	0.252901	0.039315	
0.560629	0.358337	0.081034	
0.793060	0.185729	0.021211	
0.016203	0.095079	0.888718	
0.010145	0.496676	0.493179	
0.768769	0.199670	0.031561	
0.153226	0.658151	0.188623	
0.731013	0.227832	0.041155	
0.509809	0.437147	0.053044	
0.742059	0.225592	0.032349	
0.013681	0.783678	0.202640	
0.743430	0.224741	0.031829	
0.654111	0.287750	0.058138	
0.066623	0.718941	0.214437	
0.802890	0.167562	0.029548	
0.287185	0.473997	0.238818	
0.400929	0.412375	0.186696	
0.556188	0.361166	0.082646	
0.694644	0.253991	0.051365	
0.610861	0.307530	0.081609	
0.692827	0.252541	0.054631	
0.644473	0.289248	0.066279	
0.859738	0.128544	0.011718	
0.007161	0.043297	0.949542	
0.512800	0.265279	0.221921	
0.067713	0.230577	0.701709	
0.451087	0.415795	0.133118	
0.521490	0.353052	0.125457	
0.470282	0.409035	0.120683	
0.016252	0.062445	0.921303	
0.038121	0.780823	0.181056	
0.007076	0.075536	0.917387	
0.436077	0.408362	0.155562	
0.021857	0.662486	0.315657	
0.692658	0.267909	0.039432	
0.221358	0.623494	0.155148	
0.653768	0.288710	0.057522	
0.345541	0.532011	0.122448	
0.020525	0.752966	0.226509	
0.672568	0.266229	0.061202	
0.404110	0.470582	0.125308	
0.882436	0.102543	0.015022	
0.295172	0.557447	0.147381	
0.346522	0.537867	0.115610	
0.843184	0.140002	0.016814	
0.598517	0.338767	0.062716	
0.160472	0.673432	0.166096	
0.322528	0.512971	0.164500	
0.327820	0.527288	0.144892	
0.700025	0.246687	0.053288	
0.489254	0.335819	0.174927	
0.022719	0.760271	0.217009	
0.533367	0.340931	0.125702	
0.417520	0.461996	0.120484	
0.038950	0.641567	0.319484	
0.100237	0.783361	0.116401	
0.066033	0.773965	0.160002	
0.814603	0.172890	0.012507	
0.186778	0.720920	0.092302	
0.342476	0.502963	0.154561	
0.673681	0.271786	0.054533	
0.752024	0.221067	0.026908	
0.808419	0.175750	0.015831	
0.930404	0.066069	0.003527	
0.321797	0.605072	0.073131	
0.760073	0.213669	0.026259	
0.830830	0.155365	0.013806	
0.836230	0.153485	0.010285	
0.770930	0.205501	0.023569	
0.050808	0.111395	0.837797	
0.879614	0.113378	0.007008	
0.361849	0.459354	0.178797	
0.381016	0.548575	0.070409	
0.000670	0.008809	0.990522	
0.367387	0.580348	0.052265	
0.549300	0.355741	0.094960	
0.890387	0.101063	0.008550	
0.568761	0.371227	0.060012	
0.040683	0.776239	0.183078	
0.018250	0.782129	0.199621	
0.099424	0.787974	0.112603	
0.048892	0.816703	0.134405	
0.017898	0.735434	0.246667	
0.010932	0.613310	0.375758	
0.197051	0.711178	0.091771	
0.249048	0.644890	0.106062	
0.062536	0.773485	0.163978	
0.278859	0.549902	0.171239	
0.128665	0.626767	0.244568	
0.065691	0.784440	0.149868	
0.364666	0.534423	0.100911	
0.792086	0.183494	0.024419	
0.078085	0.827035	0.094880	
0.014634	0.728477	0.256889	
0.220493	0.682187	0.097320	
0.014271	0.748501	0.237228	
0.539463	0.409645	0.050893	
0.296967	0.599501	0.103532	
0.010558	0.254762	0.734680	
0.056759	0.131060	0.812182	
0.792348	0.188514	0.019138	
0.802345	0.174608	0.023048	
0.290873	0.643005	0.066122	
0.505824	0.414669	0.079508	
0.091736	0.794741	0.113522	
0.794879	0.186561	0.018559	
0.047653	0.709193	0.243154	
0.421980	0.499765	0.078254	
0.859690	0.131975	0.008335	
0.020253	0.781730	0.198017	
0.035989	0.870360	0.093651	
0.171149	0.733292	0.095559	
0.675872	0.268029	0.056098	
0.263926	0.595633	0.140440	
0.207592	0.732616	0.059793	
0.090138	0.785190	0.124672	
0.184879	0.725662	0.089459	
0.131695	0.676542	0.191762	
0.611996	0.275477	0.112527	
0.409946	0.523875	0.066180	
0.696648	0.261927	0.041424	
0.132025	0.723892	0.144083	
0.597535	0.312685	0.089780	
0.174260	0.717046	0.108695	
0.022839	0.674201	0.302961	
0.150630	0.729050	0.120319	
0.055282	0.769635	0.175083	
0.103316	0.722722	0.173962	
0.006930	0.496362	0.496707	
0.027361	0.818768	0.153872	
0.183629	0.337378	0.478993	
0.679148	0.280060	0.040792	
0.007103	0.716543	0.276353	
0.113693	0.759993	0.126314	
0.436921	0.479547	0.083531	
0.413732	0.542613	0.043655	
0.684688	0.256770	0.058542	
0.452990	0.464134	0.082876	
0.143491	0.251116	0.605393	
0.876423	0.114630	0.008947	
0.110581	0.702809	0.186610	
0.524799	0.312344	0.162857	
0.006966	0.677766	0.315269	
0.010575	0.542451	0.446974	
0.468939	0.401623	0.129438	
0.001013	0.016480	0.982507	
0.677027	0.271853	0.051120	
0.346312	0.505135	0.148553	
0.012736	0.816342	0.170922	
0.377118	0.504636	0.118246	
0.000248	0.003203	0.996549	
0.004929	0.152035	0.843035	
0.174110	0.681264	0.144626	
0.025953	0.423236	0.550811	
0.035633	0.762794	0.201573	
0.340332	0.528928	0.130740	
0.016685	0.636299	0.347016	
0.035756	0.718221	0.246023	
0.305690	0.524819	0.169491	
0.212412	0.645234	0.142354	
0.421005	0.400266	0.178729	
0.051293	0.635686	0.313022	
0.034671	0.758400	0.206929	
0.382805	0.517257	0.099938	
0.285393	0.539283	0.175323	
0.023162	0.701385	0.275453	
0.015007	0.243837	0.741155	
0.007523	0.725049	0.267428	
0.007448	0.696985	0.295567	
0.005368	0.644033	0.350599	
0.001031	0.013057	0.985912	
0.006491	0.719713	0.273795	
0.005466	0.180741	0.813794	
0.071564	0.117179	0.811258	
0.009053	0.314825	0.676122	
0.009182	0.355551	0.635267	
0.025246	0.696210	0.278544	
0.005892	0.351112	0.642996	
0.565594	0.337070	0.097336	
0.591013	0.309614	0.099373	
0.008811	0.143963	0.847226	
0.057380	0.770396	0.172224	
0.062461	0.750446	0.187092	
0.005943	0.650092	0.343965	
0.005382	0.496541	0.498077	
0.007638	0.732858	0.259504	
0.007507	0.171196	0.821298	
0.170449	0.409107	0.420444	
0.006356	0.696602	0.297042	
0.008998	0.514798	0.476204	
0.154190	0.720113	0.125697	
0.738091	0.205117	0.056791	
0.051394	0.390029	0.558577	
0.148517	0.269380	0.582103	
0.393273	0.400049	0.206678	
0.012599	0.322626	0.664775	
0.077936	0.669253	0.252811	
0.022233	0.783397	0.194370	
0.321596	0.547916	0.130488	
0.328540	0.513169	0.158291	
0.032199	0.407004	0.560797	
0.007153	0.686751	0.306097	
0.177418	0.596829	0.225753	
0.473624	0.419083	0.107293	
0.098453	0.218543	0.683004	
0.376026	0.414266	0.209708	
0.083846	0.314632	0.601522	
0.038641	0.560730	0.400630	
0.010034	0.351352	0.638614	
0.658385	0.279706	0.061910	
0.370621	0.365161	0.264219	
0.007131	0.686493	0.306376	
0.007285	0.651299	0.341415	
0.012052	0.324364	0.663584	
0.501834	0.371542	0.126624	
0.040963	0.618607	0.340430	
0.026334	0.575888	0.397778	
0.009112	0.688668	0.302221	
0.296142	0.518191	0.185667	
0.295280	0.556758	0.147962	
0.057590	0.729025	0.213385	
0.595852	0.320255	0.083893	
0.012403	0.105693	0.881904	
0.000197	0.007063	0.992739	
0.794203	0.179216	0.026580	
0.306154	0.497822	0.196024	
0.055042	0.725427	0.219531	
0.006503	0.183419	0.810079	
0.006898	0.640936	0.352166	
0.056901	0.727554	0.215544	
0.019422	0.151406	0.829171	
0.047203	0.484209	0.468588	
0.011369	0.455760	0.532871	
0.156651	0.617133	0.226216	
0.009462	0.730789	0.259749	
0.099877	0.541777	0.358346	
0.012160	0.400659	0.587181	
0.041351	0.498060	0.460589	
0.007513	0.599538	0.392949	
0.012117	0.241592	0.746291	
0.299021	0.513966	0.187013	
0.458022	0.433465	0.108513	
0.360732	0.539054	0.100213	
0.328303	0.523671	0.148026	
0.015037	0.642348	0.342615	
0.085797	0.741006	0.173197	
0.008058	0.794058	0.197883	
0.125404	0.235871	0.638724	
0.012576	0.687482	0.299942	
0.034637	0.671914	0.293449	
0.640895	0.304639	0.054466	
0.026429	0.662052	0.311520	
0.018302	0.461526	0.520172	
0.136031	0.695629	0.168340	
0.005154	0.077677	0.917169	
0.009798	0.546452	0.443750	
0.007157	0.608387	0.384456	
0.005373	0.179325	0.815302	
0.355474	0.420408	0.224118	
0.087369	0.731038	0.181593	
0.007127	0.458502	0.534371	
0.007824	0.178209	0.813966	
0.010136	0.468279	0.521585	
0.008165	0.530573	0.461262	
0.017220	0.687141	0.295639	
0.011485	0.649650	0.338865	
0.010312	0.771890	0.217798	
0.066420	0.779745	0.153835	
0.012257	0.443236	0.544507	
0.240070	0.566405	0.193525	
0.009612	0.326195	0.664193	
0.688449	0.254538	0.057014	
0.007707	0.651204	0.341088	
0.006305	0.723542	0.270154	
0.008928	0.513388	0.477684	
0.046875	0.622231	0.330894	
0.036024	0.646489	0.317487	
0.012336	0.569039	0.418625	
0.011641	0.742695	0.245664	
0.006419	0.612150	0.381432	
0.007115	0.747818	0.245067	
0.712104	0.245469	0.042427	
0.055321	0.679522	0.265156	
0.007177	0.492112	0.500711	
0.005913	0.082903	0.911184	
0.012145	0.065630	0.922224	
0.519738	0.347801	0.132461	
0.070054	0.643725	0.286221	
0.041325	0.669771	0.288904	
0.014815	0.190957	0.794228	
0.006632	0.587537	0.405831	
0.012025	0.055325	0.932649	
0.502043	0.377110	0.120847	
0.009879	0.317889	0.672232	
0.022212	0.717182	0.260606	
0.006962	0.578240	0.414798	
0.038074	0.620306	0.341619	
0.055729	0.731602	0.212669	
0.603314	0.286850	0.109837	
0.013098	0.260457	0.726444	
0.008332	0.742215	0.249452	
0.006837	0.387224	0.605939	
0.018492	0.776131	0.205377	
0.055275	0.633805	0.310919	
0.007407	0.731166	0.261428	
0.428275	0.465231	0.106494	
0.014265	0.239351	0.746385	
0.076335	0.681052	0.242613	
0.005840	0.564303	0.429856	
0.292923	0.512163	0.194914	
0.383880	0.516221	0.099900	
0.659859	0.280421	0.059720	
0.015339	0.120288	0.864373	
0.010919	0.279563	0.709518	
0.008674	0.456791	0.534536	
0.008313	0.070695	0.920992	
0.167557	0.648605	0.183838	
0.010032	0.648906	0.341062	
0.009732	0.716906	0.273362	
0.606752	0.316824	0.076424	
0.280318	0.474383	0.245299	
0.023188	0.422387	0.554425	
0.015518	0.325718	0.658764	
0.007268	0.611568	0.381165	
0.252791	0.580214	0.166995	
0.607621	0.339631	0.052748	
0.182269	0.674335	0.143396	
0.251364	0.544479	0.204157	
0.142548	0.663357	0.194095	
0.091301	0.648281	0.260417	
0.491751	0.350021	0.158228	
0.550390	0.341818	0.107791	
0.720645	0.237621	0.041734	
0.006849	0.645429	0.347722	
0.181891	0.680011	0.138098	
0.507307	0.390983	0.101709	
0.431541	0.443109	0.125350	
0.518295	0.416872	0.064833	
0.096198	0.759941	0.143862	
0.431665	0.463328	0.105007	
0.040165	0.776550	0.183285	
0.016177	0.101015	0.882808	
0.009146	0.537378	0.453476	
0.508551	0.335076	0.156374	
0.047344	0.269441	0.683215	
0.010592	0.457874	0.531534	
0.361032	0.535408	0.103560	
0.576448	0.326447	0.097105	
0.110525	0.751311	0.138164	
0.202460	0.423150	0.374391	
0.435862	0.471816	0.092322	
0.342825	0.235903	0.421272	
0.035618	0.266361	0.698022	
0.580817	0.332688	0.086495	
0.572489	0.314654	0.112858	
0.035962	0.132666	0.831372	
0.004506	0.049109	0.946384	
0.041215	0.789302	0.169483	
0.478968	0.362518	0.158514	
0.472445	0.449831	0.077724	
0.587634	0.333555	0.078811	
0.215429	0.590998	0.193572	
0.302720	0.546337	0.150943	
0.223424	0.379623	0.396952	
0.234769	0.403138	0.362093	
0.381840	0.411765	0.206394	
0.406476	0.468217	0.125307	
0.200256	0.577896	0.221848	
0.008575	0.781554	0.209870	
0.307853	0.503664	0.188483	
0.012591	0.702353	0.285056	
0.109698	0.628430	0.261872	
0.126836	0.740353	0.132811	
0.652307	0.297385	0.050308	
0.704459	0.198891	0.096650	
0.074492	0.269652	0.655856	
0.024100	0.735376	0.240524	
0.488033	0.401972	0.109995	
0.163328	0.736325	0.100348	
0.007954	0.745627	0.246419	
0.400023	0.464559	0.135418	
0.007458	0.711190	0.281352	
0.521487	0.389281	0.089232	
0.010574	0.792262	0.197164	
0.005953	0.636596	0.357451	
0.762983	0.199906	0.037111	
0.085677	0.773229	0.141093	
0.032628	0.468386	0.498986	
0.128013	0.740245	0.131742	
0.037753	0.779277	0.182970	
0.427674	0.191751	0.380575	
0.220484	0.652264	0.127252	
0.008515	0.687356	0.304128	
0.301525	0.440866	0.257609	
0.015141	0.833088	0.151772	
0.096093	0.664997	0.238911	
0.003524	0.055004	0.941471	
0.008840	0.711240	0.279920	
0.022996	0.787325	0.189679	
0.077504	0.303589	0.618908	
0.006093	0.704436	0.289472	
0.015463	0.069802	0.914735	
0.009527	0.762307	0.228166	
0.840701	0.143420	0.015880	
0.074147	0.792266	0.133587	
0.005962	0.538149	0.455889	
0.021487	0.790201	0.188312	
0.560703	0.368485	0.070812	
0.022450	0.788257	0.189293	
0.009623	0.540030	0.450347	
0.037265	0.756456	0.206280	
0.051478	0.585844	0.362678	
0.625245	0.286289	0.088466	
0.021028	0.779625	0.199347	
0.527695	0.353037	0.119268	
0.731573	0.225863	0.042564	
0.108975	0.718252	0.172773	
0.018613	0.719308	0.262078	
0.058596	0.791636	0.149768	
0.386671	0.503412	0.109918	
0.075064	0.705168	0.219768	
0.008618	0.677659	0.313723	
0.015468	0.207746	0.776786	
0.102305	0.223313	0.674382	
0.299259	0.504851	0.195890	
0.421336	0.367861	0.210803	
0.007831	0.228944	0.763225	
0.683979	0.256442	0.059578	
0.009417	0.757991	0.232592	
0.023842	0.327896	0.648263	
0.021857	0.772920	0.205223	
0.114331	0.656650	0.229019	
0.027100	0.620511	0.352389	
0.312018	0.567918	0.120063	
0.045917	0.140679	0.813404	
0.001598	0.018743	0.979659	
0.205896	0.542224	0.251881	
0.010645	0.221275	0.768080	
0.569370	0.338860	0.091770	
0.057540	0.792423	0.150037	
0.116510	0.605002	0.278488	
0.008850	0.142631	0.848520	
0.051307	0.103772	0.844921	
0.020549	0.674969	0.304483	
0.024904	0.631361	0.343735	
0.667054	0.266961	0.065985	
0.075357	0.086514	0.838129	
0.074212	0.258487	0.667301	
0.026157	0.634658	0.339185	
0.191239	0.636660	0.172100	
0.539348	0.343774	0.116878	
0.276135	0.494719	0.229146	
0.672412	0.269221	0.058367	
0.686806	0.259868	0.053326	
0.049436	0.564500	0.386064	
0.043232	0.742708	0.214060	
0.203958	0.235785	0.560256	
0.039990	0.679105	0.280905	
0.397862	0.355444	0.246694	
0.715430	0.247870	0.036700	
0.012850	0.528873	0.458277	
0.761552	0.200741	0.037706	
0.402858	0.410899	0.186243	
0.194065	0.628056	0.177879	
0.778620	0.192530	0.028850	
0.003051	0.044911	0.952038	
0.047945	0.709439	0.242616	
0.012831	0.202098	0.785071	
0.006718	0.579502	0.413780	
0.057171	0.716428	0.226402	
0.589680	0.316538	0.093782	
0.684623	0.265382	0.049995	
0.096335	0.313007	0.590657	
0.033997	0.774563	0.191440	
0.017048	0.657729	0.325223	
0.027246	0.703105	0.269649	
0.182902	0.271721	0.545377	
0.055369	0.710795	0.233836	
0.180110	0.654035	0.165855	
0.035235	0.222100	0.742665	
0.008368	0.601280	0.390352	
0.003583	0.038881	0.957535	
0.003934	0.035818	0.960247	
0.779183	0.193269	0.027547	
0.023885	0.215888	0.760227	
0.120339	0.420818	0.458843	
0.546565	0.338055	0.115381	
0.008068	0.554072	0.437860	
0.008462	0.315707	0.675831	
0.006866	0.694602	0.298532	
0.024546	0.700833	0.274622	
0.038680	0.351886	0.609434	
0.584452	0.309637	0.105911	
0.037610	0.679081	0.283309	
0.008219	0.408336	0.583445	
0.360133	0.478711	0.161155	
0.019248	0.100030	0.880722	
0.056107	0.261327	0.682566	
0.127347	0.659001	0.213652	
0.090049	0.710560	0.199390	
0.024770	0.170606	0.804624	
0.490501	0.253730	0.255769	
0.008785	0.327879	0.663335	
0.007484	0.639729	0.352787	
0.695280	0.248357	0.056363	
0.084483	0.686088	0.229429	
0.006503	0.501896	0.491601	
0.136623	0.208414	0.654963	
0.369354	0.467988	0.162658	
0.006924	0.458336	0.534740	
0.004445	0.069259	0.926297	
0.150143	0.717262	0.132595	
0.038167	0.594550	0.367284	
0.423392	0.447581	0.129027	
0.012838	0.814259	0.172903	
0.012458	0.342416	0.645126	
0.573789	0.322879	0.103331	
0.002420	0.027080	0.970500	
0.413137	0.448410	0.138452	
0.021442	0.543853	0.434704	
0.554779	0.362949	0.082271	
0.183558	0.648048	0.168394	
0.835161	0.148378	0.016461	
0.073183	0.665486	0.261331	
0.008056	0.423561	0.568383	
0.021416	0.759079	0.219505	
0.659736	0.297819	0.042445	
0.146611	0.468991	0.384397	
0.457631	0.368798	0.173571	
0.312512	0.436343	0.251146	
0.341174	0.547163	0.111662	
0.006960	0.399792	0.593248	
0.245062	0.194199	0.560738	
0.006246	0.657329	0.336425	
0.001234	0.015835	0.982931	
0.744991	0.216505	0.038503	
0.081398	0.696825	0.221777	
0.007061	0.256621	0.736318	
0.006366	0.052300	0.941333	
0.051993	0.227263	0.720744	
0.611723	0.330784	0.057492	
0.615240	0.294496	0.090264	
0.006686	0.520107	0.473207	
0.122656	0.342116	0.535228	
0.002128	0.021641	0.976231	
0.336230	0.514298	0.149473	
0.245382	0.577696	0.176922	
0.007549	0.140529	0.851922	
0.421137	0.339634	0.239229	
0.302702	0.468633	0.228665	
0.061456	0.099659	0.838885	
0.023969	0.150874	0.825157	
0.586775	0.318588	0.094637	
0.057612	0.681321	0.261067	
0.000168	0.002241	0.997592	
0.690495	0.247530	0.061975	
0.401902	0.453995	0.144104	
0.000180	0.004525	0.995295	
0.007226	0.191061	0.801713	
0.572725	0.176866	0.250409	
0.247018	0.587739	0.165243	
0.026893	0.212678	0.760429	
0.515866	0.317207	0.166927	
0.041761	0.165762	0.792478	
0.609492	0.312067	0.078441	
0.008512	0.093417	0.898071	
0.001537	0.017246	0.981217	
0.013939	0.087241	0.898821	
0.052178	0.736018	0.211804	
0.000884	0.019235	0.979881	
0.004077	0.057201	0.938722	
0.570713	0.332745	0.096541	
0.070260	0.794088	0.135652	
0.840472	0.140453	0.019075	
0.003100	0.047138	0.949762	
0.007240	0.119000	0.873760	
0.006911	0.455123	0.537966	
0.187641	0.653704	0.158654	
0.009435	0.528698	0.461867	
0.000376	0.009608	0.990016	
0.059594	0.224552	0.715854	
0.746374	0.218153	0.035473	
0.156463	0.629888	0.213648	
0.006946	0.468867	0.524187	
0.129998	0.586087	0.283915	
0.393127	0.460931	0.145941	
0.879764	0.110787	0.009448	
0.013987	0.131749	0.854265	
0.081028	0.740924	0.178049	
0.533395	0.324381	0.142225	
0.268990	0.403498	0.327512	
0.061322	0.206428	0.732250	
0.427426	0.454675	0.117898	
0.009241	0.201407	0.789352	
0.499931	0.330226	0.169843	
0.006901	0.549715	0.443384	
0.083640	0.591672	0.324688	
0.548917	0.350525	0.100557	
0.400082	0.497516	0.102402	
0.000888	0.008475	0.990637	
0.065774	0.701933	0.232293	
0.723391	0.237357	0.039252	
0.024639	0.063892	0.911469	
0.297071	0.621643	0.081286	
0.237460	0.354092	0.408449	
0.034672	0.835388	0.129940	
0.414962	0.500981	0.084058	
0.010287	0.769127	0.220586	
0.261215	0.560103	0.178681	
0.617662	0.312949	0.069389	
0.343207	0.584447	0.072346	
0.174135	0.707658	0.118207	
0.405081	0.522467	0.072452	
0.445518	0.467975	0.086507	
0.270185	0.618587	0.111229	
0.007963	0.316403	0.675634	
0.683903	0.287174	0.028923	
0.735672	0.239412	0.024916	
0.665963	0.301214	0.032822	
0.006691	0.063684	0.929625	
0.084042	0.725217	0.190742	
0.577534	0.326426	0.096039	
0.647019	0.318227	0.034754	
0.022626	0.765667	0.211706	
0.552125	0.310745	0.137129	
0.539271	0.402520	0.058209	
0.635615	0.322674	0.041711	
0.256245	0.362003	0.381753	
0.106285	0.799324	0.094391	
0.121339	0.341837	0.536824	
0.201218	0.625062	0.173720	
0.745920	0.220864	0.033216	
0.389255	0.377466	0.233279	
0.457832	0.487539	0.054629	
0.010521	0.251646	0.737833	
0.501640	0.423424	0.074936	
0.836523	0.151326	0.012151	
0.766376	0.214507	0.019117	
0.549791	0.326687	0.123523	
0.009229	0.653211	0.337560	
0.009023	0.785462	0.205515	
0.006646	0.587563	0.405791	
0.265763	0.627232	0.107005	
0.027195	0.807539	0.165266	
0.253206	0.589959	0.156836	
0.006789	0.684085	0.309126	
0.059013	0.786446	0.154541	
0.445722	0.301346	0.252932	
0.089849	0.743985	0.166165	
0.460108	0.332303	0.207589	
0.118324	0.751979	0.129697	
0.017140	0.221269	0.761591	
0.302337	0.647214	0.050449	
0.010373	0.732548	0.257079	
0.244502	0.601214	0.154284	
0.278459	0.408475	0.313066	
0.032663	0.864243	0.103094	
0.000919	0.011967	0.987114	
0.017285	0.771277	0.211437	
0.001829	0.029532	0.968639	
0.016819	0.811691	0.171490	
0.736853	0.220379	0.042768	
0.006789	0.383187	0.610024	
0.022568	0.761156	0.216276	
0.052417	0.779920	0.167663	
0.528735	0.398364	0.072901	
0.533400	0.371095	0.095504	
0.015843	0.531278	0.452879	
0.315904	0.575672	0.108423	
0.052525	0.771655	0.175820	
0.044280	0.775767	0.179953	
0.517445	0.440441	0.042113	
0.471846	0.238800	0.289354	
0.013802	0.798057	0.188141	
0.644891	0.296323	0.058786	
0.216164	0.699609	0.084227	
0.015593	0.145875	0.838532	
0.153772	0.178249	0.667979	
0.001565	0.027796	0.970639	
0.566012	0.375851	0.058137	
0.012952	0.819644	0.167405	
0.416684	0.508166	0.075150	
0.024209	0.151950	0.823841	
0.019250	0.830359	0.150391	
0.680199	0.281121	0.038680	
0.715765	0.234839	0.049396	
0.058696	0.472069	0.469235	
0.600925	0.331065	0.068010	
0.005891	0.382531	0.611578	
0.626936	0.303591	0.069473	
0.329299	0.526493	0.144207	
0.032947	0.805355	0.161698	
0.603988	0.345373	0.050639	
0.004303	0.100258	0.895439	
0.489934	0.357613	0.152453	
0.751736	0.204136	0.044128	
0.001265	0.014184	0.984552	
0.013494	0.686748	0.299758	
0.055051	0.615895	0.329054	
0.773459	0.195375	0.031166	
0.018550	0.433025	0.548425	
0.041754	0.696940	0.261305	
0.024362	0.211430	0.764208	
0.472500	0.328524	0.198977	
0.663760	0.266656	0.069584	
0.276160	0.256289	0.467551	
0.028855	0.778996	0.192149	
0.026510	0.398531	0.574959	
0.038554	0.701650	0.259796	
0.326759	0.534699	0.138542	
0.271589	0.514286	0.214125	
0.699703	0.232984	0.067313	
0.007374	0.285663	0.706962	
0.705132	0.236999	0.057869	
0.027461	0.512726	0.459813	
0.146806	0.703565	0.149628	
0.479819	0.419207	0.100974	
0.286111	0.611558	0.102331	
0.569603	0.331120	0.099278	
0.433675	0.237451	0.328875	
0.003057	0.030672	0.966271	
0.034197	0.671574	0.294229	
0.007346	0.530164	0.462491	
0.004763	0.072949	0.922288	
0.012792	0.479872	0.507336	
0.377873	0.402397	0.219730	
0.008280	0.319827	0.671893	
0.210175	0.539712	0.250113	
0.008013	0.266318	0.725669	
0.013578	0.523071	0.463351	
0.075585	0.503468	0.420947	
0.000944	0.008228	0.990828	
0.779233	0.200536	0.020231	
0.043252	0.236052	0.720696	
0.015578	0.515452	0.468970	
0.750699	0.204043	0.045258	
0.804439	0.168594	0.026967	
0.011528	0.330168	0.658304	
0.037751	0.140404	0.821845	
0.005251	0.604553	0.390196	
0.015369	0.356973	0.627658	
0.004256	0.049052	0.946692	
0.536254	0.380667	0.083079	
0.604460	0.310259	0.085281	
0.005722	0.722411	0.271867	
0.154603	0.661701	0.183695	
0.013912	0.423349	0.562738	
0.157135	0.727458	0.115407	
0.000267	0.005143	0.994590	
0.002140	0.019750	0.978110	
0.301639	0.543143	0.155218	
0.005780	0.123214	0.871006	
0.561660	0.368074	0.070266	
0.012446	0.341074	0.646480	
0.021712	0.754570	0.223719	
0.001547	0.022467	0.975986	
0.021770	0.624466	0.353764	
0.438656	0.372921	0.188423	
0.010968	0.415823	0.573209	
0.017530	0.586942	0.395528	
0.001434	0.013781	0.984785	
0.016437	0.798800	0.184764	
0.013614	0.809443	0.176943	
0.021378	0.821499	0.157123	
0.020831	0.615896	0.363273	
0.027979	0.185006	0.787015	
0.609087	0.322711	0.068202	
0.006858	0.442303	0.550839	
0.015434	0.780194	0.204372	
0.018678	0.807211	0.174112	
0.443204	0.430937	0.125859	
0.579984	0.365487	0.054529	
0.007304	0.562307	0.430389	
0.007596	0.618794	0.373610	
0.008042	0.123484	0.868474	
0.377787	0.522948	0.099265	
0.002675	0.043844	0.953481	
0.911878	0.076525	0.011598	
0.014747	0.326406	0.658847	
0.007218	0.619419	0.373363	
0.377889	0.395899	0.226212	
0.000182	0.004468	0.995350	
0.005696	0.504127	0.490177	
0.768090	0.123645	0.108264	
0.547447	0.205184	0.247369	
0.038113	0.830192	0.131695	
0.008016	0.399615	0.592370	
0.333099	0.412174	0.254727	
0.016775	0.225112	0.758113	
0.006909	0.083212	0.909879	
0.125877	0.618712	0.255412	
0.157932	0.724902	0.117165	
0.026907	0.503063	0.470030	
0.716244	0.233325	0.050431	
0.032267	0.589916	0.377818	
0.009620	0.832544	0.157836	
0.004463	0.042592	0.952945	
0.048165	0.806656	0.145179	
0.346972	0.575299	0.077729	
0.055756	0.857209	0.087035	
0.284751	0.645247	0.070002	
0.009093	0.429149	0.561758	
0.006644	0.528136	0.465220	
0.011313	0.105208	0.883478	
0.071131	0.722274	0.206596	
0.807285	0.170697	0.022018	
0.534970	0.355127	0.109903	
0.276364	0.339737	0.383899	
0.000446	0.009116	0.990438	
0.764274	0.204882	0.030844	
0.014866	0.211338	0.773796	
0.477049	0.358915	0.164036	
0.012341	0.605324	0.382335	
0.172185	0.621687	0.206128	
0.027581	0.705905	0.266514	
0.016643	0.754150	0.229207	
0.557134	0.381679	0.061187	
0.175780	0.747640	0.076581	
0.008367	0.454895	0.536738	
0.630064	0.310387	0.059549	
0.595122	0.343579	0.061299	
0.002797	0.038988	0.958215	
0.549022	0.364571	0.086407	
0.817745	0.171025	0.011230	
0.801047	0.181432	0.017521	
0.721030	0.216048	0.062922	
0.014735	0.764951	0.220314	
0.008933	0.745028	0.246039	
0.000123	0.002247	0.997631	
0.005984	0.584798	0.409218	
0.527926	0.405960	0.066114	
0.190945	0.709889	0.099165	
0.033726	0.153976	0.812299	
0.011752	0.189994	0.798255	
0.039216	0.377310	0.583475	
0.764357	0.199712	0.035931	
0.006693	0.384911	0.608395	
0.020142	0.181213	0.798645	
0.017896	0.773059	0.209044	
0.237650	0.616845	0.145505	
0.009368	0.834854	0.155777	
0.756961	0.218714	0.024325	
0.721606	0.235829	0.042565	
0.006893	0.653921	0.339186	
0.005985	0.335491	0.658524	
0.671371	0.272585	0.056044	
0.703220	0.258983	0.037797	
0.007004	0.755629	0.237367	
0.240245	0.696084	0.063671	
0.053210	0.740229	0.206561	
0.006634	0.027058	0.966308	
0.036474	0.448656	0.514870	
0.487400	0.303834	0.208766	
0.048148	0.203160	0.748691	
0.006146	0.711764	0.282091	
0.006797	0.748349	0.244854	
0.006876	0.719973	0.273151	
0.007604	0.638800	0.353597	
0.006053	0.703653	0.290294	
0.471987	0.458048	0.069965	
0.441621	0.368574	0.189805	
0.065425	0.551448	0.383127	
0.115606	0.765258	0.119137	
0.011779	0.400040	0.588180	
0.529561	0.329571	0.140868	
0.007707	0.660116	0.332177	
0.528418	0.364242	0.107341	
0.741326	0.218818	0.039856	
0.335210	0.374764	0.290026	
0.000146	0.003790	0.996063	
0.006700	0.772029	0.221271	
0.237519	0.654551	0.107931	
0.052270	0.066081	0.881648	
0.006981	0.060180	0.932838	
0.528062	0.288195	0.183744	
0.000193	0.006485	0.993322	
0.001746	0.013750	0.984504	
0.001282	0.011556	0.987163	
0.015657	0.434644	0.549699	
0.010182	0.112920	0.876898	
0.007561	0.477548	0.514891	
0.000111	0.003452	0.996437	
0.000893	0.011995	0.987112	
0.006906	0.454231	0.538863	
0.007055	0.365180	0.627765	
0.627729	0.276298	0.095973	
0.000241	0.004483	0.995276	
0.049005	0.354815	0.596180	
0.000577	0.008944	0.990479	
0.097169	0.560150	0.342681	
0.100692	0.554492	0.344816	
0.029588	0.186870	0.783542	
0.733368	0.208746	0.057886	
0.032565	0.262851	0.704584	
0.000110	0.002953	0.996937	
0.142620	0.495110	0.362270	
0.643671	0.274456	0.081873	
0.009255	0.523091	0.467654	
0.080004	0.458506	0.461489	
0.007384	0.179984	0.812632	
0.007407	0.571298	0.421295	
0.018152	0.161272	0.820576	
0.530961	0.338374	0.130665	
0.006470	0.112424	0.881106	
0.029160	0.137714	0.833125	
0.187488	0.282851	0.529661	
0.007228	0.586486	0.406287	
0.019813	0.207282	0.772905	
0.017139	0.653785	0.329076	
0.032375	0.670584	0.297041	
0.011416	0.527561	0.461023	
0.006445	0.065689	0.927865	
0.022077	0.264507	0.713417	
0.235934	0.518440	0.245626	
0.005464	0.082599	0.911937	
0.005328	0.673828	0.320844	
0.111334	0.285789	0.602877	
0.018849	0.441813	0.539338	
0.038226	0.249761	0.712014	
0.400536	0.388949	0.210515	
0.009109	0.698259	0.292632	
0.482838	0.355916	0.161246	
0.000394	0.008210	0.991396	
0.007905	0.245897	0.746197	
0.282549	0.546843	0.170608	
0.392838	0.345150	0.262012	
0.079019	0.214551	0.706430	
0.022359	0.194901	0.782740	
0.637971	0.289136	0.072894	
0.540493	0.334571	0.124936	
0.359261	0.334070	0.306669	
0.014636	0.245354	0.740009	
0.658057	0.286514	0.055429	
0.013101	0.419981	0.566918	
0.007483	0.166691	0.825826	
0.006781	0.149225	0.843994	
0.006658	0.691290	0.302052	
0.014684	0.599364	0.385952	
0.787026	0.179450	0.033524	
0.042809	0.621484	0.335706	
0.071255	0.656941	0.271803	
0.590872	0.314858	0.094270	
0.044613	0.273262	0.682125	
0.057131	0.316319	0.626550	
0.583926	0.335475	0.080599	
0.604734	0.297695	0.097571	
0.685958	0.252582	0.061460	
0.014628	0.722018	0.263353	
0.007791	0.209375	0.782834	
0.006103	0.645727	0.348170	
0.583680	0.304711	0.111609	
0.109270	0.474224	0.416506	
0.054087	0.557209	0.388703	
0.007643	0.608120	0.384237	
0.752153	0.206397	0.041450	
0.002651	0.127619	0.869730	
0.003726	0.040214	0.956060	
0.017119	0.415279	0.567603	
0.000498	0.008823	0.990679	
0.006514	0.540073	0.453413	
0.003952	0.055388	0.940660	
0.003441	0.037787	0.958772	
0.568580	0.312748	0.118672	
0.011781	0.106352	0.881867	
0.022386	0.171905	0.805708	
0.572445	0.325513	0.102043	
0.007730	0.097955	0.894315	
0.031815	0.258174	0.710011	
0.059249	0.415928	0.524823	
0.389604	0.324954	0.285443	
0.050963	0.176891	0.772147	
0.012859	0.236393	0.750748	
0.011210	0.667063	0.321727	
0.016463	0.182977	0.800560	
0.618961	0.298284	0.082755	
0.644002	0.286036	0.069962	
0.006630	0.629188	0.364182	
0.007212	0.115645	0.877143	
0.006706	0.634547	0.358747	
0.006564	0.429866	0.563570	
0.047099	0.156475	0.796426	
0.003579	0.060373	0.936048	
0.061210	0.421634	0.517156	
0.006232	0.408930	0.584838	
0.018965	0.603368	0.377668	
0.195514	0.301004	0.503482	
0.588215	0.292985	0.118800	
0.023833	0.182799	0.793368	
0.010934	0.785355	0.203712	
0.009125	0.117799	0.873076	
0.006362	0.628282	0.365355	
0.020623	0.159973	0.819405	
0.004622	0.078715	0.916663	
0.598519	0.285464	0.116017	
0.007096	0.334849	0.658055	
0.149747	0.145145	0.705108	
0.005147	0.072914	0.921939	
0.185127	0.328084	0.486789	
0.016033	0.080255	0.903713	
0.005643	0.037004	0.957353	
0.006211	0.475556	0.518232	
0.000163	0.002731	0.997106	
0.561714	0.341601	0.096684	
0.002173	0.040575	0.957252	
0.003995	0.087433	0.908572	
0.014982	0.136351	0.848667	
0.010334	0.580504	0.409163	
0.003511	0.022074	0.974415	
0.008071	0.508769	0.483161	
0.460308	0.433367	0.106325	
0.062456	0.625201	0.312343	
0.003494	0.049156	0.947351	
0.029268	0.554444	0.416288	
0.014806	0.113975	0.871219	
0.270658	0.299095	0.430247	
0.016594	0.147988	0.835418	
0.417237	0.410796	0.171967	
0.013021	0.232704	0.754275	
0.003328	0.044484	0.952188	
0.223834	0.398623	0.377543	
0.005938	0.344080	0.649982	
0.031895	0.143049	0.825056	
0.001246	0.019568	0.979186	
0.004802	0.023166	0.972033	
0.322065	0.358939	0.318996	
