0.228488	0.602072	0.169440	
0.209213	0.419838	0.370949	
0.141110	0.288877	0.570013	
0.006336	0.692373	0.301291	
0.012337	0.824901	0.162762	
0.012931	0.587131	0.399938	
0.133855	0.640783	0.225362	
0.345701	0.325856	0.328443	
0.055609	0.724660	0.219731	
0.772666	0.193419	0.033914	
0.224433	0.412982	0.362585	
0.006818	0.574034	0.419148	
0.025058	0.728344	0.246598	
0.037525	0.133601	0.828873	
0.182777	0.693246	0.123977	
0.253869	0.320955	0.425177	
0.004099	0.593395	0.402507	
0.006359	0.533022	0.460619	
0.157130	0.442051	0.400819	
0.168874	0.624597	0.206528	
0.051529	0.732964	0.215506	
0.667915	0.222249	0.109837	
0.505213	0.343063	0.151724	
0.001211	0.050400	0.948390	
0.174702	0.336242	0.489056	
0.004931	0.641190	0.353880	
0.009195	0.617495	0.373310	
0.020368	0.835149	0.144483	
0.293939	0.559638	0.146423	
0.431054	0.458071	0.110875	
0.009973	0.041303	0.948724	
0.844950	0.128699	0.026350	
0.645112	0.313161	0.041728	
0.025225	0.125121	0.849654	
0.020419	0.503426	0.476155	
0.627481	0.284352	0.088167	
0.129134	0.683937	0.186930	
0.007324	0.749089	0.243586	
0.418935	0.417090	0.163975	
0.112924	0.597435	0.289641	
0.041728	0.708069	0.250203	
0.372231	0.473389	0.154381	
0.008368	0.733969	0.257663	
0.012406	0.763159	0.224435	
0.636074	0.295192	0.068735	
0.793168	0.183174	0.023658	
0.573222	0.224002	0.202776	
0.261371	0.642890	0.095739	
0.632555	0.336396	0.031048	
0.425904	0.512096	0.061999	
0.767738	0.189079	0.043183	
0.016167	0.514169	0.469664	
0.154288	0.343563	0.502149	
0.009481	0.213093	0.777426	
0.154452	0.634953	0.210594	
0.023381	0.745354	0.231265	
0.054009	0.490605	0.455386	
0.321844	0.442105	0.236052	
0.297392	0.376780	0.325827	
0.778942	0.180265	0.040792	
0.155557	0.184195	0.660248	
0.134716	0.732443	0.132841	
0.001311	0.010585	0.988104	
0.017966	0.726110	0.255923	
0.017300	0.537801	0.444898	
0.005072	0.737388	0.257539	
0.470725	0.391108	0.138167	
0.028602	0.691297	0.280101	
0.080744	0.574394	0.344862	
0.651773	0.270016	0.078211	
0.021536	0.784951	0.193513	
0.020714	0.723839	0.255447	
0.025740	0.635249	0.339011	
0.721036	0.256524	0.022440	
0.604329	0.302038	0.093633	
0.005110	0.516396	0.478494	
0.060172	0.667739	0.272089	
0.211396	0.417924	0.370681	
0.003133	0.481899	0.514968	
0.010594	0.719483	0.269924	
0.101588	0.253688	0.644724	
0.147257	0.442154	0.410589	
0.603815	0.344523	0.051662	
0.003303	0.646873	0.349824	
0.214689	0.579733	0.205577	
0.014131	0.578154	0.407715	
0.119291	0.254592	0.626117	
0.459657	0.420013	0.120330	
0.365067	0.453078	0.181855	
0.019457	0.170708	0.809835	
0.026118	0.690454	0.283427	
0.001389	0.198422	0.800189	
0.147929	0.634443	0.217628	
0.466734	0.393499	0.139768	
0.034739	0.276699	0.688562	
0.006749	0.464170	0.529081	
0.363879	0.400884	0.235237	
0.014460	0.111367	0.874173	
0.036290	0.394195	0.569514	
0.514180	0.379060	0.106760	
0.654561	0.254851	0.090588	
0.018460	0.383285	0.598256	
0.017798	0.228576	0.753626	
0.005716	0.676587	0.317698	
0.397494	0.402180	0.200327	
0.004928	0.509969	0.485103	
0.568914	0.309304	0.121783	
0.002175	0.529605	0.468220	
0.085889	0.309248	0.604862	
0.022435	0.733007	0.244557	
0.362815	0.449542	0.187643	
0.946522	0.048979	0.004499	
0.004261	0.312922	0.682818	
0.008303	0.071171	0.920526	
0.038819	0.604248	0.356933	
0.064295	0.767484	0.168221	
0.019771	0.540519	0.439711	
0.011970	0.316275	0.671755	
0.139201	0.211827	0.648972	
0.041784	0.548572	0.409645	
0.125724	0.388721	0.485555	
0.044067	0.582167	0.373766	
0.133129	0.633216	0.233655	
0.031780	0.361132	0.607088	
0.022034	0.049375	0.928591	
0.125252	0.665711	0.209036	
0.823401	0.158894	0.017705	
0.565707	0.299630	0.134663	
0.005281	0.605637	0.389081	
0.006364	0.027186	0.966450	
0.006227	0.072839	0.920934	
0.014916	0.749659	0.235425	
0.009760	0.647517	0.342723	
0.013926	0.594118	0.391957	
0.016080	0.316720	0.667200	
0.116165	0.334645	0.549191	
0.030675	0.680775	0.288551	
0.002271	0.130475	0.867253	
0.005345	0.075453	0.919202	
0.611441	0.289582	0.098977	
0.012663	0.709776	0.277562	
0.007287	0.290566	0.702147	
0.260088	0.372302	0.367610	
0.006705	0.281113	0.712182	
0.172984	0.473826	0.353190	
0.027164	0.623272	0.349565	
0.016751	0.654563	0.328686	
0.479827	0.391594	0.128580	
0.268308	0.424774	0.306918	
0.842081	0.139883	0.018036	
0.005675	0.272676	0.721648	
0.064744	0.488026	0.447229	
0.005604	0.736949	0.257447	
0.014298	0.706757	0.278945	
0.012397	0.726576	0.261027	
0.563663	0.238420	0.197917	
0.006235	0.549407	0.444358	
0.098936	0.466201	0.434863	
0.025139	0.267812	0.707049	
0.002965	0.062469	0.934565	
0.373131	0.370329	0.256539	
0.011961	0.321752	0.666287	
0.021662	0.741601	0.236737	
0.386211	0.379141	0.234649	
0.009118	0.689174	0.301708	
0.488987	0.317410	0.193603	
0.002388	0.041457	0.956155	
0.007625	0.039026	0.953348	
0.622173	0.316620	0.061207	
0.019526	0.369264	0.611210	
0.059336	0.350697	0.589967	
0.053592	0.735006	0.211402	
0.031423	0.230920	0.737657	
0.499400	0.306373	0.194227	
0.018011	0.509674	0.472316	
0.204011	0.577822	0.218167	
0.005866	0.462261	0.531873	
0.080447	0.471519	0.448034	
0.042017	0.726178	0.231805	
0.006798	0.402555	0.590646	
0.000162	0.003994	0.995844	
0.006941	0.538687	0.454372	
0.048798	0.415731	0.535471	
0.073561	0.634889	0.291550	
0.605366	0.281893	0.112741	
0.193868	0.596392	0.209740	
0.012736	0.822913	0.164351	
0.038168	0.396200	0.565632	
0.008434	0.590942	0.400624	
0.013547	0.400485	0.585968	
0.599565	0.357148	0.043287	
0.011145	0.755104	0.233751	
0.822658	0.165330	0.012012	
0.383686	0.377850	0.238464	
0.194109	0.335247	0.470645	
0.238964	0.568051	0.192985	
0.050076	0.620615	0.329309	
0.061192	0.487644	0.451164	
0.336280	0.572203	0.091517	
0.071193	0.684176	0.244631	
0.046690	0.749666	0.203644	
0.027731	0.685035	0.287234	
0.049964	0.541576	0.408460	
0.028297	0.263307	0.708397	
0.013135	0.072748	0.914117	
0.079915	0.427729	0.492356	
0.009531	0.079478	0.910991	
0.159709	0.597156	0.243135	
0.571742	0.236610	0.191648	
0.644407	0.232048	0.123545	
0.019038	0.725536	0.255427	
0.058347	0.126759	0.814894	
0.041451	0.575431	0.383118	
0.004010	0.096954	0.899036	
0.009082	0.330307	0.660611	
0.042466	0.327065	0.630469	
0.023714	0.494375	0.481911	
0.248920	0.497461	0.253620	
0.299479	0.608718	0.091803	
0.061689	0.715712	0.222599	
0.423997	0.368678	0.207325	
0.014555	0.043749	0.941695	
0.005149	0.034245	0.960606	
0.426535	0.499875	0.073590	
0.103766	0.369455	0.526778	
0.004845	0.050551	0.944604	
0.049168	0.699484	0.251349	
0.150228	0.252056	0.597716	
0.461330	0.461189	0.077481	
0.279678	0.526755	0.193567	
0.011402	0.746447	0.242150	
0.013402	0.677295	0.309303	
0.014278	0.801384	0.184338	
0.264196	0.658090	0.077714	
0.336064	0.429519	0.234418	
0.838898	0.144373	0.016728	
0.024224	0.793179	0.182597	
0.378756	0.495358	0.125886	
0.091352	0.687778	0.220871	
0.044378	0.733764	0.221859	
0.064285	0.207702	0.728013	
0.010555	0.707736	0.281709	
0.017233	0.741946	0.240821	
0.006563	0.054801	0.938636	
0.016958	0.674721	0.308321	
0.022305	0.645141	0.332554	
0.234706	0.364794	0.400499	
0.048336	0.731084	0.220580	
0.486041	0.453344	0.060615	
0.953597	0.043435	0.002968	
0.196028	0.510826	0.293146	
0.009449	0.701425	0.289126	
0.365792	0.371649	0.262560	
0.386807	0.392134	0.221059	
0.004133	0.047691	0.948176	
0.374878	0.348443	0.276679	
0.480770	0.421050	0.098180	
0.109610	0.457246	0.433145	
0.354564	0.489023	0.156413	
0.032033	0.453665	0.514302	
0.279644	0.677270	0.043086	
0.004997	0.093962	0.901041	
0.291241	0.610055	0.098704	
0.068090	0.689805	0.242106	
0.015223	0.160271	0.824506	
0.123911	0.433322	0.442767	
0.086195	0.754605	0.159200	
0.024626	0.497612	0.477763	
0.016762	0.061380	0.921858	
0.197792	0.601844	0.200363	
0.042601	0.618338	0.339062	
0.140311	0.154705	0.704983	
0.138211	0.577962	0.283828	
0.276031	0.542145	0.181824	
0.159755	0.628991	0.211254	
0.013795	0.191746	0.794459	
0.038554	0.241739	0.719707	
0.088786	0.367667	0.543547	
0.840619	0.132499	0.026882	
0.334673	0.528250	0.137077	
0.195515	0.394374	0.410111	
0.073040	0.754169	0.172791	
0.927609	0.067418	0.004973	
0.026980	0.194930	0.778091	
0.375606	0.515254	0.109140	
0.708812	0.145668	0.145519	
0.068062	0.285339	0.646600	
0.380376	0.410727	0.208897	
0.815705	0.156267	0.028029	
0.014176	0.565378	0.420446	
0.280387	0.563891	0.155722	
0.573183	0.375520	0.051297	
0.572127	0.362480	0.065393	
0.000732	0.019800	0.979468	
0.239484	0.465826	0.294691	
0.033698	0.640894	0.325407	
0.257266	0.266089	0.476644	
0.490178	0.392133	0.117689	
0.339005	0.493572	0.167424	
0.045236	0.720632	0.234133	
0.338730	0.524885	0.136385	
0.884607	0.104678	0.010715	
0.164376	0.666017	0.169607	
0.171583	0.195330	0.633087	
0.023328	0.081683	0.894989	
0.108610	0.608155	0.283235	
0.747576	0.193798	0.058626	
0.669296	0.258131	0.072573	
0.015678	0.437905	0.546417	
0.852758	0.122712	0.024529	
0.944673	0.051239	0.004088	
0.644997	0.289294	0.065709	
0.915227	0.077946	0.006827	
0.960953	0.036807	0.002240	
0.165317	0.301165	0.533518	
0.614497	0.318550	0.066953	
0.034596	0.634302	0.331102	
0.804326	0.169568	0.026106	
0.157800	0.449182	0.393018	
0.553463	0.361348	0.085189	
0.077404	0.764013	0.158582	
0.055454	0.715522	0.229023	
0.039023	0.773076	0.187901	
0.519239	0.274965	0.205796	
0.898570	0.092277	0.009153	
0.291187	0.540178	0.168635	
0.794582	0.186008	0.019411	
0.767892	0.209566	0.022542	
0.356059	0.430420	0.213521	
0.738049	0.257005	0.004946	
0.801102	0.169410	0.029488	
0.534921	0.390417	0.074662	
0.866408	0.127897	0.005695	
0.550616	0.352520	0.096864	
0.014849	0.368644	0.616507	
0.875695	0.115872	0.008433	
0.181912	0.599762	0.218326	
0.093511	0.604133	0.302356	
0.807602	0.172671	0.019727	
0.186614	0.511113	0.302272	
0.127418	0.222280	0.650303	
0.015927	0.273659	0.710414	
0.440606	0.467089	0.092306	
0.273539	0.532232	0.194229	
0.430133	0.410088	0.159780	
0.003494	0.596784	0.399722	
0.038032	0.730890	0.231078	
0.753419	0.220969	0.025612	
0.268275	0.290565	0.441160	
0.324305	0.585123	0.090573	
0.340608	0.500519	0.158873	
0.742202	0.245119	0.012679	
0.350864	0.553907	0.095229	
0.510343	0.402651	0.087006	
0.000714	0.030043	0.969244	
0.237894	0.494637	0.267469	
0.430107	0.485436	0.084457	
0.269287	0.241705	0.489009	
0.297648	0.402647	0.299705	
0.148192	0.661839	0.189969	
0.088725	0.195872	0.715403	
0.122692	0.661255	0.216053	
0.014541	0.561984	0.423475	
0.037495	0.582058	0.380447	
0.006881	0.196183	0.796936	
0.187791	0.539065	0.273144	
0.023610	0.546478	0.429912	
0.154103	0.617673	0.228225	
0.010559	0.254142	0.735298	
0.338940	0.543385	0.117675	
0.228526	0.375239	0.396235	
0.005021	0.444183	0.550796	
0.003001	0.061109	0.935890	
0.779475	0.177208	0.043317	
0.008565	0.289786	0.701649	
0.012239	0.111922	0.875840	
0.017662	0.137959	0.844379	
0.186295	0.434602	0.379104	
0.151822	0.426316	0.421862	
0.242000	0.366659	0.391341	
0.460680	0.381380	0.157940	
0.010807	0.598091	0.391101	
0.001909	0.103698	0.894393	
0.000127	0.002889	0.996984	
0.015345	0.216142	0.768513	
0.022590	0.669914	0.307496	
0.024777	0.582727	0.392497	
0.260034	0.300094	0.439872	
0.092972	0.433756	0.473272	
0.003310	0.211601	0.785089	
0.021462	0.576180	0.402359	
0.965805	0.031381	0.002814	
0.529458	0.335079	0.135462	
0.035950	0.684890	0.279160	
0.104359	0.541579	0.354061	
0.857083	0.117718	0.025200	
0.723237	0.207252	0.069511	
0.424241	0.475630	0.100128	
0.021549	0.538768	0.439682	
0.011984	0.056424	0.931592	
0.130110	0.581291	0.288599	
0.006896	0.329890	0.663214	
0.039093	0.323016	0.637892	
0.058192	0.359954	0.581854	
0.730111	0.211658	0.058231	
0.013202	0.382512	0.604285	
0.006694	0.113698	0.879608	
0.002731	0.038885	0.958384	
0.760924	0.178537	0.060539	
0.343975	0.345095	0.310930	
0.020381	0.571020	0.408599	
0.019640	0.587958	0.392402	
0.017280	0.545904	0.436815	
0.006610	0.505541	0.487849	
0.025341	0.408445	0.566214	
0.820511	0.151209	0.028280	
0.072943	0.638363	0.288694	
0.014692	0.386571	0.598737	
0.582091	0.293563	0.124345	
0.466795	0.381494	0.151711	
0.282116	0.539244	0.178640	
0.027749	0.535288	0.436963	
0.004570	0.515824	0.479606	
0.257727	0.404553	0.337720	
0.352632	0.489274	0.158094	
0.006767	0.187021	0.806212	
0.017156	0.749687	0.233157	
0.025618	0.285753	0.688629	
0.007772	0.193833	0.798395	
0.076679	0.557088	0.366233	
0.052107	0.521257	0.426636	
0.112008	0.230229	0.657763	
0.014856	0.167900	0.817244	
0.012055	0.394263	0.593682	
0.014398	0.450773	0.534830	
0.018279	0.624451	0.357271	
0.001564	0.034844	0.963593	
0.023904	0.568305	0.407791	
0.212262	0.545445	0.242293	
0.749313	0.190772	0.059915	
0.695031	0.242011	0.062958	
0.228723	0.364913	0.406365	
0.003437	0.055370	0.941193	
0.221006	0.330433	0.448561	
0.420492	0.343649	0.235859	
0.005214	0.615492	0.379294	
0.007389	0.108245	0.884366	
0.009168	0.070019	0.920812	
0.004566	0.036740	0.958694	
0.010184	0.207230	0.782586	
0.007407	0.500890	0.491704	
0.032526	0.061949	0.905525	
0.012940	0.079096	0.907963	
0.777794	0.182674	0.039532	
0.022779	0.312739	0.664483	
0.003803	0.043037	0.953160	
0.003377	0.027930	0.968693	
0.025250	0.141099	0.833650	
0.005355	0.510977	0.483668	
0.032864	0.626630	0.340506	
0.009756	0.039919	0.950325	
0.857621	0.122412	0.019967	
0.131747	0.478167	0.390086	
0.003178	0.480984	0.515838	
0.018336	0.620107	0.361557	
0.225021	0.429575	0.345404	
0.038379	0.140893	0.820728	
0.027209	0.236057	0.736734	
0.026283	0.666546	0.307171	
0.551285	0.285666	0.163050	
0.004775	0.128374	0.866851	
0.007899	0.038632	0.953469	
0.103332	0.183492	0.713176	
0.043386	0.714523	0.242092	
0.234346	0.474296	0.291358	
0.008423	0.416902	0.574675	
0.072245	0.144545	0.783209	
0.002400	0.015924	0.981676	
0.486719	0.363697	0.149584	
0.002466	0.013023	0.984510	
0.481755	0.326567	0.191678	
0.043724	0.779879	0.176397	
0.080798	0.122142	0.797060	
0.004380	0.508474	0.487146	
0.270499	0.359368	0.370133	
0.016685	0.386920	0.596395	
0.023941	0.728104	0.247955	
0.033782	0.634241	0.331977	
0.027702	0.849892	0.122406	
0.254055	0.609026	0.136920	
0.002253	0.013131	0.984617	
0.067978	0.207132	0.724889	
0.018829	0.045409	0.935762	
0.057631	0.084083	0.858286	
0.072576	0.213547	0.713877	
0.526482	0.337110	0.136408	
0.873122	0.092414	0.034464	
0.083698	0.299550	0.616752	
0.030869	0.794762	0.174369	
0.025214	0.784156	0.190629	
0.006834	0.661027	0.332140	
0.006068	0.507824	0.486108	
0.089448	0.291784	0.618768	
0.031660	0.765497	0.202844	
0.005383	0.536784	0.457833	
0.026501	0.475620	0.497879	
0.025844	0.237650	0.736506	
0.024607	0.662067	0.313325	
0.040387	0.509640	0.449973	
0.310544	0.510249	0.179208	
0.794713	0.169040	0.036247	
0.722717	0.218527	0.058756	
0.008457	0.389892	0.601651	
0.068952	0.459207	0.471841	
0.003125	0.078686	0.918189	
0.462712	0.339988	0.197300	
0.477528	0.324598	0.197874	
0.789540	0.176278	0.034182	
0.009781	0.607301	0.382919	
0.179985	0.389896	0.430118	
0.048402	0.436514	0.515083	
0.124568	0.114983	0.760449	
0.008308	0.665983	0.325710	
0.810174	0.166389	0.023437	
0.793682	0.170558	0.035760	
0.646689	0.232921	0.120391	
0.015588	0.368468	0.615943	
0.329649	0.431375	0.238976	
0.641228	0.275305	0.083467	
0.816595	0.160174	0.023230	
0.924799	0.069576	0.005625	
0.139107	0.517169	0.343724	
0.567349	0.248440	0.184210	
0.006108	0.567930	0.425962	
0.644929	0.254153	0.100918	
0.703226	0.226126	0.070648	
0.789021	0.186894	0.024085	
0.514573	0.369770	0.115657	
0.273407	0.357301	0.369292	
0.091814	0.627541	0.280645	
0.653818	0.252016	0.094166	
0.967109	0.030467	0.002423	
0.140874	0.664171	0.194955	
0.000923	0.482695	0.516383	
0.747635	0.202477	0.049889	
0.011712	0.419206	0.569082	
0.906108	0.086083	0.007809	
0.005229	0.560060	0.434712	
0.894376	0.090517	0.015108	
0.588414	0.313152	0.098434	
0.920621	0.072409	0.006970	
0.415051	0.376591	0.208358	
0.751632	0.198213	0.050155	
0.664047	0.272009	0.063944	
0.587582	0.326439	0.085980	
0.001000	0.020718	0.978282	
0.464203	0.367379	0.168418	
0.020762	0.322683	0.656554	
0.815897	0.162368	0.021735	
0.488244	0.421356	0.090400	
0.832220	0.146701	0.021079	
0.314998	0.487412	0.197590	
0.154019	0.509860	0.336121	
0.901383	0.094041	0.004576	
0.003946	0.561125	0.434929	
0.844895	0.130123	0.024982	
0.022344	0.335643	0.642013	
0.007116	0.690737	0.302147	
0.058910	0.585850	0.355240	
0.015483	0.334297	0.650220	
0.266990	0.400975	0.332034	
0.780050	0.177160	0.042790	
0.220529	0.562703	0.216768	
0.773609	0.196125	0.030266	
0.015014	0.255342	0.729643	
0.000998	0.020768	0.978234	
0.518553	0.285973	0.195474	
0.105916	0.504297	0.389787	
0.322203	0.121362	0.556435	
0.009606	0.660524	0.329871	
0.005713	0.667245	0.327043	
0.017527	0.676806	0.305667	
0.803952	0.165040	0.031008	
0.011476	0.314708	0.673816	
0.036238	0.601633	0.362129	
0.505595	0.359364	0.135041	
0.618799	0.270725	0.110476	
0.590061	0.294996	0.114943	
0.216289	0.463767	0.319944	
0.011414	0.302151	0.686436	
0.899679	0.093399	0.006922	
0.869508	0.114472	0.016021	
0.242407	0.615046	0.142547	
0.938609	0.058168	0.003223	
0.170923	0.576430	0.252647	
0.485023	0.375481	0.139496	
0.007132	0.435455	0.557414	
0.771508	0.195890	0.032602	
0.653931	0.300916	0.045152	
0.082061	0.550482	0.367457	
0.723002	0.224887	0.052112	
0.006880	0.475651	0.517468	
0.249345	0.497782	0.252874	
0.005478	0.574334	0.420188	
0.441941	0.486295	0.071764	
0.635542	0.260699	0.103759	
0.054941	0.253945	0.691113	
0.487313	0.246507	0.266180	
0.004763	0.151081	0.844156	
0.015386	0.448713	0.535900	
0.000179	0.005544	0.994278	
0.000032	0.001824	0.998144	
0.000752	0.035564	0.963684	
0.001085	0.048081	0.950834	
0.022879	0.282016	0.695105	
0.144492	0.446356	0.409152	
0.000902	0.091110	0.907988	
0.025956	0.125916	0.848128	
0.001747	0.014654	0.983600	
0.013789	0.119663	0.866548	
0.021746	0.272360	0.705894	
0.001663	0.018407	0.979930	
0.240684	0.311325	0.447991	
0.004936	0.254871	0.740193	
0.005681	0.051437	0.942882	
0.625507	0.280998	0.093495	
0.007795	0.071949	0.920256	
0.067632	0.374192	0.558176	
0.001685	0.072905	0.925411	
0.003841	0.163544	0.832614	
0.000049	0.006655	0.993297	
0.002347	0.149341	0.848311	
0.000933	0.006221	0.992846	
0.001432	0.014724	0.983844	
0.191865	0.292039	0.516096	
0.214927	0.356231	0.428842	
0.002806	0.102699	0.894495	
0.010323	0.169171	0.820506	
0.000236	0.006911	0.992852	
0.002348	0.030935	0.966718	
0.957130	0.039802	0.003067	
0.000923	0.043845	0.955232	
0.218174	0.268983	0.512843	
0.010532	0.378732	0.610736	
0.028483	0.130516	0.841001	
0.666369	0.231365	0.102266	
0.335400	0.286957	0.377643	
0.086954	0.295702	0.617344	
0.002263	0.071930	0.925807	
0.003912	0.029365	0.966723	
0.000039	0.001523	0.998438	
0.002455	0.057330	0.940215	
0.376064	0.322477	0.301459	
0.908376	0.072348	0.019276	
0.008834	0.245668	0.745499	
0.001989	0.052344	0.945667	
0.009551	0.163063	0.827386	
0.080158	0.325235	0.594607	
0.000638	0.010518	0.988843	
0.043873	0.063844	0.892283	
0.001394	0.013776	0.984830	
0.002989	0.065537	0.931474	
0.007726	0.051704	0.940570	
0.003578	0.114510	0.881912	
0.008879	0.086597	0.904524	
0.229816	0.319986	0.450198	
0.000275	0.007815	0.991910	
0.066918	0.098816	0.834266	
0.001168	0.027538	0.971294	
0.009405	0.092667	0.897928	
0.000111	0.003060	0.996829	
0.000468	0.007091	0.992441	
0.000498	0.013387	0.986115	
0.008210	0.215176	0.776614	
0.000995	0.049426	0.949579	
0.208916	0.285061	0.506024	
0.007813	0.205083	0.787104	
0.290902	0.336304	0.372795	
0.009885	0.026762	0.963353	
0.002076	0.077424	0.920500	
0.000382	0.006629	0.992989	
0.126929	0.438046	0.435025	
0.031902	0.163687	0.804411	
0.004115	0.123069	0.872815	
0.000842	0.014007	0.985151	
0.013924	0.192275	0.793801	
0.034308	0.474019	0.491673	
0.038239	0.402334	0.559427	
0.009316	0.188705	0.801979	
0.000073	0.006544	0.993383	
0.089232	0.523240	0.387528	
0.724366	0.229948	0.045686	
0.004837	0.677026	0.318137	
0.913662	0.078547	0.007791	
0.604560	0.270603	0.124837	
0.658598	0.229144	0.112258	
0.000923	0.053748	0.945329	
0.060373	0.163643	0.775984	
0.015641	0.128052	0.856307	
0.009526	0.770976	0.219498	
0.006183	0.164474	0.829342	
0.154451	0.720318	0.125232	
0.090412	0.656681	0.252907	
0.363139	0.439584	0.197277	
0.339273	0.582313	0.078414	
0.022688	0.755518	0.221794	
0.041222	0.857521	0.101257	
0.464320	0.469984	0.065696	
0.006106	0.720005	0.273889	
0.058593	0.316387	0.625020	
0.067734	0.825940	0.106327	
0.043108	0.121271	0.835621	
0.009899	0.358416	0.631685	
0.034101	0.664992	0.300906	
0.060873	0.700120	0.239007	
0.047803	0.715208	0.236988	
0.007730	0.766011	0.226259	
0.006476	0.102689	0.890835	
0.013974	0.626604	0.359421	
0.035039	0.586644	0.378317	
0.038199	0.676802	0.284999	
0.314873	0.391499	0.293629	
0.026644	0.520781	0.452575	
0.240506	0.332289	0.427205	
0.075464	0.208701	0.715836	
0.663743	0.258399	0.077857	
0.024961	0.388372	0.586667	
0.044568	0.489016	0.466416	
0.484071	0.363320	0.152609	
0.484494	0.339344	0.176162	
0.011133	0.164086	0.824780	
0.007235	0.079851	0.912914	
0.065804	0.141621	0.792576	
0.864646	0.118333	0.017020	
0.195219	0.258154	0.546628	
0.713352	0.233403	0.053245	
0.732547	0.235801	0.031652	
0.765116	0.199521	0.035363	
0.358083	0.521069	0.120847	
0.283194	0.602860	0.113946	
0.616481	0.326995	0.056523	
0.873882	0.119033	0.007085	
0.815911	0.155752	0.028337	
0.037801	0.391072	0.571127	
0.022811	0.202940	0.774249	
0.137710	0.664713	0.197577	
0.015679	0.760893	0.223428	
0.007225	0.695613	0.297161	
0.058061	0.679675	0.262263	
0.012283	0.409502	0.578216	
0.029239	0.417590	0.553172	
0.728213	0.251099	0.020688	
0.253002	0.498922	0.248076	
0.620635	0.322176	0.057190	
0.267759	0.302308	0.429933	
0.062323	0.280053	0.657623	
0.014177	0.297306	0.688517	
0.512605	0.429586	0.057809	
0.425682	0.480214	0.094104	
0.013521	0.550127	0.436352	
0.103857	0.781271	0.114872	
0.674028	0.222656	0.103316	
0.520035	0.407035	0.072929	
0.725743	0.236322	0.037935	
0.203285	0.576213	0.220502	
0.725783	0.250095	0.024122	
0.035898	0.707894	0.256208	
0.179622	0.231103	0.589275	
0.337792	0.302699	0.359510	
0.697325	0.279158	0.023517	
0.005708	0.504940	0.489353	
0.035536	0.681752	0.282712	
0.777716	0.207783	0.014500	
0.494461	0.442881	0.062658	
0.057144	0.311948	0.630909	
0.037719	0.607700	0.354581	
0.034549	0.541415	0.424037	
0.143469	0.404871	0.451660	
0.189888	0.362594	0.447519	
0.455458	0.387790	0.156752	
0.690337	0.252934	0.056729	
0.676155	0.156703	0.167142	
0.369990	0.430654	0.199355	
0.011968	0.058158	0.929874	
0.727778	0.230267	0.041955	
0.017428	0.227675	0.754897	
0.041072	0.700568	0.258360	
0.816432	0.159402	0.024166	
0.536726	0.376912	0.086361	
0.414915	0.497400	0.087685	
0.351788	0.570504	0.077708	
0.005205	0.640074	0.354721	
0.238633	0.498912	0.262454	
0.511320	0.346799	0.141880	
0.297784	0.186067	0.516149	
0.013312	0.159163	0.827525	
0.440518	0.370932	0.188550	
0.306539	0.560443	0.133018	
0.199817	0.314566	0.485617	
0.124561	0.759320	0.116119	
0.669650	0.266255	0.064094	
0.045234	0.155730	0.799036	
0.224604	0.619779	0.155617	
0.007727	0.675348	0.316925	
0.436852	0.364415	0.198733	
0.558997	0.315352	0.125652	
0.421446	0.287911	0.290643	
0.453037	0.390349	0.156614	
0.494845	0.430554	0.074602	
0.015161	0.272592	0.712247	
0.422580	0.426327	0.151093	
0.012014	0.292133	0.695853	
0.016462	0.727770	0.255768	
0.378808	0.372796	0.248396	
0.112098	0.615272	0.272630	
0.138177	0.182350	0.679473	
0.008191	0.071125	0.920684	
0.057281	0.247715	0.695003	
0.146309	0.561707	0.291984	
0.768335	0.199522	0.032143	
0.033038	0.372605	0.594358	
0.771473	0.177750	0.050776	
0.025210	0.709419	0.265371	
0.019551	0.249654	0.730795	
0.000555	0.008576	0.990869	
0.395311	0.368860	0.235829	
0.130014	0.547067	0.322920	
0.702469	0.207386	0.090146	
0.483322	0.477488	0.039191	
0.001464	0.010199	0.988337	
0.255463	0.349736	0.394802	
0.015716	0.279350	0.704934	
0.190631	0.620354	0.189015	
0.207015	0.299626	0.493359	
0.568133	0.267173	0.164695	
0.155888	0.699945	0.144167	
0.033745	0.890471	0.075784	
0.152917	0.431228	0.415854	
0.577386	0.307529	0.115084	
0.294596	0.444885	0.260518	
0.629310	0.355024	0.015666	
0.046317	0.775053	0.178630	
0.540298	0.369066	0.090636	
0.182681	0.535104	0.282215	
0.816289	0.153979	0.029733	
0.226594	0.230704	0.542703	
0.076424	0.716334	0.207242	
0.716133	0.231068	0.052800	
0.762241	0.190539	0.047220	
0.477295	0.360601	0.162104	
0.452985	0.427875	0.119140	
0.098958	0.156830	0.744212	
0.502431	0.353832	0.143738	
0.578269	0.330612	0.091119	
0.368017	0.210937	0.421046	
0.036833	0.063752	0.899415	
0.013283	0.068553	0.918164	
0.001629	0.011413	0.986958	
0.017796	0.599748	0.382456	
0.033799	0.157197	0.809004	
0.355241	0.472166	0.172593	
0.230692	0.412764	0.356544	
0.788827	0.187262	0.023911	
0.412079	0.396632	0.191289	
0.003168	0.035119	0.961713	
0.004359	0.565666	0.429974	
0.074683	0.498062	0.427255	
0.007132	0.464988	0.527880	
0.245533	0.457375	0.297092	
0.506865	0.327362	0.165774	
0.283853	0.599654	0.116493	
0.002372	0.343077	0.654552	
0.159118	0.333011	0.507871	
0.037074	0.724827	0.238099	
0.015189	0.255663	0.729148	
0.847550	0.136648	0.015802	
0.003517	0.660195	0.336287	
0.042602	0.094868	0.862530	
0.049586	0.322394	0.628020	
0.012762	0.077967	0.909271	
0.226255	0.486913	0.286832	
0.020576	0.480636	0.498788	
0.334931	0.375529	0.289541	
0.011340	0.822190	0.166470	
0.627585	0.256884	0.115531	
0.065095	0.819008	0.115896	
0.640748	0.304572	0.054680	
0.103906	0.419543	0.476551	
0.503553	0.454403	0.042043	
0.372217	0.564863	0.062920	
0.937119	0.060124	0.002757	
0.607242	0.349947	0.042811	
0.778055	0.205270	0.016675	
0.730871	0.231073	0.038056	
0.745743	0.233072	0.021184	
0.846853	0.136247	0.016900	
0.203977	0.640872	0.155151	
0.545480	0.376385	0.078135	
0.867279	0.113203	0.019518	
0.562195	0.362341	0.075464	
0.519985	0.415283	0.064732	
0.150133	0.154247	0.695620	
0.452056	0.468408	0.079536	
0.625213	0.327923	0.046864	
0.450712	0.480944	0.068344	
0.429528	0.366893	0.203579	
0.811721	0.172937	0.015342	
0.226451	0.601889	0.171660	
0.788120	0.204275	0.007605	
0.860162	0.122654	0.017184	
0.256241	0.640250	0.103509	
0.099977	0.185629	0.714394	
0.531421	0.401991	0.066588	
0.211291	0.714132	0.074578	
0.689275	0.285763	0.024961	
0.367305	0.477397	0.155298	
0.870110	0.122341	0.007549	
0.139271	0.692619	0.168111	
0.516547	0.401072	0.082382	
0.650551	0.322599	0.026849	
0.566225	0.338045	0.095731	
0.714433	0.241197	0.044369	
0.607164	0.355519	0.037316	
0.531225	0.386608	0.082167	
0.839280	0.117289	0.043432	
0.771234	0.211497	0.017269	
0.880896	0.107004	0.012100	
0.824631	0.162509	0.012860	
0.294905	0.627039	0.078056	
0.821252	0.170329	0.008419	
0.638398	0.331196	0.030406	
0.620227	0.357920	0.021853	
0.712276	0.270360	0.017365	
0.367570	0.423148	0.209282	
0.705326	0.269269	0.025405	
0.834112	0.155685	0.010203	
0.794275	0.183804	0.021921	
0.656049	0.300009	0.043941	
0.428327	0.522682	0.048991	
0.357968	0.482224	0.159808	
0.825270	0.160277	0.014453	
0.607069	0.360498	0.032432	
0.153559	0.288234	0.558207	
0.631481	0.257519	0.111001	
0.806106	0.170036	0.023858	
0.580392	0.364700	0.054907	
0.725780	0.232408	0.041811	
0.628470	0.352281	0.019249	
0.026420	0.762016	0.211564	
0.400727	0.566020	0.033253	
0.590868	0.358665	0.050467	
0.253157	0.615458	0.131384	
0.481321	0.495171	0.023508	
0.010582	0.492634	0.496784	
0.645194	0.302896	0.051910	
0.866720	0.121287	0.011992	
0.885615	0.107643	0.006743	
0.918068	0.077004	0.004928	
0.403979	0.542908	0.053113	
0.442501	0.506648	0.050851	
0.493695	0.375868	0.130437	
0.766515	0.208499	0.024986	
0.830452	0.160145	0.009403	
0.803695	0.184590	0.011715	
0.009853	0.058871	0.931277	
0.832131	0.147129	0.020740	
0.756052	0.229180	0.014768	
0.655528	0.284444	0.060028	
0.436497	0.506706	0.056798	
0.265369	0.619988	0.114642	
0.907838	0.089629	0.002533	
0.803916	0.180228	0.015856	
0.752986	0.217863	0.029151	
0.578856	0.390642	0.030502	
0.571801	0.327115	0.101085	
0.717165	0.265572	0.017263	
0.714007	0.246389	0.039603	
0.441671	0.452743	0.105586	
0.595198	0.372301	0.032502	
0.217136	0.368851	0.414013	
0.719101	0.261550	0.019349	
0.026979	0.059951	0.913070	
0.799124	0.169050	0.031827	
0.765383	0.220594	0.014023	
0.568311	0.369027	0.062662	
0.163339	0.699655	0.137006	
0.731218	0.240589	0.028192	
0.779249	0.190364	0.030387	
0.424100	0.474347	0.101553	
0.859464	0.131904	0.008632	
0.327568	0.590046	0.082386	
0.309219	0.629699	0.061083	
0.038820	0.205558	0.755622	
0.091717	0.772221	0.136063	
0.535024	0.312649	0.152328	
0.033536	0.086739	0.879724	
0.354097	0.607922	0.037981	
0.508984	0.434689	0.056327	
0.449309	0.414500	0.136191	
0.008606	0.086991	0.904402	
0.580419	0.363416	0.056165	
0.034691	0.161123	0.804186	
0.271689	0.590298	0.138013	
0.080121	0.081713	0.838166	
0.477511	0.470284	0.052205	
0.629828	0.338472	0.031699	
0.798753	0.191095	0.010152	
0.364904	0.524457	0.110639	
0.578089	0.351067	0.070845	
0.007083	0.200648	0.792269	
0.820124	0.171500	0.008376	
0.142042	0.695411	0.162547	
0.857776	0.135619	0.006605	
0.037647	0.428551	0.533803	
0.117315	0.246773	0.635913	
0.458140	0.494422	0.047438	
0.510168	0.395655	0.094177	
0.000588	0.022329	0.977083	
0.820816	0.174398	0.004785	
0.260419	0.575514	0.164067	
0.210613	0.724744	0.064643	
0.950375	0.047619	0.002006	
0.738171	0.239969	0.021860	
0.106857	0.743752	0.149391	
0.023367	0.083486	0.893147	
0.065998	0.168294	0.765707	
0.284685	0.311974	0.403341	
0.410589	0.357157	0.232254	
0.898905	0.095820	0.005275	
0.703101	0.276315	0.020584	
0.194592	0.661955	0.143452	
0.075381	0.209477	0.715142	
0.335119	0.576259	0.088623	
0.725945	0.200275	0.073780	
0.591256	0.372141	0.036603	
0.709061	0.222397	0.068542	
0.566541	0.342500	0.090960	
0.419923	0.505306	0.074771	
0.314209	0.241906	0.443885	
0.206910	0.476229	0.316861	
0.631442	0.218500	0.150057	
0.040600	0.143503	0.815897	
0.637992	0.275367	0.086641	
0.286278	0.676798	0.036924	
0.440086	0.365096	0.194818	
0.796983	0.182392	0.020625	
0.684243	0.274562	0.041195	
0.214715	0.659564	0.125721	
0.343902	0.511806	0.144292	
0.667905	0.280877	0.051217	
0.112144	0.439664	0.448192	
0.690024	0.281938	0.028038	
0.073297	0.754868	0.171835	
0.245900	0.256611	0.497489	
0.775054	0.212167	0.012779	
0.640493	0.286823	0.072684	
0.129707	0.210086	0.660206	
0.172198	0.691299	0.136502	
0.813960	0.167402	0.018637	
0.731085	0.245654	0.023261	
0.776760	0.201819	0.021420	
0.562551	0.333646	0.103803	
0.176802	0.218693	0.604505	
0.542402	0.406313	0.051285	
0.363498	0.444292	0.192210	
0.561234	0.402889	0.035878	
0.124349	0.548779	0.326872	
0.688055	0.256912	0.055033	
0.336750	0.334319	0.328931	
0.262184	0.658163	0.079652	
0.336880	0.583365	0.079756	
0.019215	0.839502	0.141283	
0.452424	0.485544	0.062032	
0.312109	0.576877	0.111015	
0.455621	0.419840	0.124539	
0.731630	0.230701	0.037669	
0.299426	0.430128	0.270446	
0.525314	0.368166	0.106520	
0.602499	0.374073	0.023428	
0.748401	0.220545	0.031054	
0.079652	0.837397	0.082951	
0.593921	0.348229	0.057851	
0.690541	0.271120	0.038339	
0.345252	0.588101	0.066647	
0.337740	0.420693	0.241567	
0.368172	0.522058	0.109770	
0.034118	0.824650	0.141232	
0.268596	0.354707	0.376698	
0.197722	0.728800	0.073478	
0.173476	0.731166	0.095358	
0.041655	0.829310	0.129035	
0.559873	0.358166	0.081961	
0.338218	0.357865	0.303917	
0.219613	0.740611	0.039775	
0.105305	0.808983	0.085712	
0.522256	0.433342	0.044401	
0.219769	0.436867	0.343365	
0.050694	0.873976	0.075330	
0.083516	0.844309	0.072176	
0.211510	0.736793	0.051697	
0.232529	0.689409	0.078061	
0.619451	0.321596	0.058953	
0.934018	0.062202	0.003780	
0.301676	0.646653	0.051671	
0.772895	0.211249	0.015855	
0.388861	0.561445	0.049694	
0.134026	0.786029	0.079945	
0.438757	0.477050	0.084193	
0.739153	0.229966	0.030881	
0.701767	0.281874	0.016358	
0.420482	0.522203	0.057314	
0.403621	0.487144	0.109235	
0.171244	0.687208	0.141548	
0.769544	0.199667	0.030789	
0.632686	0.329404	0.037910	
0.075428	0.715942	0.208629	
0.468068	0.486995	0.044937	
0.685458	0.244395	0.070147	
0.516103	0.427146	0.056751	
0.762616	0.217771	0.019613	
0.457357	0.478097	0.064546	
0.161920	0.749348	0.088732	
0.234762	0.608483	0.156755	
0.306061	0.615196	0.078743	
0.382635	0.522387	0.094978	
0.324426	0.559114	0.116460	
0.307875	0.610975	0.081150	
0.416564	0.522658	0.060779	
0.279792	0.531332	0.188876	
0.272957	0.430781	0.296261	
0.060310	0.847245	0.092445	
0.160422	0.677193	0.162385	
0.200132	0.655450	0.144418	
0.101894	0.847358	0.050748	
0.021090	0.770638	0.208272	
0.380395	0.517957	0.101648	
0.010092	0.662543	0.327365	
0.093774	0.770159	0.136067	
0.107620	0.792205	0.100175	
0.629470	0.355877	0.014653	
0.603811	0.341716	0.054473	
0.181705	0.552267	0.266028	
0.287650	0.580194	0.132156	
0.095070	0.404319	0.500612	
0.595419	0.376741	0.027839	
0.820801	0.167694	0.011504	
0.318841	0.596416	0.084743	
0.102134	0.738707	0.159160	
0.268994	0.666679	0.064327	
0.689953	0.274586	0.035462	
0.369803	0.539424	0.090773	
0.567037	0.377838	0.055125	
0.049338	0.676846	0.273816	
0.356093	0.568809	0.075098	
0.394030	0.537387	0.068584	
0.406489	0.421257	0.172254	
0.060921	0.552440	0.386640	
0.128713	0.727301	0.143985	
0.138952	0.625918	0.235130	
0.535992	0.237304	0.226704	
0.181089	0.679235	0.139676	
0.259741	0.639138	0.101121	
0.157100	0.683419	0.159481	
0.367989	0.282659	0.349352	
0.525902	0.437986	0.036112	
0.179370	0.680074	0.140556	
0.012691	0.753330	0.233979	
0.645914	0.309107	0.044979	
0.758455	0.233373	0.008172	
0.339445	0.604773	0.055782	
0.190364	0.716922	0.092714	
0.447220	0.420087	0.132693	
0.397771	0.312829	0.289400	
0.371231	0.547515	0.081254	
0.039354	0.651093	0.309552	
0.643053	0.324999	0.031948	
0.052854	0.821536	0.125610	
0.444737	0.493849	0.061414	
0.379025	0.492595	0.128380	
0.826141	0.163357	0.010502	
0.181041	0.740032	0.078928	
0.452841	0.514131	0.033028	
0.340747	0.450936	0.208318	
0.476496	0.505625	0.017879	
0.317083	0.561574	0.121342	
0.848045	0.132488	0.019467	
0.638960	0.330881	0.030159	
0.755237	0.231010	0.013752	
0.108599	0.749376	0.142025	
0.077959	0.218503	0.703538	
0.005303	0.047678	0.947020	
0.252362	0.289533	0.458105	
0.519096	0.426892	0.054012	
0.763507	0.212835	0.023657	
0.029615	0.831262	0.139123	
0.794324	0.190283	0.015393	
0.229075	0.546532	0.224393	
0.450739	0.463152	0.086109	
0.655379	0.316176	0.028445	
0.447046	0.514801	0.038153	
0.035681	0.437473	0.526846	
0.207876	0.324268	0.467856	
0.160333	0.685914	0.153753	
0.410000	0.544600	0.045401	
0.304480	0.603438	0.092083	
0.872446	0.120705	0.006849	
0.372217	0.564863	0.062920	
0.905981	0.090674	0.003345	
0.038555	0.746165	0.215279	
0.367192	0.412794	0.220014	
0.738682	0.239578	0.021739	
0.304114	0.601500	0.094386	
0.518005	0.428841	0.053154	
0.819621	0.173723	0.006657	
0.429528	0.366893	0.203579	
0.293418	0.638045	0.068537	
0.418836	0.501784	0.079380	
0.048073	0.096457	0.855470	
0.500564	0.403466	0.095971	
0.754433	0.226838	0.018729	
0.426104	0.514490	0.059406	
0.852876	0.142886	0.004238	
0.030869	0.768247	0.200884	
0.738740	0.233917	0.027342	
0.732631	0.238511	0.028858	
0.398491	0.498746	0.102762	
0.670691	0.284954	0.044356	
0.137452	0.781097	0.081451	
0.862243	0.130769	0.006989	
0.545927	0.407287	0.046786	
0.337165	0.630558	0.032277	
0.327098	0.570657	0.102245	
0.126156	0.753375	0.120470	
0.769283	0.214710	0.016007	
0.275265	0.648406	0.076328	
0.317459	0.559080	0.123460	
0.597710	0.378748	0.023542	
0.192127	0.157455	0.650418	
0.839586	0.154477	0.005937	
0.914863	0.073765	0.011371	
0.234029	0.685786	0.080185	
0.226252	0.632283	0.141465	
0.879633	0.111867	0.008500	
0.116940	0.439892	0.443168	
0.353229	0.583046	0.063725	
0.598770	0.375267	0.025963	
0.585575	0.365870	0.048555	
0.261139	0.164076	0.574785	
0.074184	0.244979	0.680837	
0.403272	0.498549	0.098179	
0.001314	0.068780	0.929906	
0.447160	0.451594	0.101246	
0.000244	0.003423	0.996333	
0.038830	0.808639	0.152531	
0.300722	0.429849	0.269429	
0.014986	0.249630	0.735385	
0.513677	0.316620	0.169703	
0.002993	0.174783	0.822224	
0.558151	0.336396	0.105453	
0.359709	0.321946	0.318345	
0.148274	0.464100	0.387626	
0.014212	0.160785	0.825003	
0.002701	0.068160	0.929139	
0.038401	0.712354	0.249245	
0.012221	0.666999	0.320779	
0.682811	0.235266	0.081924	
0.006928	0.519935	0.473137	
0.558048	0.382736	0.059216	
0.025102	0.588362	0.386536	
0.030817	0.059222	0.909961	
0.039824	0.791476	0.168701	
0.095302	0.268640	0.636058	
0.031910	0.161296	0.806795	
0.019796	0.161504	0.818700	
0.015637	0.069467	0.914895	
0.134369	0.310847	0.554785	
0.628862	0.258711	0.112427	
0.657855	0.270525	0.071620	
0.342390	0.323904	0.333706	
0.006472	0.661287	0.332240	
0.014470	0.086284	0.899245	
0.002890	0.022576	0.974533	
0.122710	0.516067	0.361223	
0.197990	0.599755	0.202254	
0.018570	0.656423	0.325007	
0.089319	0.374036	0.536645	
0.143896	0.367647	0.488457	
0.138873	0.395732	0.465395	
0.014179	0.502302	0.483519	
0.565476	0.298075	0.136449	
0.245357	0.346019	0.408624	
0.009389	0.334801	0.655810	
0.010103	0.578948	0.410949	
0.002098	0.203068	0.794835	
0.429110	0.443398	0.127491	
0.041451	0.505420	0.453129	
0.313059	0.569428	0.117513	
0.002099	0.062970	0.934931	
0.419919	0.370327	0.209755	
0.649933	0.318599	0.031468	
0.011806	0.428859	0.559335	
0.535493	0.389364	0.075143	
0.252164	0.545264	0.202572	
0.023327	0.187991	0.788681	
0.398187	0.355665	0.246147	
0.014843	0.100830	0.884327	
0.031084	0.472901	0.496015	
0.464013	0.336226	0.199761	
0.000756	0.030369	0.968876	
0.074584	0.378295	0.547121	
0.076788	0.362519	0.560693	
0.068514	0.230075	0.701411	
0.015867	0.586049	0.398084	
0.006999	0.205362	0.787639	
0.865142	0.123630	0.011227	
0.009246	0.107129	0.883625	
0.465817	0.338522	0.195661	
0.623417	0.305221	0.071361	
0.031820	0.698154	0.270025	
0.161280	0.626073	0.212647	
0.745951	0.179449	0.074600	
0.039835	0.531543	0.428622	
0.011049	0.753280	0.235671	
0.339895	0.546552	0.113553	
0.909029	0.084666	0.006306	
0.010299	0.692201	0.297500	
0.699450	0.237768	0.062782	
0.479147	0.398242	0.122611	
0.025752	0.671081	0.303166	
0.017531	0.316256	0.666213	
0.171942	0.497721	0.330337	
0.338904	0.380732	0.280363	
0.013354	0.075747	0.910899	
0.795440	0.183601	0.020958	
0.002532	0.502797	0.494671	
0.016421	0.526455	0.457124	
0.160183	0.391184	0.448633	
0.757161	0.201177	0.041662	
0.018524	0.689170	0.292306	
0.423828	0.460269	0.115903	
0.014251	0.596862	0.388887	
0.034969	0.580424	0.384606	
0.938338	0.058157	0.003505	
0.672304	0.257128	0.070568	
0.018638	0.670687	0.310675	
0.678656	0.213867	0.107477	
0.010448	0.147256	0.842296	
0.015362	0.163580	0.821058	
0.040621	0.387277	0.572102	
0.061322	0.295120	0.643558	
0.016207	0.027358	0.956435	
0.008330	0.670817	0.320853	
0.051510	0.540118	0.408371	
0.003118	0.022993	0.973889	
0.173322	0.422540	0.404138	
0.507218	0.368288	0.124495	
0.639513	0.275065	0.085422	
0.109631	0.316758	0.573610	
0.011624	0.559527	0.428848	
0.835965	0.142175	0.021860	
0.244035	0.540313	0.215652	
0.034502	0.523627	0.441872	
0.075367	0.714311	0.210323	
0.000908	0.020837	0.978255	
0.014123	0.234154	0.751723	
0.016435	0.647588	0.335977	
0.165026	0.706299	0.128675	
0.000545	0.013879	0.985576	
0.352173	0.425119	0.222707	
0.648694	0.269080	0.082226	
0.324937	0.522093	0.152970	
0.025436	0.580466	0.394098	
0.756769	0.203725	0.039506	
0.001932	0.042395	0.955673	
0.074586	0.647214	0.278200	
0.002484	0.069408	0.928108	
0.475902	0.379653	0.144445	
0.016322	0.183940	0.799738	
0.033826	0.575235	0.390939	
0.022969	0.607705	0.369327	
0.009709	0.105318	0.884973	
0.026090	0.066717	0.907193	
0.504866	0.462115	0.033019	
0.263112	0.521736	0.215151	
0.025651	0.717682	0.256668	
0.353675	0.342462	0.303863	
0.013565	0.538114	0.448321	
0.470507	0.363374	0.166119	
0.133298	0.475032	0.391670	
0.001269	0.022087	0.976644	
0.017794	0.754587	0.227620	
0.227862	0.485594	0.286544	
0.006451	0.077788	0.915761	
0.184683	0.546622	0.268694	
0.012704	0.342499	0.644796	
0.069557	0.661350	0.269093	
0.125913	0.410888	0.463200	
0.030689	0.127721	0.841590	
0.015813	0.304070	0.680117	
0.901256	0.093369	0.005375	
0.040218	0.126070	0.833711	
0.119371	0.582111	0.298518	
0.173440	0.572841	0.253719	
0.510874	0.395265	0.093861	
0.018021	0.053689	0.928291	
0.047521	0.767316	0.185163	
0.009736	0.104162	0.886102	
0.022820	0.199388	0.777793	
0.579021	0.353786	0.067193	
0.842003	0.130998	0.026999	
0.052784	0.172496	0.774720	
0.119822	0.136458	0.743720	
0.087883	0.289994	0.622124	
0.453184	0.298624	0.248191	
0.044036	0.064701	0.891264	
0.153245	0.584684	0.262071	
0.006801	0.171141	0.822057	
0.098699	0.697320	0.203981	
0.054019	0.168970	0.777011	
0.804513	0.173216	0.022272	
0.007791	0.670578	0.321631	
0.251728	0.272939	0.475333	
0.020539	0.243054	0.736407	
0.021905	0.423227	0.554867	
0.472211	0.395837	0.131952	
0.079232	0.502830	0.417938	
0.300040	0.434288	0.265672	
0.098400	0.241220	0.660380	
