0.553672	0.237611	0.208717	
0.729571	0.210224	0.060206	
0.009370	0.722028	0.268602	
0.419749	0.345379	0.234872	
0.512639	0.376894	0.110467	
0.852037	0.131806	0.016157	
0.163149	0.313671	0.523180	
0.710941	0.248187	0.040872	
0.009631	0.207407	0.782963	
0.773715	0.199589	0.026695	
0.309915	0.503125	0.186960	
0.317134	0.536856	0.146010	
0.131774	0.654636	0.213590	
0.363618	0.489259	0.147123	
0.075318	0.648799	0.275883	
0.512776	0.402409	0.084815	
0.764712	0.211214	0.024074	
0.035044	0.764467	0.200488	
0.130683	0.374599	0.494719	
0.952563	0.045260	0.002177	
0.003218	0.026921	0.969861	
0.012061	0.601027	0.386912	
0.002714	0.099878	0.897408	
0.088927	0.505580	0.405493	
0.602611	0.302775	0.094614	
0.811022	0.172606	0.016372	
0.278207	0.544754	0.177039	
0.313228	0.369750	0.317022	
0.316380	0.471253	0.212367	
0.408343	0.508531	0.083126	
0.025727	0.691760	0.282513	
0.988209	0.011499	0.000292	
0.721659	0.233264	0.045078	
0.033967	0.428114	0.537919	
0.000889	0.006662	0.992449	
0.007705	0.564997	0.427298	
0.708829	0.257806	0.033365	
0.486946	0.448223	0.064831	
0.002273	0.038591	0.959136	
0.021430	0.099765	0.878805	
0.803800	0.169498	0.026702	
0.755359	0.199426	0.045215	
0.784534	0.186429	0.029037	
0.019299	0.576842	0.403859	
0.034606	0.144981	0.820413	
0.006370	0.753908	0.239722	
0.009547	0.598771	0.391683	
0.591701	0.344811	0.063487	
0.516545	0.357713	0.125742	
0.839214	0.139097	0.021689	
0.015032	0.685756	0.299212	
0.005085	0.202527	0.792388	
0.118412	0.489329	0.392259	
0.056704	0.236788	0.706508	
0.107718	0.422711	0.469571	
0.731973	0.236076	0.031950	
0.912016	0.077975	0.010010	
0.921780	0.071715	0.006505	
0.070478	0.613231	0.316291	
0.057129	0.197090	0.745781	
0.010556	0.269473	0.719970	
0.858268	0.126748	0.014984	
0.509090	0.389475	0.101434	
0.008021	0.696034	0.295946	
0.342043	0.441480	0.216477	
0.778088	0.169697	0.052215	
0.008492	0.054549	0.936959	
0.001265	0.020264	0.978471	
0.000803	0.017595	0.981603	
0.355879	0.487805	0.156317	
0.015140	0.487893	0.496967	
0.416851	0.432657	0.150493	
0.466010	0.406337	0.127653	
0.304226	0.584629	0.111145	
0.892470	0.096168	0.011362	
0.015685	0.298693	0.685622	
0.005317	0.032919	0.961764	
0.092233	0.667485	0.240282	
0.017133	0.199446	0.783421	
0.618419	0.321051	0.060529	
0.003363	0.063889	0.932749	
0.496590	0.389538	0.113871	
0.906690	0.085239	0.008071	
0.749245	0.204077	0.046678	
0.007979	0.723041	0.268980	
0.004962	0.366206	0.628831	
0.014800	0.682085	0.303115	
0.038216	0.227749	0.734034	
0.612153	0.284200	0.103648	
0.008640	0.403700	0.587660	
0.721132	0.236699	0.042169	
0.007810	0.086283	0.905907	
0.483049	0.399503	0.117448	
0.013022	0.614547	0.372431	
0.096057	0.443773	0.460169	
0.004156	0.540111	0.455733	
0.003948	0.076053	0.919999	
0.502964	0.399554	0.097482	
0.049998	0.488075	0.461927	
0.257021	0.149533	0.593446	
0.014297	0.058825	0.926878	
0.004018	0.118436	0.877546	
0.039026	0.777990	0.182984	
0.014600	0.097509	0.887891	
0.021210	0.364387	0.614404	
0.050303	0.136627	0.813070	
0.009411	0.476939	0.513650	
0.137647	0.610706	0.251647	
0.082020	0.414614	0.503366	
0.653803	0.223892	0.122305	
0.653995	0.284032	0.061973	
0.027291	0.567599	0.405110	
0.746341	0.208479	0.045180	
0.237455	0.457129	0.305416	
0.011501	0.762728	0.225771	
0.046667	0.768782	0.184550	
0.010657	0.273829	0.715514	
0.003112	0.405221	0.591667	
0.639380	0.265493	0.095127	
0.006341	0.765484	0.228175	
0.082265	0.316823	0.600912	
0.210485	0.637635	0.151880	
0.459585	0.337036	0.203379	
0.792171	0.171153	0.036677	
0.011760	0.673556	0.314684	
0.041885	0.786983	0.171132	
0.094589	0.102274	0.803137	
0.003139	0.094486	0.902375	
0.001294	0.086845	0.911861	
0.566433	0.407801	0.025765	
0.009798	0.742745	0.247456	
0.095162	0.620733	0.284105	
0.003546	0.176673	0.819781	
0.000267	0.022278	0.977454	
0.371372	0.413139	0.215489	
0.004959	0.261822	0.733219	
0.010367	0.393336	0.596296	
0.302986	0.458119	0.238896	
0.228187	0.601076	0.170737	
0.040794	0.760648	0.198559	
0.001229	0.025526	0.973245	
0.020568	0.769226	0.210206	
0.241547	0.485512	0.272941	
0.003874	0.610857	0.385270	
0.004201	0.038365	0.957434	
0.087735	0.700374	0.211891	
0.008110	0.341668	0.650222	
0.011897	0.452696	0.535407	
0.010221	0.421302	0.568478	
0.025532	0.547070	0.427398	
0.013885	0.682322	0.303793	
0.011698	0.825884	0.162418	
0.004640	0.688233	0.307127	
0.126487	0.490071	0.383442	
0.259482	0.581842	0.158676	
0.005506	0.440762	0.553732	
0.018816	0.352546	0.628637	
0.049010	0.398019	0.552972	
0.031061	0.604895	0.364044	
0.025193	0.104777	0.870030	
0.010478	0.769817	0.219705	
0.050972	0.187367	0.761661	
0.115298	0.434417	0.450285	
0.006906	0.794997	0.198098	
0.006645	0.420004	0.573352	
0.021091	0.188758	0.790150	
0.944502	0.037003	0.018495	
0.006028	0.111441	0.882531	
0.284523	0.619926	0.095551	
0.031113	0.411479	0.557408	
0.000595	0.020348	0.979057	
0.805205	0.179185	0.015611	
0.027162	0.697538	0.275300	
0.272463	0.448215	0.279323	
0.017796	0.688204	0.294000	
0.004206	0.514254	0.481540	
0.008169	0.813814	0.178017	
0.075714	0.122622	0.801664	
0.142907	0.462483	0.394609	
0.007589	0.503365	0.489046	
0.816928	0.159891	0.023181	
0.531312	0.309907	0.158780	
0.540666	0.359897	0.099437	
0.853245	0.131059	0.015696	
0.049376	0.279436	0.671188	
0.209955	0.226330	0.563715	
0.003605	0.172443	0.823952	
0.094338	0.718433	0.187229	
0.024984	0.739990	0.235026	
0.059217	0.660555	0.280228	
0.129895	0.700304	0.169800	
0.050988	0.294046	0.654966	
0.012967	0.419112	0.567921	
0.008733	0.115367	0.875899	
0.036150	0.801137	0.162713	
0.294417	0.502705	0.202877	
0.438085	0.501490	0.060425	
0.014143	0.287295	0.698562	
0.693536	0.235861	0.070603	
0.111036	0.460606	0.428358	
0.018013	0.710147	0.271840	
0.658055	0.252741	0.089204	
0.000982	0.041586	0.957431	
0.157942	0.591235	0.250823	
0.041464	0.274301	0.684235	
0.017388	0.482565	0.500047	
0.074413	0.765114	0.160472	
0.006640	0.468055	0.525305	
0.046584	0.668214	0.285203	
0.488811	0.360979	0.150210	
0.048646	0.705558	0.245795	
0.047992	0.711790	0.240217	
0.042080	0.536948	0.420971	
0.108522	0.640266	0.251212	
0.418826	0.506452	0.074722	
0.338598	0.449440	0.211963	
0.018410	0.497502	0.484088	
0.069017	0.683618	0.247364	
0.195532	0.234014	0.570454	
0.757721	0.202522	0.039757	
0.027502	0.128700	0.843798	
0.024010	0.685221	0.290769	
0.006434	0.179644	0.813921	
0.159581	0.612920	0.227499	
0.031578	0.651386	0.317036	
0.406418	0.468042	0.125540	
0.205889	0.414244	0.379867	
0.005175	0.191595	0.803231	
0.033975	0.231590	0.734434	
0.022373	0.317364	0.660264	
0.038810	0.274387	0.686803	
0.389486	0.353784	0.256730	
0.005419	0.336072	0.658509	
0.227900	0.665920	0.106181	
0.011861	0.355991	0.632148	
0.350575	0.401345	0.248080	
0.823252	0.155346	0.021401	
0.025080	0.494551	0.480369	
0.007349	0.172601	0.820050	
0.042811	0.557912	0.399277	
0.007435	0.547695	0.444870	
0.654513	0.287592	0.057895	
0.012479	0.386985	0.600536	
0.189810	0.646878	0.163312	
0.113049	0.548113	0.338837	
0.021643	0.475892	0.502465	
0.282622	0.440449	0.276929	
0.614784	0.335859	0.049358	
0.004324	0.219268	0.776408	
0.549350	0.306637	0.144013	
0.111132	0.463904	0.424965	
0.092655	0.361339	0.546006	
0.352132	0.543496	0.104372	
0.015757	0.361086	0.623157	
0.946658	0.049652	0.003690	
0.005860	0.523663	0.470477	
0.536377	0.418075	0.045548	
0.011651	0.257637	0.730712	
0.830391	0.146385	0.023223	
0.701287	0.234794	0.063919	
0.212031	0.413869	0.374100	
0.001051	0.013123	0.985826	
0.010074	0.614542	0.375384	
0.059156	0.792265	0.148578	
0.010329	0.560463	0.429208	
0.556483	0.347102	0.096416	
0.000426	0.002503	0.997070	
0.022520	0.750976	0.226504	
0.148815	0.180951	0.670234	
0.000246	0.006462	0.993292	
0.725228	0.243845	0.030927	
0.137481	0.401808	0.460711	
0.024851	0.548837	0.426312	
0.673769	0.266436	0.059795	
0.004163	0.051435	0.944402	
0.021881	0.732545	0.245574	
0.149721	0.554544	0.295735	
0.287277	0.538875	0.173848	
0.954739	0.041663	0.003597	
0.012912	0.551614	0.435474	
0.388206	0.353692	0.258102	
0.007056	0.052943	0.940001	
0.451533	0.350257	0.198209	
0.269654	0.508221	0.222125	
0.045550	0.122236	0.832214	
0.161749	0.193257	0.644994	
0.001455	0.029209	0.969336	
0.378994	0.313435	0.307571	
0.019603	0.083283	0.897114	
0.485918	0.383933	0.130148	
0.005287	0.189382	0.805332	
0.063601	0.668793	0.267606	
0.006850	0.244607	0.748543	
0.227234	0.595663	0.177103	
0.005160	0.011481	0.983359	
0.859161	0.126361	0.014478	
0.807110	0.176457	0.016433	
0.031923	0.196123	0.771954	
0.644705	0.312602	0.042692	
0.003278	0.019219	0.977503	
0.329367	0.495412	0.175221	
0.038765	0.086949	0.874285	
0.438491	0.303230	0.258279	
0.480767	0.348807	0.170426	
0.302593	0.557808	0.139598	
0.011346	0.673870	0.314784	
0.358112	0.435688	0.206200	
0.464283	0.315366	0.220350	
0.924728	0.068542	0.006729	
0.002325	0.035357	0.962318	
0.273376	0.380990	0.345634	
0.091347	0.380137	0.528516	
0.494503	0.352998	0.152499	
0.321071	0.500461	0.178469	
0.039888	0.182740	0.777372	
0.842701	0.141346	0.015954	
0.215175	0.280747	0.504079	
0.111340	0.686642	0.202018	
0.260590	0.494853	0.244557	
0.387560	0.412885	0.199555	
0.288520	0.567828	0.143652	
0.000128	0.004122	0.995750	
0.489715	0.383054	0.127230	
0.081002	0.401185	0.517813	
0.017552	0.255458	0.726990	
0.755081	0.195481	0.049437	
0.148864	0.707048	0.144089	
0.324729	0.404768	0.270503	
0.393281	0.428294	0.178425	
0.052702	0.496543	0.450755	
0.321805	0.467525	0.210670	
0.037703	0.633103	0.329194	
0.390366	0.355771	0.253862	
0.012347	0.804137	0.183516	
0.003046	0.057028	0.939927	
0.012164	0.443703	0.544134	
0.226144	0.504725	0.269130	
0.071714	0.510680	0.417606	
0.494398	0.408208	0.097395	
0.012952	0.618899	0.368150	
0.010629	0.060275	0.929096	
0.021101	0.241621	0.737278	
0.403421	0.363852	0.232726	
0.007591	0.131153	0.861256	
0.029777	0.730494	0.239729	
0.040444	0.250591	0.708966	
0.018130	0.491594	0.490276	
0.944052	0.053238	0.002710	
0.010318	0.593073	0.396609	
0.077101	0.728649	0.194250	
0.040143	0.789826	0.170031	
0.537563	0.354947	0.107490	
0.711432	0.212984	0.075584	
0.123175	0.693788	0.183037	
0.662486	0.298047	0.039467	
0.102421	0.322341	0.575238	
0.230501	0.390439	0.379060	
0.037346	0.234298	0.728356	
0.011193	0.359574	0.629232	
0.000874	0.045573	0.953552	
0.111036	0.460606	0.428358	
0.303422	0.480239	0.216339	
0.255241	0.440590	0.304169	
0.437342	0.406860	0.155798	
0.142581	0.571194	0.286225	
0.752310	0.199815	0.047875	
0.171594	0.382599	0.445807	
0.006048	0.053405	0.940547	
0.092664	0.445414	0.461922	
0.001127	0.024099	0.974773	
0.015011	0.150629	0.834360	
0.476356	0.388728	0.134916	
0.014923	0.484428	0.500650	
0.124986	0.566306	0.308708	
0.018572	0.238955	0.742473	
0.210536	0.215925	0.573539	
0.375385	0.492372	0.132243	
0.014526	0.298992	0.686482	
0.793324	0.149907	0.056769	
0.151036	0.625810	0.223153	
0.023611	0.230419	0.745970	
0.716694	0.245403	0.037903	
0.010489	0.066505	0.923006	
0.380584	0.525076	0.094340	
0.000781	0.007948	0.991272	
0.327370	0.421818	0.250812	
0.275745	0.635504	0.088750	
0.110289	0.288628	0.601083	
0.499753	0.440815	0.059432	
0.047263	0.424471	0.528266	
0.076260	0.355674	0.568067	
0.470937	0.336597	0.192466	
0.278923	0.539163	0.181914	
0.337206	0.510271	0.152523	
0.317316	0.539538	0.143147	
0.152534	0.345718	0.501749	
0.140771	0.602575	0.256653	
0.452054	0.443842	0.104104	
0.862761	0.125062	0.012176	
0.745923	0.225804	0.028273	
0.736467	0.228516	0.035017	
0.949967	0.048612	0.001421	
0.808549	0.166298	0.025153	
0.256593	0.501965	0.241442	
0.422899	0.431531	0.145570	
0.673402	0.272324	0.054274	
0.005490	0.075349	0.919160	
0.074397	0.495301	0.430302	
0.811338	0.163162	0.025500	
0.215351	0.594386	0.190263	
0.767325	0.206526	0.026149	
0.363136	0.474004	0.162860	
0.430882	0.398529	0.170588	
0.058228	0.648382	0.293391	
0.757071	0.201570	0.041360	
0.704775	0.254386	0.040839	
0.165924	0.645033	0.189043	
0.572830	0.286712	0.140458	
0.180583	0.625889	0.193528	
0.504538	0.326639	0.168822	
0.493281	0.390717	0.116002	
0.619041	0.300170	0.080789	
0.693519	0.238101	0.068380	
0.441700	0.427856	0.130444	
0.651935	0.284100	0.063964	
0.681195	0.268574	0.050231	
0.011484	0.069307	0.919208	
0.760804	0.189289	0.049907	
0.029208	0.099345	0.871447	
0.270562	0.546881	0.182557	
0.499101	0.383549	0.117350	
0.522520	0.418265	0.059215	
0.016628	0.065326	0.918046	
0.028623	0.648033	0.323343	
0.001773	0.042187	0.956040	
0.576454	0.287224	0.136322	
0.116586	0.680117	0.203298	
0.428699	0.478416	0.092885	
0.076161	0.571523	0.352316	
0.644962	0.272101	0.082938	
0.232563	0.589949	0.177488	
0.168083	0.627244	0.204673	
0.414035	0.358549	0.227417	
0.063903	0.620968	0.315129	
0.773752	0.168406	0.057842	
0.211478	0.569310	0.219212	
0.337503	0.493439	0.169058	
0.803322	0.177823	0.018855	
0.558421	0.379578	0.062001	
0.192423	0.490340	0.317237	
0.201379	0.495309	0.303311	
0.135164	0.535343	0.329493	
0.833062	0.140782	0.026156	
0.502671	0.317324	0.180005	
0.098910	0.628975	0.272114	
0.431322	0.479830	0.088848	
0.441053	0.472980	0.085967	
0.056793	0.702060	0.241148	
0.238237	0.701600	0.060163	
0.175586	0.695157	0.129257	
0.881619	0.116249	0.002132	
0.320928	0.616183	0.062889	
0.259002	0.537863	0.203135	
0.732658	0.221599	0.045743	
0.751861	0.237059	0.011080	
0.836950	0.156914	0.006136	
0.806641	0.179748	0.013611	
0.396795	0.528315	0.074890	
0.813834	0.179349	0.006817	
0.870470	0.125583	0.003947	
0.830018	0.160902	0.009079	
0.888539	0.108343	0.003118	
0.163194	0.215451	0.621356	
0.907345	0.089678	0.002977	
0.478625	0.351340	0.170034	
0.506705	0.424051	0.069244	
0.001730	0.017752	0.980518	
0.328403	0.593995	0.077602	
0.734192	0.234617	0.031192	
0.944780	0.052560	0.002661	
0.558658	0.407016	0.034327	
0.137256	0.743127	0.119617	
0.349760	0.583286	0.066954	
0.374826	0.559462	0.065712	
0.040480	0.865789	0.093731	
0.022342	0.806633	0.171025	
0.047512	0.712360	0.240128	
0.198296	0.738154	0.063551	
0.381056	0.552818	0.066125	
0.219970	0.691198	0.088832	
0.510662	0.375941	0.113397	
0.183413	0.652517	0.164070	
0.207706	0.667248	0.125046	
0.177338	0.679430	0.143232	
0.827987	0.162510	0.009503	
0.240349	0.716174	0.043477	
0.033737	0.684857	0.281406	
0.343875	0.581723	0.074402	
0.036682	0.827818	0.135501	
0.583825	0.388376	0.027799	
0.380567	0.556803	0.062630	
0.077897	0.297179	0.624924	
0.146863	0.167547	0.685590	
0.637144	0.335370	0.027485	
0.936435	0.061411	0.002154	
0.500079	0.483166	0.016755	
0.174511	0.709759	0.115730	
0.297611	0.635720	0.066669	
0.699251	0.284785	0.015964	
0.287675	0.635995	0.076330	
0.357037	0.595457	0.047507	
0.846347	0.146795	0.006858	
0.024750	0.806296	0.168954	
0.111410	0.811383	0.077207	
0.271503	0.681808	0.046689	
0.565820	0.357480	0.076699	
0.318807	0.566710	0.114483	
0.416250	0.556053	0.027697	
0.254886	0.687636	0.057478	
0.139562	0.779467	0.080971	
0.421942	0.529868	0.048190	
0.398189	0.534064	0.067748	
0.507588	0.461321	0.031091	
0.633379	0.327008	0.039613	
0.113795	0.740543	0.145662	
0.558040	0.346657	0.095303	
0.176873	0.717152	0.105975	
0.125742	0.656940	0.217318	
0.196754	0.716452	0.086794	
0.426211	0.474733	0.099056	
0.392656	0.473280	0.134063	
0.059355	0.346699	0.593946	
0.032106	0.817010	0.150884	
0.393217	0.408499	0.198284	
0.819515	0.172694	0.007791	
0.045575	0.720661	0.233765	
0.209628	0.698874	0.091498	
0.466518	0.480461	0.053021	
0.340212	0.623176	0.036612	
0.737996	0.204077	0.057926	
0.504729	0.383827	0.111443	
0.159062	0.273893	0.567045	
0.903552	0.094188	0.002260	
0.615064	0.346607	0.038329	
0.237786	0.353797	0.408416	
0.005881	0.721868	0.272251	
0.010805	0.674123	0.315072	
0.404555	0.459985	0.135460	
0.001287	0.037254	0.961459	
0.720125	0.245024	0.034850	
0.189074	0.575406	0.235520	
0.017023	0.857549	0.125428	
0.457818	0.438250	0.103932	
0.000156	0.001616	0.998227	
0.020005	0.202385	0.777610	
0.106247	0.446180	0.447573	
0.140053	0.364033	0.495914	
0.066655	0.708686	0.224659	
0.591627	0.348248	0.060125	
0.028669	0.694127	0.277204	
0.009537	0.685714	0.304750	
0.461110	0.426056	0.112834	
0.057778	0.724548	0.217674	
0.131826	0.536920	0.331254	
0.045967	0.497178	0.456856	
0.007789	0.623819	0.368392	
0.127502	0.697412	0.175086	
0.129352	0.591709	0.278940	
0.090361	0.699861	0.209778	
0.008898	0.643604	0.347498	
0.006553	0.734497	0.258950	
0.007555	0.665309	0.327136	
0.004003	0.595887	0.400110	
0.001176	0.019266	0.979558	
0.010945	0.734541	0.254514	
0.002316	0.291101	0.706583	
0.205185	0.200431	0.594384	
0.015388	0.215731	0.768881	
0.024183	0.567206	0.408611	
0.174521	0.433538	0.391941	
0.014013	0.280531	0.705456	
0.407621	0.520235	0.072144	
0.724662	0.238658	0.036680	
0.008898	0.088670	0.902432	
0.033945	0.736960	0.229095	
0.112859	0.684427	0.202714	
0.002487	0.523174	0.474339	
0.001533	0.332445	0.666023	
0.002751	0.806366	0.190883	
0.007551	0.146680	0.845768	
0.058283	0.655743	0.285974	
0.005829	0.533796	0.460375	
0.014943	0.526686	0.458371	
0.032040	0.730297	0.237662	
0.768474	0.186269	0.045257	
0.046749	0.385386	0.567866	
0.226170	0.280770	0.493060	
0.102966	0.288287	0.608747	
0.006471	0.654047	0.339482	
0.412754	0.399050	0.188196	
0.015614	0.818541	0.165845	
0.218417	0.584137	0.197446	
0.140440	0.635223	0.224336	
0.018892	0.686360	0.294747	
0.008796	0.720408	0.270795	
0.422891	0.479649	0.097460	
0.491308	0.398796	0.109897	
0.386182	0.270058	0.343761	
0.653662	0.253716	0.092621	
0.024721	0.420661	0.554618	
0.020927	0.519328	0.459745	
0.015252	0.308233	0.676516	
0.571567	0.345803	0.082630	
0.379531	0.469686	0.150784	
0.007685	0.698399	0.293916	
0.005882	0.704848	0.289270	
0.005517	0.218177	0.776306	
0.580243	0.320066	0.099690	
0.124445	0.537956	0.337599	
0.022825	0.639262	0.337913	
0.014608	0.709850	0.275542	
0.367142	0.459686	0.173172	
0.594309	0.293962	0.111729	
0.181054	0.553683	0.265263	
0.641363	0.289132	0.069505	
0.018220	0.136934	0.844847	
0.000784	0.020186	0.979030	
0.914581	0.078607	0.006812	
0.295342	0.511802	0.192856	
0.013343	0.723442	0.263215	
0.006396	0.129856	0.863748	
0.005163	0.648238	0.346599	
0.493552	0.419093	0.087355	
0.017909	0.208525	0.773567	
0.062804	0.479416	0.457780	
0.011800	0.597488	0.390712	
0.260055	0.514396	0.225550	
0.027941	0.616767	0.355292	
0.095496	0.610226	0.294278	
0.007851	0.510558	0.481591	
0.097773	0.346504	0.555723	
0.006381	0.596079	0.397540	
0.013820	0.309360	0.676820	
0.177799	0.670374	0.151827	
0.400701	0.492458	0.106842	
0.223601	0.575353	0.201045	
0.306119	0.432891	0.260990	
0.042505	0.436215	0.521280	
0.074063	0.637605	0.288332	
0.008988	0.787387	0.203625	
0.066285	0.258465	0.675250	
0.178812	0.586019	0.235168	
0.025306	0.691174	0.283521	
0.424590	0.449796	0.125614	
0.080053	0.703903	0.216044	
0.035309	0.627851	0.336840	
0.268254	0.612863	0.118883	
0.003888	0.181603	0.814509	
0.009290	0.376149	0.614562	
0.025560	0.722189	0.252251	
0.009354	0.086129	0.904517	
0.538817	0.319654	0.141530	
0.397935	0.472509	0.129556	
0.012261	0.569792	0.417946	
0.002250	0.102837	0.894913	
0.043410	0.474305	0.482285	
0.008070	0.613576	0.378354	
0.030698	0.739565	0.229737	
0.193360	0.466397	0.340243	
0.055807	0.787320	0.156874	
0.056129	0.698255	0.245616	
0.063214	0.671939	0.264847	
0.104974	0.675084	0.219942	
0.010219	0.407901	0.581879	
0.761512	0.199436	0.039051	
0.005278	0.699133	0.295589	
0.008639	0.762877	0.228484	
0.009678	0.674478	0.315844	
0.086587	0.643974	0.269439	
0.021143	0.399735	0.579121	
0.023849	0.407185	0.568965	
0.022027	0.788917	0.189056	
0.014055	0.717245	0.268700	
0.016289	0.810893	0.172818	
0.734093	0.231034	0.034873	
0.012390	0.411998	0.575612	
0.010115	0.544911	0.444974	
0.011603	0.172758	0.815638	
0.003088	0.026722	0.970190	
0.506389	0.340513	0.153098	
0.079678	0.611773	0.308549	
0.029131	0.666805	0.304063	
0.092157	0.337542	0.570301	
0.008772	0.589526	0.401703	
0.103454	0.165366	0.731180	
0.361577	0.392782	0.245641	
0.009162	0.246271	0.744566	
0.031156	0.705428	0.263416	
0.010153	0.582676	0.407171	
0.273727	0.524088	0.202186	
0.008707	0.590233	0.401059	
0.709017	0.223827	0.067155	
0.037861	0.344202	0.617937	
0.013193	0.769102	0.217705	
0.002647	0.330615	0.666738	
0.018535	0.802891	0.178574	
0.076981	0.583733	0.339286	
0.007341	0.728689	0.263970	
0.273494	0.587904	0.138602	
0.021503	0.579699	0.398798	
0.468727	0.414008	0.117265	
0.004039	0.656037	0.339923	
0.329174	0.515423	0.155403	
0.301701	0.608850	0.089449	
0.595729	0.334491	0.069780	
0.008573	0.086089	0.905339	
0.006793	0.314375	0.678832	
0.023923	0.362477	0.613600	
0.007425	0.075710	0.916865	
0.362935	0.379153	0.257912	
0.008746	0.702057	0.289196	
0.050173	0.699431	0.250396	
0.686246	0.263333	0.050421	
0.148382	0.273403	0.578215	
0.076701	0.389628	0.533671	
0.038225	0.386173	0.575602	
0.016415	0.618043	0.365542	
0.208402	0.537777	0.253821	
0.508687	0.386158	0.105155	
0.175379	0.667761	0.156860	
0.374774	0.453796	0.171429	
0.045143	0.668592	0.286265	
0.289409	0.558791	0.151800	
0.552931	0.334424	0.112644	
0.588879	0.317166	0.093955	
0.782790	0.193085	0.024125	
0.008774	0.696801	0.294425	
0.053889	0.799546	0.146565	
0.359471	0.575867	0.064662	
0.560682	0.348371	0.090948	
0.516654	0.390119	0.093227	
0.045816	0.723623	0.230561	
0.361039	0.511429	0.127532	
0.114333	0.632906	0.252762	
0.033762	0.176337	0.789901	
0.046402	0.445209	0.508389	
0.453165	0.435123	0.111712	
0.318750	0.443273	0.237977	
0.099015	0.429797	0.471188	
0.270794	0.581684	0.147522	
0.650829	0.271753	0.077419	
0.078124	0.738851	0.183026	
0.106257	0.238575	0.655168	
0.341413	0.533231	0.125355	
0.243774	0.249130	0.507096	
0.046534	0.266930	0.686536	
0.744115	0.228075	0.027811	
0.660734	0.281659	0.057607	
0.143952	0.254271	0.601777	
0.006332	0.128464	0.865204	
0.102207	0.740761	0.157032	
0.345339	0.549108	0.105553	
0.400765	0.552100	0.047135	
0.625576	0.319090	0.055334	
0.375652	0.491690	0.132658	
0.337697	0.572336	0.089967	
0.196199	0.297647	0.506154	
0.124300	0.468625	0.407075	
0.353718	0.420661	0.225620	
0.315771	0.556166	0.128063	
0.351222	0.372884	0.275894	
0.041036	0.815928	0.143036	
0.198336	0.623796	0.177868	
0.008818	0.677113	0.314069	
0.102700	0.736701	0.160599	
0.054193	0.782825	0.162983	
0.729328	0.244539	0.026133	
0.738886	0.173337	0.087777	
0.093387	0.201767	0.704846	
0.008593	0.735339	0.256068	
0.631042	0.293182	0.075775	
0.529435	0.434810	0.035755	
0.012632	0.837614	0.149753	
0.251659	0.625275	0.123066	
0.022121	0.824553	0.153326	
0.477161	0.411295	0.111543	
0.075866	0.727401	0.196734	
0.009949	0.695952	0.294099	
0.430609	0.435216	0.134175	
0.035885	0.829859	0.134255	
0.027131	0.404130	0.568738	
0.097932	0.731135	0.170932	
0.280134	0.567168	0.152699	
0.424795	0.197230	0.377976	
0.319387	0.451794	0.228819	
0.071838	0.622943	0.305219	
0.346492	0.537521	0.115987	
0.016019	0.858151	0.125830	
0.066832	0.728282	0.204886	
0.002582	0.123741	0.873677	
0.015330	0.827572	0.157097	
0.016624	0.760834	0.222541	
0.016189	0.243375	0.740437	
0.005454	0.750768	0.243778	
0.007065	0.071133	0.921802	
0.008915	0.790417	0.200667	
0.818344	0.165364	0.016292	
0.047121	0.794513	0.158367	
0.008470	0.666506	0.325024	
0.119120	0.658468	0.222411	
0.469858	0.464321	0.065821	
0.026855	0.796143	0.177001	
0.141225	0.577953	0.280822	
0.353579	0.584581	0.061839	
0.012147	0.772451	0.215402	
0.829751	0.153645	0.016604	
0.012753	0.737553	0.249694	
0.725687	0.232768	0.041545	
0.766206	0.202618	0.031176	
0.063464	0.702291	0.234244	
0.010768	0.451961	0.537271	
0.036150	0.760171	0.203679	
0.200649	0.606489	0.192862	
0.161971	0.581012	0.257018	
0.010982	0.639015	0.350003	
0.035298	0.222141	0.742562	
0.050806	0.237898	0.711296	
0.246206	0.602625	0.151168	
0.474262	0.330429	0.195309	
0.009958	0.346744	0.643299	
0.865607	0.115283	0.019111	
0.112039	0.738817	0.149143	
0.046111	0.450558	0.503331	
0.049147	0.841922	0.108932	
0.207757	0.570548	0.221695	
0.075505	0.637328	0.287167	
0.300507	0.567755	0.131739	
0.026606	0.207911	0.765483	
0.003915	0.050829	0.945255	
0.260549	0.436899	0.302553	
0.018707	0.262206	0.719088	
0.865135	0.124578	0.010287	
0.091215	0.736291	0.172494	
0.246432	0.539877	0.213691	
0.108824	0.254390	0.636786	
0.020657	0.079606	0.899737	
0.009540	0.743184	0.247276	
0.057218	0.450552	0.492230	
0.642986	0.294840	0.062174	
0.146340	0.157263	0.696398	
0.030917	0.209534	0.759549	
0.014360	0.430470	0.555170	
0.399997	0.485901	0.114102	
0.637643	0.313219	0.049138	
0.347398	0.522652	0.129951	
0.660482	0.293486	0.046031	
0.674123	0.292442	0.033435	
0.050465	0.319022	0.630512	
0.094038	0.683821	0.222140	
0.310951	0.284148	0.404902	
0.016759	0.734640	0.248601	
0.369647	0.423980	0.206373	
0.574018	0.392894	0.033088	
0.009899	0.635230	0.354872	
0.859171	0.131201	0.009628	
0.729402	0.238300	0.032299	
0.278691	0.610044	0.111265	
0.627188	0.330628	0.042184	
0.002402	0.052630	0.944969	
0.058718	0.677528	0.263754	
0.005828	0.337912	0.656260	
0.010064	0.585559	0.404376	
0.072484	0.678800	0.248716	
0.463176	0.400728	0.136095	
0.759101	0.221155	0.019744	
0.160267	0.537382	0.302351	
0.009814	0.747870	0.242316	
0.034882	0.671808	0.293310	
0.011414	0.696094	0.292492	
0.552446	0.290466	0.157088	
0.163943	0.581747	0.254310	
0.132524	0.586073	0.281404	
0.137242	0.268128	0.594630	
0.034857	0.549615	0.415528	
0.002156	0.051632	0.946211	
0.010179	0.068020	0.921801	
0.904600	0.085291	0.010109	
0.019863	0.230285	0.749852	
0.101630	0.525006	0.373364	
0.820463	0.157274	0.022263	
0.013842	0.549883	0.436275	
0.007797	0.631614	0.360588	
0.015174	0.699121	0.285705	
0.021826	0.690270	0.287904	
0.378629	0.434501	0.186870	
0.709778	0.231520	0.058702	
0.039819	0.604312	0.355869	
0.008885	0.459995	0.531120	
0.192975	0.683258	0.123767	
0.011231	0.060093	0.928676	
0.039578	0.477801	0.482620	
0.464239	0.396845	0.138917	
0.082338	0.623682	0.293980	
0.046014	0.256890	0.697096	
0.686878	0.205515	0.107607	
0.013661	0.295332	0.691007	
0.040701	0.716882	0.242416	
0.797496	0.157059	0.045445	
0.055887	0.706884	0.237229	
0.010030	0.655401	0.334569	
0.120557	0.213441	0.666003	
0.529574	0.354955	0.115471	
0.010151	0.409615	0.580234	
0.011859	0.169724	0.818417	
0.252667	0.644560	0.102773	
0.196613	0.504660	0.298727	
0.461079	0.373052	0.165869	
0.007863	0.833009	0.159128	
0.044596	0.377243	0.578161	
0.682369	0.272249	0.045382	
0.003547	0.055798	0.940655	
0.389497	0.408727	0.201776	
0.087411	0.391806	0.520783	
0.461975	0.355655	0.182369	
0.360713	0.506422	0.132865	
0.943528	0.052227	0.004245	
0.075372	0.629481	0.295146	
0.012758	0.634721	0.352521	
0.045240	0.679286	0.275474	
0.462975	0.477743	0.059282	
0.034002	0.402450	0.563548	
0.418774	0.417597	0.163629	
0.244602	0.496239	0.259159	
0.133746	0.682042	0.184212	
0.010055	0.451816	0.538129	
0.317752	0.298162	0.384086	
0.014935	0.754892	0.230173	
0.000642	0.018970	0.980387	
0.694317	0.269527	0.036156	
0.043986	0.705630	0.250384	
0.025093	0.399699	0.575208	
0.003471	0.053796	0.942733	
0.037718	0.224957	0.737326	
0.547410	0.375708	0.076882	
0.685336	0.246904	0.067760	
0.038794	0.666294	0.294912	
0.194164	0.318345	0.487491	
0.001645	0.036337	0.962018	
0.504888	0.365539	0.129573	
0.159945	0.637380	0.202676	
0.011636	0.252309	0.736055	
0.370241	0.348272	0.281487	
0.327039	0.373552	0.299409	
0.040924	0.111338	0.847738	
0.104845	0.214666	0.680489	
0.393102	0.451221	0.155677	
0.406973	0.506711	0.086317	
0.000167	0.004924	0.994909	
0.593516	0.282220	0.124264	
0.331151	0.455825	0.213024	
0.000506	0.018051	0.981443	
0.010048	0.390737	0.599215	
0.449787	0.198747	0.351466	
0.304878	0.515749	0.179373	
0.067285	0.348677	0.584038	
0.598083	0.281315	0.120602	
0.103353	0.211330	0.685317	
0.411986	0.474660	0.113354	
0.010754	0.197733	0.791512	
0.000228	0.020721	0.979051	
0.011842	0.104525	0.883632	
0.327785	0.525238	0.146977	
0.001707	0.075466	0.922827	
0.008766	0.054482	0.936752	
0.567974	0.326837	0.105189	
0.334671	0.497302	0.168027	
0.935236	0.061210	0.003554	
0.010169	0.163871	0.825961	
0.016142	0.316954	0.666904	
0.008612	0.593694	0.397694	
0.111705	0.478580	0.409715	
0.019243	0.549117	0.431640	
0.000574	0.033819	0.965607	
0.111496	0.403461	0.485043	
0.673712	0.274293	0.051995	
0.188812	0.529673	0.281515	
0.074270	0.479694	0.446036	
0.044086	0.580979	0.374936	
0.486528	0.377768	0.135704	
0.957415	0.040057	0.002529	
0.034628	0.137001	0.828371	
0.053851	0.637854	0.308295	
0.791512	0.163881	0.044607	
0.051434	0.234893	0.713673	
0.031502	0.154319	0.814179	
0.630732	0.286591	0.082677	
0.013240	0.279229	0.707530	
0.823261	0.146208	0.030531	
0.019093	0.357399	0.623507	
0.306951	0.531835	0.161214	
0.737255	0.238253	0.024492	
0.117900	0.740071	0.142029	
0.000162	0.003994	0.995844	
0.040214	0.640102	0.319684	
0.758576	0.221809	0.019616	
0.032987	0.108069	0.858944	
0.532805	0.417557	0.049638	
0.461957	0.309346	0.228697	
0.026406	0.846053	0.127540	
0.430472	0.479402	0.090127	
0.007506	0.830621	0.161873	
0.299733	0.534724	0.165543	
0.535646	0.411480	0.052874	
0.353084	0.520177	0.126739	
0.225581	0.595453	0.178966	
0.432333	0.490996	0.076671	
0.481504	0.454929	0.063567	
0.119388	0.776475	0.104138	
0.038709	0.342073	0.619218	
0.711501	0.266918	0.021581	
0.634141	0.341870	0.023989	
0.718044	0.252286	0.029670	
0.004187	0.101142	0.894671	
0.083487	0.653526	0.262987	
0.585145	0.306280	0.108575	
0.666753	0.310071	0.023176	
0.033135	0.841917	0.124948	
0.558485	0.325179	0.116336	
0.609954	0.364278	0.025768	
0.650429	0.320309	0.029263	
0.182678	0.494811	0.322511	
0.098403	0.827346	0.074251	
0.172033	0.419358	0.408609	
0.288173	0.558391	0.153435	
0.717233	0.246399	0.036367	
0.343462	0.372762	0.283776	
0.460700	0.464359	0.074941	
0.005941	0.144207	0.849852	
0.356414	0.597153	0.046433	
0.720892	0.264995	0.014113	
0.752312	0.225719	0.021969	
0.505558	0.309683	0.184759	
0.012365	0.563636	0.423998	
0.007376	0.767488	0.225135	
0.005749	0.720286	0.273965	
0.297062	0.587818	0.115120	
0.090969	0.721412	0.187619	
0.180087	0.502311	0.317602	
0.006643	0.754350	0.239008	
0.519798	0.366375	0.113827	
0.651391	0.249932	0.098677	
0.041109	0.687597	0.271295	
0.313869	0.346346	0.339785	
0.105311	0.726169	0.168520	
0.004607	0.300881	0.694511	
0.271178	0.685367	0.043456	
0.013230	0.730905	0.255866	
0.254270	0.537399	0.208331	
0.178612	0.399879	0.421509	
0.023436	0.863675	0.112889	
0.000266	0.014564	0.985171	
0.032028	0.771157	0.196815	
0.008645	0.085468	0.905887	
0.010443	0.802258	0.187299	
0.835430	0.142659	0.021910	
0.010060	0.461538	0.528402	
0.077697	0.694388	0.227914	
0.062693	0.792295	0.145011	
0.389157	0.556315	0.054528	
0.490243	0.458737	0.051020	
0.052151	0.450250	0.497599	
0.356858	0.525103	0.118039	
0.177621	0.658973	0.163407	
0.086524	0.757111	0.156365	
0.641903	0.329733	0.028364	
0.478118	0.246084	0.275798	
0.028128	0.778967	0.192905	
0.523953	0.393729	0.082318	
0.700113	0.271225	0.028662	
0.104885	0.222383	0.672732	
0.354356	0.234872	0.410771	
0.000455	0.010875	0.988670	
0.257582	0.635792	0.106626	
0.049672	0.819280	0.131048	
0.245498	0.647659	0.106843	
0.017074	0.200404	0.782522	
0.113307	0.782776	0.103917	
0.658891	0.304088	0.037021	
0.811796	0.171295	0.016909	
0.034348	0.569736	0.395916	
0.581805	0.354253	0.063942	
0.005830	0.550820	0.443351	
0.571266	0.361256	0.067478	
0.475606	0.458311	0.066083	
0.009829	0.799154	0.191017	
0.607135	0.347374	0.045492	
0.006932	0.320022	0.673046	
0.242389	0.581451	0.176160	
0.839676	0.146467	0.013857	
0.000402	0.014811	0.984787	
0.012977	0.594109	0.392914	
0.017206	0.581808	0.400986	
0.815224	0.154641	0.030136	
0.054848	0.679782	0.265370	
0.041974	0.669620	0.288405	
0.025054	0.404274	0.570672	
0.263915	0.421242	0.314843	
0.721673	0.229027	0.049300	
0.310803	0.238759	0.450438	
0.047141	0.681695	0.271164	
0.173285	0.622986	0.203728	
0.061625	0.571801	0.366574	
0.289040	0.549919	0.161042	
0.337244	0.385862	0.276894	
0.527187	0.318170	0.154642	
0.027267	0.633701	0.339032	
0.474898	0.395655	0.129447	
0.019239	0.519658	0.461103	
0.320091	0.529933	0.149976	
0.553765	0.313996	0.132239	
0.308582	0.530381	0.161037	
0.557659	0.361340	0.081001	
0.631733	0.215975	0.152292	
0.001312	0.026225	0.972463	
0.030416	0.649242	0.320343	
0.008049	0.595817	0.396134	
0.026974	0.161377	0.811649	
0.031902	0.555244	0.412854	
0.396775	0.384159	0.219065	
0.003542	0.313475	0.682983	
0.229494	0.550118	0.220388	
0.008591	0.415111	0.576299	
0.014520	0.429375	0.556105	
0.247284	0.415199	0.337517	
0.000235	0.002322	0.997443	
0.793254	0.191242	0.015504	
0.081454	0.192005	0.726541	
0.023043	0.582944	0.394013	
0.889854	0.096819	0.013327	
0.881435	0.106194	0.012371	
0.006556	0.497527	0.495917	
0.070821	0.199218	0.729961	
0.008114	0.670100	0.321785	
0.020360	0.430401	0.549239	
0.006261	0.057279	0.936460	
0.378619	0.512569	0.108813	
0.489346	0.424939	0.085715	
0.002807	0.639397	0.357796	
0.294775	0.543375	0.161850	
0.049474	0.441733	0.508793	
0.120634	0.710773	0.168593	
0.008669	0.050063	0.941268	
0.000731	0.020546	0.978723	
0.328128	0.543437	0.128434	
0.005297	0.111414	0.883289	
0.429966	0.425068	0.144966	
0.011377	0.512403	0.476220	
0.015457	0.669556	0.314987	
0.002441	0.022894	0.974665	
0.052548	0.527263	0.420188	
0.409341	0.425673	0.164986	
0.014181	0.233277	0.752542	
0.037953	0.506491	0.455556	
0.004951	0.030390	0.964659	
0.013148	0.734810	0.252041	
0.067173	0.768436	0.164391	
0.204872	0.684474	0.110654	
0.030869	0.521104	0.448027	
0.016402	0.314249	0.669349	
0.663217	0.309126	0.027657	
0.007452	0.258676	0.733872	
0.012068	0.704410	0.283523	
0.006825	0.801266	0.191909	
0.716566	0.256855	0.026579	
0.776222	0.204135	0.019643	
0.210370	0.634021	0.155609	
0.015261	0.455823	0.528916	
0.006063	0.191312	0.802625	
0.262822	0.593153	0.144025	
0.001664	0.074984	0.923352	
0.938560	0.051137	0.010302	
0.007532	0.363152	0.629316	
0.003523	0.659548	0.336929	
0.401616	0.364977	0.233406	
0.000597	0.038409	0.960993	
0.012274	0.413680	0.574046	
0.672454	0.152935	0.174610	
0.467996	0.286834	0.245170	
0.051164	0.828363	0.120473	
0.289060	0.381496	0.329444	
0.298964	0.500164	0.200872	
0.050339	0.238845	0.710816	
0.010366	0.147508	0.842126	
0.323483	0.367228	0.309289	
0.259178	0.610805	0.130017	
0.041861	0.475525	0.482614	
0.699296	0.251808	0.048896	
0.101676	0.664992	0.233332	
0.014025	0.408163	0.577812	
0.007974	0.060322	0.931704	
0.101373	0.730449	0.168178	
0.420300	0.542090	0.037610	
0.060926	0.861995	0.077079	
0.293837	0.611139	0.095023	
0.082848	0.703382	0.213770	
0.003906	0.468342	0.527753	
0.018344	0.346148	0.635508	
0.095989	0.758270	0.145741	
0.786313	0.194693	0.018994	
0.343559	0.494469	0.161972	
0.103741	0.433122	0.463137	
0.007321	0.061120	0.931559	
0.648882	0.292114	0.059004	
0.164958	0.554491	0.280551	
0.535569	0.383092	0.081339	
0.017182	0.727742	0.255076	
0.292055	0.580266	0.127679	
0.235365	0.533403	0.231232	
0.215032	0.555743	0.229225	
0.483212	0.445366	0.071422	
0.329192	0.534435	0.136373	
0.013253	0.584286	0.402461	
0.718345	0.237570	0.044085	
0.395583	0.475774	0.128643	
0.021613	0.069444	0.908943	
0.439049	0.489888	0.071064	
0.646398	0.317806	0.035796	
0.780662	0.206572	0.012766	
0.634652	0.257928	0.107420	
0.036765	0.387822	0.575413	
0.034610	0.738263	0.227127	
0.000270	0.004238	0.995492	
0.016464	0.370840	0.612696	
0.509458	0.404997	0.085545	
0.216987	0.664457	0.118556	
0.011120	0.119900	0.868980	
0.013127	0.192355	0.794518	
0.104213	0.395702	0.500085	
0.525267	0.414325	0.060408	
0.029740	0.475942	0.494318	
0.058827	0.515020	0.426153	
0.065324	0.743784	0.190892	
0.277252	0.535583	0.187165	
0.038747	0.815701	0.145552	
0.780417	0.204858	0.014724	
0.912494	0.079773	0.007733	
0.010998	0.668614	0.320388	
0.012625	0.458833	0.528541	
0.739396	0.220343	0.040261	
0.881183	0.107235	0.011582	
0.007504	0.794010	0.198486	
0.393937	0.554487	0.051576	
0.149568	0.647602	0.202830	
0.010384	0.035630	0.953987	
0.189471	0.408979	0.401550	
0.343369	0.372638	0.283993	
0.079414	0.179416	0.741170	
0.065604	0.721955	0.212441	
0.005777	0.740940	0.253283	
0.054256	0.719366	0.226378	
0.033011	0.802645	0.164344	
0.005546	0.747749	0.246705	
0.693696	0.272798	0.033506	
0.264877	0.559522	0.175602	
0.046115	0.539923	0.413962	
0.182998	0.728934	0.088068	
0.426077	0.390951	0.182972	
0.776857	0.178309	0.044834	
0.011007	0.734059	0.254934	
0.762426	0.204733	0.032841	
0.774739	0.193809	0.031452	
0.280439	0.462760	0.256801	
0.000106	0.005548	0.994346	
0.010606	0.797955	0.191440	
0.251383	0.638711	0.109906	
0.076956	0.109494	0.813550	
0.005939	0.077479	0.916582	
0.481687	0.303782	0.214532	
0.002663	0.024785	0.972552	
0.001312	0.013811	0.984877	
0.002106	0.047190	0.950704	
0.034124	0.338652	0.627224	
0.081151	0.195720	0.723129	
0.010714	0.656052	0.333234	
0.001321	0.020707	0.977972	
0.000342	0.012966	0.986692	
0.011000	0.592907	0.396092	
0.010111	0.506933	0.482955	
0.645627	0.278775	0.075599	
0.000199	0.005885	0.993916	
0.233153	0.330879	0.435968	
0.000863	0.025654	0.973483	
0.206252	0.393771	0.399977	
0.041201	0.346227	0.612572	
0.010650	0.164869	0.824481	
0.497181	0.306573	0.196246	
0.031159	0.300801	0.668040	
0.000212	0.009497	0.990291	
0.359653	0.455578	0.184769	
0.868821	0.117776	0.013403	
0.089344	0.604518	0.306138	
0.330886	0.401638	0.267476	
0.038313	0.172201	0.789486	
0.029785	0.334170	0.636044	
0.158799	0.195781	0.645420	
0.503304	0.378639	0.118057	
0.007613	0.174607	0.817780	
0.110824	0.169562	0.719613	
0.308922	0.337184	0.353894	
0.027986	0.415183	0.556831	
0.042848	0.297615	0.659537	
0.073859	0.553612	0.372528	
0.107037	0.582382	0.310580	
0.025589	0.618365	0.356046	
0.009767	0.073274	0.916959	
0.031921	0.503384	0.464695	
0.259021	0.515669	0.225310	
0.013927	0.141126	0.844947	
0.004812	0.598625	0.396563	
0.187521	0.453945	0.358534	
0.108848	0.452589	0.438563	
0.098889	0.257423	0.643688	
0.764423	0.192117	0.043460	
0.396311	0.475248	0.128441	
0.511729	0.325056	0.163214	
0.001511	0.025717	0.972772	
0.017358	0.240456	0.742185	
0.207821	0.690310	0.101869	
0.772121	0.187240	0.040639	
0.146614	0.236616	0.616770	
0.184153	0.291431	0.524417	
0.698423	0.242163	0.059414	
0.425422	0.389715	0.184863	
0.538119	0.293443	0.168438	
0.021779	0.328474	0.649747	
0.734110	0.221092	0.044798	
0.063842	0.518846	0.417312	
0.020023	0.361226	0.618750	
0.016277	0.148511	0.835212	
0.007013	0.745175	0.247812	
0.053293	0.518656	0.428051	
0.794145	0.178734	0.027121	
0.126305	0.461533	0.412163	
0.136198	0.621882	0.241919	
0.602292	0.291693	0.106016	
0.151469	0.418622	0.429908	
0.275323	0.204585	0.520092	
0.528928	0.372776	0.098295	
0.639172	0.279718	0.081110	
0.678652	0.241051	0.080298	
0.036783	0.703541	0.259676	
0.015418	0.381606	0.602976	
0.006861	0.756224	0.236915	
0.569715	0.313965	0.116320	
0.107692	0.342111	0.550197	
0.060695	0.633463	0.305842	
0.019235	0.616533	0.364232	
0.756743	0.205894	0.037363	
0.003166	0.087749	0.909084	
0.001195	0.034813	0.963992	
0.046155	0.393376	0.560469	
0.000364	0.020338	0.979299	
0.006239	0.337952	0.655809	
0.003327	0.101097	0.895577	
0.003408	0.067240	0.929353	
0.637847	0.284066	0.078087	
0.004869	0.200601	0.794530	
0.041626	0.237447	0.720927	
0.763688	0.192836	0.043475	
0.003425	0.086255	0.910319	
0.021992	0.186301	0.791707	
0.045782	0.579360	0.374858	
0.482525	0.327050	0.190424	
0.061185	0.181515	0.757300	
0.080382	0.532470	0.387148	
0.014870	0.675967	0.309163	
0.211343	0.417747	0.370910	
0.616495	0.326614	0.056891	
0.927438	0.065826	0.006736	
0.007439	0.648055	0.344506	
0.011878	0.172946	0.815177	
0.005810	0.613498	0.380693	
0.005798	0.656108	0.338095	
0.088633	0.318999	0.592368	
0.003113	0.076325	0.920562	
0.042140	0.678401	0.279459	
0.003717	0.592657	0.403626	
0.163918	0.416205	0.419877	
0.167980	0.381110	0.450910	
0.648360	0.253668	0.097972	
0.023570	0.338874	0.637556	
0.015397	0.770360	0.214243	
0.007252	0.103131	0.889617	
0.007788	0.739267	0.252945	
0.036093	0.178168	0.785739	
0.002924	0.108547	0.888529	
0.749934	0.194765	0.055301	
0.002546	0.336612	0.660841	
0.227500	0.201396	0.571104	
0.006310	0.128387	0.865304	
0.319551	0.368801	0.311648	
0.132718	0.183993	0.683289	
0.011508	0.077266	0.911226	
0.009868	0.359197	0.630934	
0.000450	0.010040	0.989510	
0.488804	0.415252	0.095944	
0.006882	0.081863	0.911256	
0.004337	0.177515	0.818148	
0.035386	0.265185	0.699429	
0.005293	0.661092	0.333615	
0.001491	0.053730	0.944779	
0.017752	0.512670	0.469578	
0.709623	0.238978	0.051400	
0.300084	0.501427	0.198489	
0.000599	0.032944	0.966457	
0.046608	0.520660	0.432732	
0.215678	0.334594	0.449729	
0.202356	0.245265	0.552380	
0.006986	0.185833	0.807181	
0.414620	0.446900	0.138480	
0.010239	0.430461	0.559300	
0.002150	0.036302	0.961548	
0.198261	0.532750	0.268989	
0.003476	0.388303	0.608222	
0.030943	0.228569	0.740488	
0.000863	0.019390	0.979747	
0.030350	0.055812	0.913838	
0.197983	0.400598	0.401419	
