0.080821	0.428717	0.490463	
0.850288	0.133916	0.015796	
0.732515	0.132713	0.134772	
0.749250	0.233318	0.017433	
0.222280	0.421177	0.356543	
0.222280	0.421177	0.356543	
0.056578	0.209970	0.733451	
0.732102	0.232301	0.035597	
0.202152	0.278268	0.519579	
0.605003	0.324021	0.070976	
0.325964	0.498524	0.175512	
0.063615	0.808384	0.128001	
0.006927	0.224601	0.768473	
0.222280	0.421177	0.356543	
0.009387	0.851299	0.139314	
0.056686	0.167939	0.775375	
0.094317	0.618267	0.287416	
0.338645	0.634563	0.026791	
0.222280	0.421177	0.356543	
0.222280	0.421177	0.356543	
0.000881	0.014580	0.984539	
0.129149	0.443553	0.427298	
0.089971	0.333247	0.576782	
0.827836	0.154878	0.017285	
0.222280	0.421177	0.356543	
0.868055	0.116794	0.015151	
0.008649	0.764846	0.226505	
0.222280	0.421177	0.356543	
0.126915	0.672510	0.200575	
0.205927	0.355682	0.438391	
0.170586	0.284360	0.545054	
0.003333	0.092626	0.904041	
0.008573	0.047453	0.943973	
0.022577	0.147804	0.829619	
0.013138	0.747911	0.238952	
0.006900	0.159315	0.833785	
0.719702	0.248375	0.031923	
0.650923	0.291705	0.057372	
0.222280	0.421177	0.356543	
0.222280	0.421177	0.356543	
0.222280	0.421177	0.356543	
0.130282	0.798825	0.070893	
0.188102	0.683907	0.127992	
0.714310	0.232443	0.053247	
0.020382	0.726585	0.253033	
0.222280	0.421177	0.356543	
0.005718	0.179625	0.814657	
0.261380	0.226434	0.512186	
0.007439	0.557363	0.435198	
0.004711	0.057561	0.937727	
0.222280	0.421177	0.356543	
0.166109	0.673199	0.160692	
0.060298	0.669348	0.270354	
0.007173	0.196699	0.796127	
0.007731	0.811433	0.180835	
0.222280	0.421177	0.356543	
0.222280	0.421177	0.356543	
0.222280	0.421177	0.356543	
0.005904	0.582436	0.411660	
0.458969	0.357816	0.183215	
0.385520	0.482748	0.131732	
0.720842	0.241715	0.037444	
0.015715	0.185984	0.798301	
0.305253	0.291768	0.402980	
0.222280	0.421177	0.356543	
0.015659	0.455699	0.528643	
0.966409	0.032025	0.001567	
0.222280	0.421177	0.356543	
0.365255	0.505510	0.129235	
0.011751	0.164005	0.824244	
0.871694	0.115661	0.012645	
0.430819	0.343236	0.225945	
0.008993	0.652270	0.338737	
0.024273	0.615124	0.360603	
0.222280	0.421177	0.356543	
0.222280	0.421177	0.356543	
0.222280	0.421177	0.356543	
0.004099	0.032105	0.963796	
0.013259	0.795187	0.191554	
0.222280	0.421177	0.356543	
0.040812	0.751686	0.207502	
0.002303	0.015132	0.982565	
0.393401	0.502119	0.104480	
0.087917	0.142124	0.769959	
0.222280	0.421177	0.356543	
0.165746	0.552741	0.281512	
0.096241	0.664924	0.238835	
0.004992	0.114479	0.880529	
0.007826	0.075272	0.916902	
0.623149	0.270428	0.106423	
0.175307	0.643355	0.181338	
0.058875	0.729347	0.211779	
0.131788	0.805997	0.062215	
0.222280	0.421177	0.356543	
0.739022	0.227354	0.033624	
0.003901	0.392979	0.603120	
0.222280	0.421177	0.356543	
0.025068	0.772886	0.202046	
0.006167	0.622343	0.371490	
0.016423	0.047356	0.936221	
0.021272	0.726493	0.252235	
0.089562	0.657583	0.252855	
0.623720	0.336740	0.039541	
0.139753	0.437411	0.422837	
0.207266	0.571202	0.221533	
0.009434	0.834322	0.156243	
0.030166	0.640874	0.328960	
0.059588	0.574118	0.366294	
0.048309	0.625134	0.326557	
0.841751	0.145340	0.012909	
0.011037	0.183739	0.805224	
0.860801	0.126687	0.012512	
0.165132	0.719263	0.115606	
0.159615	0.654398	0.185988	
0.272902	0.448626	0.278472	
0.006781	0.654033	0.339186	
0.119588	0.152201	0.728211	
0.044689	0.730589	0.224722	
0.015624	0.722395	0.261981	
0.032164	0.839115	0.128721	
0.044807	0.741949	0.213244	
0.222280	0.421177	0.356543	
0.436278	0.372714	0.191007	
0.018137	0.219967	0.761895	
0.222280	0.421177	0.356543	
0.222280	0.421177	0.356543	
0.222280	0.421177	0.356543	
0.924267	0.072607	0.003126	
0.014854	0.739913	0.245233	
0.088618	0.450749	0.460633	
0.022004	0.666307	0.311689	
0.020785	0.720539	0.258676	
0.298737	0.390564	0.310700	
0.898243	0.091664	0.010093	
0.088866	0.678465	0.232669	
0.222280	0.421177	0.356543	
0.051818	0.598952	0.349231	
0.451975	0.341314	0.206711	
0.027189	0.663869	0.308942	
0.000529	0.012372	0.987100	
0.005460	0.770440	0.224100	
0.222280	0.421177	0.356543	
0.031396	0.211929	0.756676	
0.035761	0.489422	0.474818	
0.000072	0.008631	0.991297	
0.618324	0.341177	0.040499	
0.017976	0.801322	0.180702	
0.161276	0.661585	0.177139	
0.006540	0.648572	0.344887	
0.007155	0.406743	0.586101	
0.010305	0.772825	0.216870	
0.190859	0.632817	0.176324	
0.222280	0.421177	0.356543	
0.384196	0.218054	0.397750	
0.671072	0.287874	0.041054	
0.024735	0.814102	0.161163	
0.248009	0.598684	0.153307	
0.151944	0.573547	0.274510	
0.008359	0.735676	0.255964	
0.224962	0.660962	0.114076	
0.100595	0.462980	0.436425	
0.009143	0.271995	0.718862	
0.607635	0.320196	0.072168	
0.528381	0.374920	0.096699	
0.712301	0.204427	0.083271	
0.077799	0.323985	0.598216	
0.023992	0.046581	0.929427	
0.422745	0.403858	0.173397	
0.222280	0.421177	0.356543	
0.099596	0.747735	0.152670	
0.015566	0.421417	0.563016	
0.222280	0.421177	0.356543	
0.149842	0.805345	0.044813	
0.163695	0.696544	0.139761	
0.094685	0.327287	0.578028	
0.003227	0.092696	0.904077	
0.068005	0.750849	0.181146	
0.624449	0.267961	0.107590	
0.095134	0.686350	0.218516	
0.430199	0.422530	0.147271	
0.016750	0.796649	0.186601	
0.031782	0.448911	0.519307	
0.050060	0.321531	0.628408	
0.222280	0.421177	0.356543	
0.008144	0.579140	0.412717	
0.088941	0.835652	0.075407	
0.083793	0.461438	0.454769	
0.894351	0.098290	0.007359	
0.708716	0.223885	0.067400	
0.291573	0.436141	0.272286	
0.222280	0.421177	0.356543	
0.000210	0.005416	0.994374	
0.222280	0.421177	0.356543	
0.186982	0.648864	0.164154	
0.002113	0.097903	0.899984	
0.222280	0.421177	0.356543	
0.418712	0.507603	0.073685	
0.908411	0.083665	0.007924	
0.014247	0.405401	0.580352	
0.222280	0.421177	0.356543	
0.051450	0.544139	0.404410	
0.212502	0.493951	0.293547	
0.000341	0.014222	0.985437	
0.242748	0.569266	0.187986	
0.011566	0.430126	0.558309	
0.000910	0.023535	0.975555	
0.009720	0.748487	0.241793	
0.033793	0.623922	0.342285	
0.143633	0.702284	0.154082	
0.581644	0.358818	0.059538	
0.889815	0.099883	0.010302	
0.032070	0.692409	0.275521	
0.007192	0.652249	0.340558	
0.007695	0.768840	0.223465	
0.405328	0.445679	0.148993	
0.222280	0.421177	0.356543	
0.222280	0.421177	0.356543	
0.030037	0.682646	0.287318	
0.024246	0.171349	0.804404	
0.245705	0.326894	0.427401	
0.034587	0.726065	0.239348	
0.222280	0.421177	0.356543	
0.038148	0.576262	0.385590	
0.222280	0.421177	0.356543	
0.150284	0.594987	0.254730	
0.146719	0.609474	0.243808	
0.432927	0.519487	0.047586	
0.020864	0.754578	0.224558	
0.550264	0.395897	0.053839	
0.699609	0.271112	0.029279	
0.650282	0.275831	0.073887	
0.626778	0.359433	0.013789	
0.000056	0.003615	0.996328	
0.663046	0.286701	0.050253	
0.039920	0.079565	0.880515	
0.222280	0.421177	0.356543	
0.267918	0.336921	0.395161	
0.009210	0.223366	0.767424	
0.833563	0.144937	0.021500	
0.804880	0.164635	0.030484	
0.057993	0.593138	0.348868	
0.124047	0.806156	0.069797	
0.222280	0.421177	0.356543	
0.165746	0.552741	0.281512	
0.006298	0.740101	0.253601	
0.528093	0.384663	0.087244	
0.005319	0.746552	0.248129	
0.052378	0.210164	0.737458	
0.222280	0.421177	0.356543	
0.441947	0.520607	0.037446	
0.222280	0.421177	0.356543	
0.193018	0.351514	0.455469	
0.261173	0.572566	0.166262	
0.012302	0.428566	0.559132	
0.951238	0.045732	0.003030	
0.222280	0.421177	0.356543	
0.423339	0.447340	0.129320	
0.007030	0.198422	0.794548	
0.222280	0.421177	0.356543	
0.313092	0.550408	0.136499	
0.007618	0.708435	0.283947	
0.222280	0.421177	0.356543	
0.222280	0.421177	0.356543	
0.003933	0.759816	0.236250	
0.008316	0.043638	0.948046	
0.564923	0.348176	0.086901	
0.013868	0.647509	0.338623	
0.222280	0.421177	0.356543	
0.519837	0.328836	0.151327	
0.222280	0.421177	0.356543	
0.222280	0.421177	0.356543	
0.038180	0.239844	0.721976	
0.084181	0.129501	0.786318	
0.065290	0.096112	0.838598	
0.007381	0.289544	0.703075	
0.011340	0.200290	0.788370	
0.019919	0.773167	0.206915	
0.060224	0.833042	0.106734	
0.011379	0.084884	0.903737	
0.518420	0.397532	0.084048	
0.680299	0.278908	0.040793	
0.004797	0.040181	0.955022	
0.222280	0.421177	0.356543	
0.027656	0.528811	0.443533	
0.015634	0.118346	0.866020	
0.856268	0.120913	0.022819	
0.028305	0.728071	0.243625	
0.080606	0.515874	0.403519	
0.632767	0.330681	0.036553	
0.222280	0.421177	0.356543	
0.071389	0.753333	0.175278	
0.219888	0.646723	0.133389	
0.222280	0.421177	0.356543	
0.005907	0.188860	0.805234	
0.862008	0.119045	0.018948	
0.028536	0.811402	0.160062	
0.195631	0.658310	0.146059	
0.222280	0.421177	0.356543	
0.218578	0.537649	0.243774	
0.538607	0.440556	0.020836	
0.050891	0.275753	0.673356	
0.056628	0.361968	0.581404	
0.089883	0.601707	0.308410	
0.222280	0.421177	0.356543	
0.222280	0.421177	0.356543	
0.188768	0.667740	0.143492	
0.613945	0.298658	0.087397	
0.222280	0.421177	0.356543	
0.156178	0.291633	0.552189	
0.197045	0.318383	0.484572	
0.002892	0.833075	0.164033	
0.008884	0.745034	0.246081	
0.000257	0.015468	0.984275	
0.879408	0.113526	0.007067	
0.966762	0.031795	0.001443	
0.520257	0.364614	0.115129	
0.015094	0.685047	0.299859	
0.008667	0.792209	0.199124	
0.159729	0.116141	0.724131	
0.961162	0.036408	0.002429	
0.000067	0.002083	0.997850	
0.132477	0.172710	0.694813	
0.222280	0.421177	0.356543	
0.578790	0.204953	0.216256	
0.059793	0.803432	0.136774	
0.008658	0.736067	0.255274	
0.222280	0.421177	0.356543	
0.056646	0.753532	0.189822	
0.148413	0.615847	0.235739	
0.639496	0.319628	0.040876	
0.024110	0.091437	0.884453	
0.028486	0.669365	0.302150	
0.320583	0.286569	0.392848	
0.096995	0.719714	0.183292	
0.029832	0.526537	0.443632	
0.222280	0.421177	0.356543	
0.376318	0.400997	0.222685	
0.323672	0.599726	0.076603	
0.623525	0.262239	0.114235	
0.222280	0.421177	0.356543	
0.034254	0.633608	0.332139	
0.645846	0.318043	0.036111	
0.463366	0.456831	0.079803	
0.201624	0.594006	0.204370	
0.417958	0.193888	0.388155	
0.022096	0.364529	0.613375	
0.600204	0.305417	0.094379	
0.222280	0.421177	0.356543	
0.048112	0.485634	0.466253	
0.279065	0.425789	0.295146	
0.035522	0.805198	0.159280	
0.014430	0.483658	0.501912	
0.573758	0.285904	0.140338	
0.834150	0.150809	0.015041	
0.732875	0.239053	0.028072	
0.158289	0.606566	0.235145	
0.060280	0.166489	0.773231	
0.731255	0.160214	0.108531	
0.424009	0.434534	0.141457	
0.255451	0.657651	0.086898	
0.222280	0.421177	0.356543	
0.103922	0.658530	0.237548	
0.182341	0.499304	0.318355	
0.424982	0.527207	0.047810	
0.326328	0.505012	0.168660	
0.511761	0.294919	0.193320	
0.430423	0.153093	0.416483	
0.344652	0.353459	0.301889	
0.029358	0.059279	0.911363	
0.004197	0.772118	0.223685	
0.505466	0.357786	0.136748	
0.052710	0.192269	0.755021	
0.558914	0.410169	0.030917	
0.573595	0.311585	0.114819	
0.123664	0.616045	0.260291	
0.013936	0.147340	0.838724	
0.006901	0.036154	0.956945	
0.497436	0.438307	0.064257	
0.366607	0.305888	0.327505	
0.010959	0.348801	0.640240	
0.018184	0.045816	0.936000	
0.423166	0.476699	0.100135	
0.037918	0.805570	0.156512	
0.014697	0.716312	0.268991	
0.419913	0.372258	0.207829	
0.239109	0.631721	0.129171	
0.006946	0.035389	0.957665	
0.700401	0.246872	0.052728	
0.222280	0.421177	0.356543	
0.222280	0.421177	0.356543	
0.841426	0.124377	0.034197	
0.065566	0.638027	0.296407	
0.674806	0.278143	0.047051	
0.222280	0.421177	0.356543	
0.717467	0.263321	0.019212	
0.273403	0.561914	0.164683	
0.222280	0.421177	0.356543	
0.745155	0.223422	0.031423	
0.014476	0.794697	0.190827	
0.736984	0.219724	0.043292	
0.222280	0.421177	0.356543	
0.068877	0.500921	0.430202	
0.080865	0.448096	0.471039	
0.098271	0.711475	0.190254	
0.222280	0.421177	0.356543	
0.015463	0.621004	0.363533	
0.322310	0.418084	0.259606	
0.115744	0.223409	0.660847	
0.271150	0.601246	0.127604	
0.907192	0.082849	0.009959	
0.027684	0.186093	0.786223	
0.039925	0.674712	0.285362	
0.080037	0.321227	0.598736	
0.429604	0.513153	0.057243	
0.222280	0.421177	0.356543	
0.001667	0.043649	0.954684	
0.137736	0.584502	0.277762	
0.743722	0.231855	0.024423	
0.000183	0.009131	0.990685	
0.120787	0.347144	0.532070	
0.821145	0.151176	0.027679	
0.005727	0.164415	0.829858	
0.011609	0.816102	0.172290	
0.807651	0.169946	0.022404	
0.019083	0.713914	0.267003	
0.276090	0.416664	0.307247	
0.165184	0.422223	0.412592	
0.222280	0.421177	0.356543	
0.201660	0.646732	0.151609	
0.824097	0.162069	0.013835	
0.387591	0.587492	0.024917	
0.182877	0.612442	0.204681	
0.001739	0.048511	0.949749	
0.732402	0.240731	0.026867	
0.222280	0.421177	0.356543	
0.004504	0.111936	0.883560	
0.004298	0.027116	0.968586	
0.007596	0.716990	0.275414	
0.843354	0.137648	0.018999	
0.030347	0.759918	0.209735	
0.788060	0.182128	0.029813	
0.130063	0.737569	0.132369	
0.222280	0.421177	0.356543	
0.436116	0.383421	0.180463	
0.155434	0.719199	0.125367	
0.846007	0.135218	0.018776	
0.474653	0.450386	0.074961	
0.222280	0.421177	0.356543	
0.028027	0.412610	0.559363	
0.124768	0.275257	0.599976	
0.009998	0.132113	0.857889	
0.674087	0.199922	0.125991	
0.009809	0.418336	0.571855	
0.095369	0.191029	0.713602	
0.903745	0.085337	0.010918	
0.009109	0.669168	0.321724	
0.109130	0.555612	0.335258	
0.729218	0.215002	0.055780	
0.003109	0.813166	0.183725	
0.222280	0.421177	0.356543	
0.169393	0.372391	0.458216	
0.061894	0.327866	0.610240	
0.336049	0.524225	0.139726	
0.430157	0.332166	0.237678	
0.222280	0.421177	0.356543	
0.222280	0.421177	0.356543	
0.070310	0.404300	0.525390	
0.004791	0.035909	0.959299	
0.000365	0.022626	0.977009	
0.045783	0.756565	0.197653	
0.094074	0.837355	0.068571	
0.743765	0.228140	0.028096	
0.010187	0.383231	0.606582	
0.006964	0.634499	0.358537	
0.310281	0.620061	0.069658	
0.881029	0.108242	0.010729	
0.222280	0.421177	0.356543	
0.000495	0.008824	0.990681	
0.009682	0.030138	0.960180	
0.019312	0.691709	0.288979	
0.451806	0.417209	0.130985	
0.400053	0.362084	0.237863	
0.004260	0.789588	0.206152	
0.000167	0.003300	0.996532	
0.427297	0.533782	0.038921	
0.495615	0.335844	0.168541	
0.832458	0.153242	0.014300	
0.222280	0.421177	0.356543	
0.084296	0.422974	0.492730	
0.010354	0.168615	0.821032	
0.403396	0.228901	0.367702	
0.012965	0.106793	0.880241	
0.074659	0.714695	0.210647	
0.001102	0.006820	0.992078	
0.222280	0.421177	0.356543	
0.014801	0.607885	0.377313	
0.222280	0.421177	0.356543	
0.072008	0.694953	0.233038	
0.010025	0.473975	0.516000	
0.019566	0.054405	0.926030	
0.611942	0.304843	0.083215	
0.732686	0.216903	0.050411	
0.071788	0.499644	0.428569	
0.222280	0.421177	0.356543	
0.026330	0.735448	0.238222	
0.006154	0.420640	0.573206	
0.097117	0.793887	0.108997	
0.008545	0.176150	0.815305	
0.022178	0.775280	0.202542	
0.340241	0.429894	0.229865	
0.175996	0.711935	0.112069	
0.021215	0.718441	0.260344	
0.000115	0.007621	0.992263	
0.802141	0.161038	0.036820	
0.016562	0.803496	0.179942	
0.154287	0.655449	0.190264	
0.082522	0.736111	0.181367	
0.044370	0.582968	0.372662	
0.863393	0.121655	0.014952	
0.038213	0.693756	0.268030	
0.510715	0.327044	0.162241	
0.101996	0.649892	0.248112	
0.062124	0.769395	0.168481	
0.007076	0.048600	0.944325	
0.222280	0.421177	0.356543	
0.013775	0.177818	0.808407	
0.017465	0.150944	0.831591	
0.004102	0.081733	0.914166	
0.352678	0.495512	0.151810	
0.127979	0.215912	0.656109	
0.005672	0.685849	0.308479	
0.029153	0.364779	0.606069	
0.026531	0.290533	0.682935	
0.039057	0.741417	0.219526	
0.222280	0.421177	0.356543	
0.342269	0.436708	0.221024	
0.320760	0.323355	0.355885	
0.005296	0.261481	0.733223	
0.523098	0.453229	0.023673	
0.515630	0.367965	0.116405	
0.073412	0.809551	0.117037	
0.222280	0.421177	0.356543	
0.495843	0.407589	0.096568	
0.025823	0.305770	0.668406	
0.789416	0.199204	0.011380	
0.222280	0.421177	0.356543	
0.017596	0.087041	0.895363	
0.021499	0.735562	0.242939	
0.813356	0.166824	0.019820	
0.222280	0.421177	0.356543	
0.116421	0.608665	0.274914	
0.224643	0.562559	0.212798	
0.269082	0.356877	0.374042	
0.384553	0.300038	0.315409	
0.121544	0.262047	0.616409	
0.222280	0.421177	0.356543	
0.016455	0.303686	0.679859	
0.191895	0.426134	0.381971	
0.002912	0.121088	0.876000	
0.027366	0.770538	0.202096	
0.024814	0.136344	0.838841	
0.222280	0.421177	0.356543	
0.043031	0.583283	0.373686	
0.088245	0.795337	0.116418	
0.183768	0.705999	0.110234	
0.118324	0.547583	0.334093	
0.733499	0.230781	0.035720	
0.006637	0.061154	0.932208	
0.222280	0.421177	0.356543	
0.489121	0.487768	0.023112	
0.773789	0.200682	0.025529	
0.034096	0.296686	0.669218	
0.179663	0.612948	0.207388	
0.007998	0.731405	0.260598	
0.123308	0.406754	0.469938	
0.003710	0.582932	0.413358	
0.222280	0.421177	0.356543	
0.083223	0.518582	0.398195	
0.324417	0.415552	0.260031	
0.662571	0.289632	0.047797	
0.226134	0.509707	0.264159	
0.757532	0.175291	0.067177	
0.600302	0.326641	0.073057	
0.063457	0.321295	0.615247	
0.062862	0.274029	0.663109	
0.002293	0.084470	0.913237	
0.795560	0.188091	0.016349	
0.410031	0.495027	0.094941	
0.042767	0.702916	0.254316	
0.031384	0.581800	0.386816	
0.002400	0.037720	0.959880	
0.038682	0.788244	0.173074	
0.003599	0.056322	0.940079	
0.037519	0.791867	0.170614	
0.095242	0.212598	0.692159	
0.616776	0.248159	0.135065	
0.299693	0.588291	0.112016	
0.056373	0.290958	0.652669	
0.001540	0.017339	0.981121	
0.085268	0.768825	0.145907	
0.735964	0.237718	0.026318	
0.008469	0.802443	0.189088	
0.047503	0.797825	0.154672	
0.483705	0.283406	0.232889	
0.077270	0.093108	0.829622	
0.016833	0.590761	0.392406	
0.019593	0.652193	0.328215	
0.041537	0.554616	0.403848	
0.344343	0.381387	0.274270	
0.000749	0.023884	0.975367	
0.268256	0.343646	0.388098	
0.000064	0.020126	0.979809	
0.780347	0.205735	0.013918	
0.024103	0.809721	0.166176	
0.024959	0.196985	0.778056	
0.007008	0.620523	0.372469	
0.041666	0.268337	0.689996	
0.744447	0.220008	0.035545	
0.797061	0.175181	0.027757	
0.069375	0.710563	0.220062	
0.166165	0.509046	0.324789	
0.222280	0.421177	0.356543	
0.006213	0.552893	0.440894	
0.197471	0.573153	0.229376	
0.619060	0.362515	0.018425	
0.011918	0.219151	0.768931	
0.226112	0.697118	0.076770	
0.015908	0.293474	0.690618	
0.222280	0.421177	0.356543	
0.053184	0.641986	0.304830	
0.003286	0.648516	0.348198	
0.034107	0.818066	0.147827	
0.002890	0.026410	0.970700	
0.620748	0.261610	0.117642	
0.222280	0.421177	0.356543	
0.018465	0.348519	0.633016	
0.222280	0.421177	0.356543	
0.003076	0.035876	0.961048	
0.000512	0.014220	0.985268	
0.004573	0.028671	0.966755	
0.020184	0.627362	0.352454	
0.771129	0.184222	0.044648	
0.384404	0.374857	0.240739	
0.105425	0.728377	0.166198	
0.464570	0.492954	0.042475	
0.071800	0.781479	0.146721	
0.006891	0.038359	0.954750	
0.003326	0.050654	0.946020	
0.715626	0.215376	0.068998	
0.012478	0.263770	0.723751	
0.016888	0.850713	0.132399	
0.065784	0.072764	0.861453	
0.002804	0.077129	0.920067	
0.222280	0.421177	0.356543	
0.133284	0.597375	0.269341	
0.074616	0.574174	0.351211	
0.084293	0.550931	0.364776	
0.163392	0.211040	0.625568	
0.499409	0.383915	0.116675	
0.002933	0.573953	0.423114	
0.010459	0.558985	0.430556	
0.222280	0.421177	0.356543	
0.222280	0.421177	0.356543	
0.058339	0.538058	0.403603	
0.086452	0.712376	0.201172	
0.703433	0.277005	0.019562	
0.222280	0.421177	0.356543	
0.458975	0.383884	0.157141	
0.222280	0.421177	0.356543	
0.012345	0.257890	0.729765	
0.334646	0.589605	0.075749	
0.013933	0.593351	0.392716	
0.222280	0.421177	0.356543	
0.783136	0.181047	0.035817	
0.133565	0.678690	0.187745	
0.803732	0.180838	0.015430	
0.064685	0.486131	0.449184	
0.037452	0.597945	0.364603	
0.222280	0.421177	0.356543	
0.222280	0.421177	0.356543	
0.222280	0.421177	0.356543	
0.005079	0.083525	0.911396	
0.811770	0.162492	0.025738	
0.327392	0.497204	0.175404	
0.146956	0.796967	0.056078	
0.222280	0.421177	0.356543	
0.705989	0.245411	0.048600	
0.009346	0.830141	0.160513	
0.419269	0.507157	0.073574	
0.013486	0.452861	0.533654	
0.024218	0.673324	0.302458	
0.876218	0.093283	0.030499	
0.028145	0.706909	0.264946	
0.577419	0.262423	0.160157	
0.053449	0.703112	0.243439	
0.015809	0.613080	0.371111	
0.403939	0.540037	0.056025	
0.015087	0.754616	0.230297	
0.007343	0.138278	0.854380	
0.045666	0.115011	0.839323	
0.222280	0.421177	0.356543	
0.062136	0.500176	0.437687	
0.624301	0.342406	0.033293	
0.048514	0.838597	0.112889	
0.222280	0.421177	0.356543	
0.065566	0.272592	0.661842	
0.013035	0.847708	0.139257	
0.008661	0.104746	0.886593	
0.222525	0.335804	0.441671	
0.033734	0.737624	0.228642	
0.222280	0.421177	0.356543	
0.013470	0.108134	0.878396	
0.526556	0.362873	0.110571	
0.029724	0.648916	0.321359	
0.004197	0.141996	0.853806	
0.012316	0.805783	0.181901	
0.034858	0.064954	0.900188	
0.212487	0.346508	0.441005	
0.028863	0.749275	0.221863	
0.658137	0.259150	0.082713	
0.001949	0.085816	0.912236	
0.819012	0.157555	0.023433	
0.877601	0.107203	0.015196	
0.069854	0.375456	0.554690	
0.004313	0.151751	0.843936	
0.164804	0.728527	0.106669	
0.000415	0.005638	0.993947	
0.035370	0.048496	0.916134	
0.714575	0.246728	0.038697	
0.789959	0.172351	0.037690	
0.012905	0.859696	0.127399	
0.744417	0.207359	0.048223	
0.222280	0.421177	0.356543	
0.826150	0.086436	0.087414	
0.055284	0.739456	0.205260	
0.072497	0.499580	0.427924	
0.002739	0.013067	0.984194	
0.513213	0.367384	0.119403	
0.005479	0.631654	0.362867	
0.000407	0.010403	0.989191	
0.042919	0.697835	0.259246	
0.896083	0.093006	0.010911	
0.111201	0.729036	0.159764	
0.008006	0.623759	0.368235	
0.222280	0.421177	0.356543	
0.016846	0.077552	0.905602	
0.777794	0.180225	0.041982	
0.013599	0.807565	0.178836	
0.709534	0.251013	0.039453	
0.308430	0.532244	0.159326	
0.869284	0.112375	0.018341	
0.772073	0.203570	0.024357	
0.090058	0.674105	0.235837	
0.031946	0.421831	0.546224	
0.051890	0.675139	0.272971	
0.061936	0.682249	0.255814	
0.221993	0.451621	0.326386	
0.377940	0.232902	0.389158	
0.207894	0.506073	0.286033	
0.094236	0.317202	0.588562	
0.001890	0.045483	0.952627	
0.186224	0.439441	0.374335	
0.222280	0.421177	0.356543	
0.004061	0.230894	0.765045	
0.833658	0.146464	0.019878	
0.617158	0.333868	0.048974	
0.008572	0.501702	0.489726	
0.222280	0.421177	0.356543	
0.024245	0.092897	0.882857	
0.016044	0.570614	0.413342	
0.222280	0.421177	0.356543	
0.655548	0.285276	0.059176	
0.031777	0.095985	0.872239	
0.222280	0.421177	0.356543	
0.012887	0.844296	0.142817	
0.125294	0.463631	0.411075	
0.674049	0.266874	0.059077	
0.130600	0.591437	0.277963	
0.016129	0.711335	0.272536	
0.694204	0.271619	0.034177	
0.474020	0.319371	0.206609	
0.041569	0.791754	0.166677	
0.773025	0.191340	0.035634	
0.318281	0.194423	0.487296	
0.645559	0.266165	0.088276	
0.222280	0.421177	0.356543	
0.748842	0.207840	0.043317	
0.108521	0.514511	0.376967	
0.222280	0.421177	0.356543	
0.969320	0.029494	0.001186	
0.052416	0.581703	0.365881	
0.008598	0.731891	0.259511	
0.003462	0.069721	0.926818	
0.853829	0.128065	0.018106	
0.222280	0.421177	0.356543	
0.222280	0.421177	0.356543	
0.006367	0.295483	0.698150	
0.286293	0.520206	0.193501	
0.005715	0.657499	0.336785	
0.033939	0.152054	0.814007	
0.222280	0.421177	0.356543	
0.091896	0.326868	0.581237	
0.069544	0.759381	0.171075	
0.085065	0.513103	0.401832	
0.735469	0.227520	0.037011	
0.011770	0.639886	0.348343	
0.052498	0.549457	0.398046	
0.016162	0.790600	0.193238	
0.222280	0.421177	0.356543	
0.011040	0.685560	0.303401	
0.256522	0.168951	0.574527	
0.118630	0.303431	0.577939	
0.007567	0.160850	0.831582	
0.123324	0.756661	0.120015	
0.053765	0.104204	0.842030	
0.222280	0.421177	0.356543	
0.222280	0.421177	0.356543	
0.055764	0.809459	0.134777	
0.119752	0.642948	0.237300	
0.085664	0.401538	0.512797	
0.566727	0.259448	0.173825	
0.000068	0.022311	0.977621	
0.222280	0.421177	0.356543	
0.018701	0.705510	0.275790	
0.222280	0.421177	0.356543	
0.007480	0.786165	0.206356	
0.423916	0.501480	0.074604	
0.222280	0.421177	0.356543	
0.006184	0.602811	0.391005	
0.271832	0.540233	0.187936	
0.222280	0.421177	0.356543	
0.022925	0.194958	0.782117	
0.003804	0.246010	0.750186	
0.044830	0.144222	0.810948	
0.017616	0.399328	0.583056	
0.001218	0.020402	0.978380	
0.222280	0.421177	0.356543	
0.222280	0.421177	0.356543	
0.568315	0.385120	0.046565	
0.608948	0.232439	0.158613	
0.885242	0.103392	0.011366	
0.288629	0.647029	0.064342	
0.222280	0.421177	0.356543	
0.844528	0.147674	0.007798	
0.047102	0.133383	0.819515	
0.222280	0.421177	0.356543	
0.091083	0.092519	0.816398	
0.004457	0.035126	0.960417	
0.453848	0.350597	0.195555	
0.725839	0.248477	0.025684	
0.060011	0.300690	0.639299	
0.007573	0.704495	0.287932	
0.222280	0.421177	0.356543	
0.406292	0.482993	0.110716	
0.005080	0.073221	0.921699	
0.845585	0.147307	0.007108	
0.403555	0.350923	0.245522	
0.038093	0.499665	0.462242	
0.022666	0.888305	0.089029	
0.008605	0.609229	0.382166	
0.593532	0.349348	0.057120	
0.175577	0.608152	0.216271	
0.906592	0.089415	0.003993	
0.048524	0.835509	0.115967	
0.222280	0.421177	0.356543	
0.153343	0.144097	0.702560	
0.172486	0.632823	0.194692	
0.265644	0.529846	0.204510	
0.066184	0.465666	0.468150	
0.040061	0.816494	0.143445	
0.083287	0.607574	0.309139	
0.010000	0.375967	0.614032	
0.191451	0.349894	0.458655	
0.086998	0.252941	0.660061	
0.518628	0.386582	0.094789	
0.084031	0.462714	0.453254	
0.040531	0.696721	0.262748	
0.009946	0.685354	0.304699	
0.470373	0.470414	0.059213	
0.017963	0.368770	0.613268	
0.858664	0.123408	0.017928	
0.394141	0.495498	0.110360	
0.013092	0.090342	0.896567	
0.687871	0.282184	0.029945	
0.008236	0.878331	0.113432	
0.043796	0.691062	0.265142	
0.004858	0.802018	0.193124	
0.222280	0.421177	0.356543	
0.565257	0.348616	0.086128	
0.003329	0.020167	0.976504	
0.146897	0.692742	0.160361	
0.007665	0.500724	0.491612	
0.119401	0.189749	0.690851	
0.850597	0.134262	0.015141	
0.011519	0.179938	0.808544	
0.067494	0.685920	0.246586	
0.465446	0.436322	0.098232	
0.476074	0.342359	0.181567	
0.222280	0.421177	0.356543	
0.004238	0.412499	0.583263	
0.000915	0.017410	0.981674	
0.222280	0.421177	0.356543	
0.019014	0.201421	0.779565	
0.590303	0.318977	0.090720	
0.030993	0.692124	0.276883	
0.000808	0.007720	0.991472	
0.141232	0.495899	0.362869	
0.592846	0.350231	0.056923	
0.017601	0.783261	0.199138	
0.370478	0.598432	0.031090	
0.007442	0.800446	0.192112	
0.000325	0.009697	0.989978	
0.015431	0.516057	0.468512	
0.005112	0.437581	0.557307	
0.222280	0.421177	0.356543	
0.004903	0.377277	0.617820	
0.275564	0.374604	0.349832	
0.026813	0.578188	0.394999	
0.074439	0.452701	0.472860	
0.012434	0.706414	0.281153	
0.222280	0.421177	0.356543	
0.014393	0.823957	0.161649	
0.407000	0.464341	0.128658	
0.512948	0.441069	0.045984	
0.222280	0.421177	0.356543	
0.009413	0.062307	0.928280	
0.055097	0.767063	0.177840	
0.121862	0.754454	0.123684	
0.064010	0.741809	0.194180	
0.003646	0.137136	0.859218	
0.480148	0.213345	0.306507	
0.797648	0.187386	0.014966	
0.534601	0.412182	0.053217	
0.727598	0.232864	0.039538	
0.001629	0.031098	0.967273	
0.222280	0.421177	0.356543	
0.018853	0.838398	0.142749	
0.051777	0.162958	0.785266	
0.034037	0.621426	0.344538	
0.433165	0.395076	0.171759	
0.368095	0.562426	0.069479	
0.019992	0.611107	0.368901	
0.536270	0.315631	0.148099	
0.015945	0.169690	0.814364	
0.036062	0.444820	0.519118	
0.005636	0.791282	0.203082	
0.013017	0.172736	0.814247	
0.311772	0.608118	0.080111	
0.260078	0.642488	0.097434	
0.026700	0.813498	0.159802	
0.289234	0.437646	0.273120	
0.222280	0.421177	0.356543	
0.016227	0.648707	0.335066	
0.005446	0.889523	0.105031	
0.079757	0.800509	0.119734	
0.222280	0.421177	0.356543	
0.222280	0.421177	0.356543	
0.339885	0.521975	0.138139	
0.901284	0.083193	0.015523	
0.257642	0.413969	0.328389	
0.011090	0.046081	0.942829	
0.222280	0.421177	0.356543	
0.372623	0.484272	0.143105	
0.008751	0.614552	0.376696	
0.384109	0.511981	0.103910	
0.222280	0.421177	0.356543	
0.559421	0.418227	0.022352	
0.115125	0.394832	0.490044	
0.013823	0.149697	0.836479	
0.222280	0.421177	0.356543	
0.577548	0.288138	0.134314	
0.062854	0.407081	0.530065	
0.222280	0.421177	0.356543	
0.037621	0.554326	0.408053	
0.855569	0.108633	0.035798	
0.003771	0.823000	0.173229	
0.054792	0.862540	0.082667	
0.111155	0.435443	0.453402	
0.222280	0.421177	0.356543	
0.887042	0.098454	0.014504	
0.052902	0.590791	0.356307	
0.018722	0.424498	0.556780	
0.157622	0.772326	0.070052	
0.020886	0.568551	0.410563	
0.021496	0.130578	0.847927	
0.003109	0.432160	0.564731	
0.704648	0.256275	0.039077	
0.597832	0.278045	0.124122	
0.128620	0.718320	0.153060	
0.000555	0.008541	0.990904	
0.009573	0.027782	0.962645	
0.034180	0.758651	0.207170	
0.189900	0.719717	0.090383	
0.011057	0.670768	0.318176	
0.443089	0.441734	0.115177	
0.005593	0.031411	0.962996	
0.087982	0.616183	0.295835	
0.222280	0.421177	0.356543	
0.101417	0.420327	0.478256	
0.030020	0.704728	0.265252	
0.040430	0.153135	0.806435	
0.320582	0.549839	0.129579	
0.222280	0.421177	0.356543	
0.123677	0.821746	0.054577	
0.004385	0.761404	0.234211	
0.745700	0.196974	0.057327	
0.828091	0.157371	0.014538	
0.789396	0.128424	0.082181	
0.008299	0.485632	0.506069	
0.111380	0.409717	0.478903	
0.015088	0.433953	0.550958	
0.013142	0.762587	0.224271	
0.006665	0.345631	0.647704	
0.947587	0.048980	0.003434	
0.124739	0.713718	0.161543	
0.020016	0.635078	0.344906	
0.073752	0.786045	0.140203	
0.011441	0.116272	0.872287	
0.182334	0.235053	0.582613	
0.490403	0.366956	0.142642	
0.963808	0.033676	0.002515	
0.008944	0.069332	0.921724	
0.222280	0.421177	0.356543	
0.052783	0.157913	0.789303	
0.222280	0.421177	0.356543	
0.007599	0.764631	0.227770	
0.433006	0.467215	0.099780	
0.212070	0.617785	0.170145	
0.004932	0.020173	0.974895	
0.222280	0.421177	0.356543	
0.566753	0.326232	0.107015	
0.102623	0.627087	0.270290	
0.077712	0.764008	0.158280	
0.017201	0.092545	0.890255	
0.052088	0.835636	0.112276	
0.015603	0.760620	0.223777	
0.027234	0.142785	0.829981	
0.231203	0.627709	0.141089	
0.010707	0.766653	0.222640	
0.222280	0.421177	0.356543	
0.009705	0.754282	0.236012	
0.003659	0.057311	0.939030	
0.474264	0.323769	0.201968	
0.222280	0.421177	0.356543	
0.002604	0.020810	0.976586	
0.117736	0.470175	0.412089	
0.011171	0.665500	0.323328	
0.222280	0.421177	0.356543	
0.006063	0.693507	0.300430	
0.182885	0.638646	0.178469	
0.523660	0.375931	0.100409	
0.219022	0.550134	0.230844	
0.004584	0.109724	0.885691	
0.027546	0.740221	0.232233	
0.007082	0.067392	0.925526	
0.006715	0.570909	0.422376	
0.000854	0.044165	0.954981	
0.222280	0.421177	0.356543	
0.147602	0.746017	0.106382	
0.268714	0.450170	0.281116	
0.048521	0.639285	0.312194	
0.308426	0.188466	0.503108	
0.013798	0.039033	0.947169	
0.765013	0.193327	0.041660	
0.012858	0.220419	0.766723	
0.007823	0.746303	0.245874	
0.029326	0.058233	0.912440	
0.026158	0.709461	0.264381	
0.222280	0.421177	0.356543	
0.888047	0.105117	0.006837	
0.003980	0.025625	0.970395	
0.020769	0.793552	0.185680	
0.053652	0.740809	0.205539	
0.000739	0.028292	0.970970	
0.011793	0.715340	0.272866	
0.222280	0.421177	0.356543	
0.011781	0.695448	0.292771	
0.222280	0.421177	0.356543	
0.222280	0.421177	0.356543	
0.442642	0.418839	0.138520	
0.803805	0.182209	0.013987	
0.019150	0.482665	0.498186	
0.445774	0.379007	0.175219	
0.136802	0.215201	0.647997	
0.146004	0.816076	0.037920	
0.031651	0.305437	0.662912	
0.505997	0.434303	0.059700	
0.006585	0.828366	0.165049	
0.007564	0.746195	0.246240	
0.603931	0.267103	0.128966	
0.777438	0.183996	0.038567	
0.014449	0.719865	0.265686	
0.000275	0.012587	0.987138	
0.434255	0.461051	0.104694	
0.523362	0.389825	0.086812	
0.222280	0.421177	0.356543	
0.497423	0.384572	0.118005	
0.218035	0.426728	0.355237	
0.211887	0.698406	0.089707	
0.642013	0.270135	0.087852	
0.222280	0.421177	0.356543	
0.222280	0.421177	0.356543	
0.125254	0.673294	0.201452	
0.222280	0.421177	0.356543	
0.064323	0.756351	0.179326	
0.222280	0.421177	0.356543	
0.009250	0.331728	0.659022	
0.195675	0.566322	0.238003	
0.850018	0.130754	0.019228	
0.412920	0.302994	0.284085	
0.470994	0.312786	0.216220	
0.124562	0.787426	0.088013	
0.007358	0.402533	0.590110	
0.222280	0.421177	0.356543	
0.086346	0.530563	0.383091	
0.006354	0.764608	0.229038	
0.508101	0.411855	0.080044	
0.485281	0.474781	0.039938	
0.056566	0.126376	0.817058	
0.222280	0.421177	0.356543	
0.821296	0.164976	0.013728	
0.078289	0.769577	0.152134	
0.019513	0.313763	0.666723	
0.448791	0.352147	0.199063	
0.063125	0.086957	0.849918	
0.470804	0.462738	0.066457	
0.481453	0.368722	0.149825	
0.834414	0.141332	0.024254	
0.420030	0.520333	0.059637	
0.067412	0.130939	0.801649	
0.771782	0.184451	0.043767	
0.015562	0.764801	0.219637	
0.004786	0.286992	0.708222	
0.013450	0.040082	0.946468	
0.005999	0.779148	0.214853	
0.727441	0.236294	0.036265	
0.167659	0.608814	0.223527	
0.222280	0.421177	0.356543	
0.197976	0.545684	0.256340	
0.011844	0.358086	0.630070	
0.705210	0.235585	0.059205	
0.008250	0.051939	0.939811	
0.000231	0.010264	0.989505	
0.337139	0.571005	0.091856	
0.151123	0.638039	0.210838	
0.007143	0.104808	0.888049	
0.222280	0.421177	0.356543	
0.038418	0.145643	0.815939	
0.032797	0.736646	0.230556	
0.004851	0.641234	0.353916	
0.007033	0.070356	0.922611	
0.097804	0.457197	0.444999	
0.025313	0.113112	0.861575	
0.436023	0.434554	0.129423	
0.013659	0.079289	0.907051	
0.039579	0.753025	0.207397	
0.001795	0.015234	0.982971	
0.085254	0.782693	0.132053	
0.898376	0.088207	0.013416	
0.005050	0.597468	0.397482	
0.003458	0.053413	0.943129	
0.113601	0.277497	0.608902	
0.537725	0.437017	0.025258	
0.001618	0.028198	0.970185	
0.016655	0.576080	0.407265	
0.015118	0.093254	0.891628	
0.222280	0.421177	0.356543	
0.005301	0.587612	0.407087	
0.120909	0.766212	0.112879	
0.194376	0.448880	0.356744	
0.222280	0.421177	0.356543	
0.003294	0.020282	0.976424	
0.017018	0.658836	0.324146	
0.282038	0.348148	0.369814	
0.236509	0.699608	0.063883	
0.895793	0.092281	0.011926	
0.591360	0.318827	0.089813	
0.111369	0.584730	0.303901	
0.949766	0.046755	0.003479	
0.152440	0.603995	0.243565	
0.766314	0.200957	0.032729	
0.020498	0.666426	0.313076	
0.009416	0.035849	0.954735	
0.055311	0.722754	0.221935	
0.432607	0.530006	0.037387	
0.687770	0.272237	0.039994	
0.765889	0.207397	0.026714	
0.343667	0.248008	0.408325	
0.466004	0.298015	0.235981	
0.022128	0.044945	0.932927	
0.281675	0.618352	0.099972	
0.279632	0.622025	0.098343	
0.486384	0.382539	0.131077	
0.222280	0.421177	0.356543	
0.469446	0.448455	0.082099	
0.222280	0.421177	0.356543	
0.005438	0.727545	0.267016	
0.019733	0.746548	0.233719	
0.009413	0.446776	0.543812	
0.222280	0.421177	0.356543	
0.428345	0.194547	0.377108	
0.222280	0.421177	0.356543	
0.769957	0.194033	0.036010	
0.019312	0.222934	0.757754	
0.222280	0.421177	0.356543	
0.196054	0.281147	0.522799	
0.672945	0.295133	0.031922	
0.039880	0.401521	0.558599	
0.222280	0.421177	0.356543	
0.222280	0.421177	0.356543	
0.880079	0.106920	0.013001	
0.064546	0.731575	0.203879	
0.015043	0.455976	0.528981	
0.003207	0.107764	0.889028	
0.297866	0.314076	0.388058	
0.134152	0.730839	0.135009	
0.222280	0.421177	0.356543	
0.680062	0.259988	0.059950	
0.239607	0.397498	0.362895	
0.032157	0.456728	0.511115	
0.222285	0.612560	0.165155	
0.000481	0.015695	0.983824	
0.119321	0.759943	0.120736	
0.207837	0.237831	0.554332	
0.487037	0.286614	0.226348	
0.623260	0.331332	0.045408	
0.293501	0.565267	0.141231	
0.214531	0.350458	0.435011	
0.701293	0.257659	0.041048	
0.279492	0.683632	0.036876	
0.719116	0.220959	0.059925	
0.648684	0.291620	0.059696	
0.287899	0.285186	0.426915	
0.072855	0.086980	0.840165	
0.203744	0.691057	0.105199	
0.030729	0.282641	0.686630	
0.770202	0.178100	0.051698	
0.782469	0.204542	0.012990	
0.237499	0.648281	0.114220	
0.140080	0.126329	0.733591	
0.878597	0.101633	0.019770	
0.224018	0.348858	0.427124	
0.899113	0.093716	0.007171	
0.533718	0.407772	0.058509	
0.488016	0.417989	0.093994	
0.222280	0.421177	0.356543	
0.222280	0.421177	0.356543	
0.662651	0.275282	0.062067	
0.159911	0.615520	0.224569	
0.015704	0.372747	0.611548	
0.025398	0.712029	0.262573	
0.011890	0.202319	0.785790	
0.223279	0.543232	0.233489	
0.002329	0.107126	0.890544	
0.012075	0.844187	0.143737	
0.008014	0.023825	0.968161	
0.222280	0.421177	0.356543	
0.029055	0.343549	0.627396	
0.602679	0.301778	0.095544	
0.001995	0.015661	0.982344	
0.137104	0.337490	0.525406	
0.001628	0.051398	0.946974	
0.009821	0.107859	0.882320	
0.222280	0.421177	0.356543	
0.526118	0.412464	0.061418	
0.222280	0.421177	0.356543	
0.008224	0.306958	0.684818	
0.679695	0.255430	0.064875	
0.118533	0.657941	0.223526	
0.222280	0.421177	0.356543	
0.222280	0.421177	0.356543	
0.000964	0.007018	0.992018	
0.395982	0.467476	0.136542	
0.026444	0.712088	0.261468	
0.016571	0.691486	0.291943	
0.249402	0.548950	0.201648	
0.573876	0.345099	0.081025	
0.840569	0.125078	0.034354	
0.026291	0.152102	0.821607	
0.222280	0.421177	0.356543	
0.003331	0.102501	0.894167	
0.222280	0.421177	0.356543	
0.496293	0.484833	0.018874	
0.044595	0.751803	0.203602	
0.616612	0.285838	0.097551	
0.015217	0.682929	0.301854	
0.797631	0.179390	0.022979	
0.003274	0.041812	0.954914	
0.000124	0.004544	0.995332	
0.028437	0.767421	0.204142	
0.269143	0.630370	0.100487	
0.001414	0.014802	0.983784	
0.534562	0.383042	0.082397	
0.222280	0.421177	0.356543	
0.002752	0.795839	0.201409	
0.222280	0.421177	0.356543	
0.128809	0.584123	0.287068	
0.222280	0.421177	0.356543	
0.187254	0.652771	0.159975	
0.027552	0.894286	0.078162	
0.007691	0.517751	0.474558	
0.222280	0.421177	0.356543	
0.531122	0.410227	0.058650	
0.019455	0.726517	0.254028	
0.756636	0.165286	0.078077	
0.008102	0.569079	0.422819	
0.004320	0.044058	0.951621	
0.013637	0.077198	0.909165	
0.222280	0.421177	0.356543	
0.222280	0.421177	0.356543	
0.015927	0.631537	0.352536	
0.816347	0.169260	0.014393	
0.020579	0.243723	0.735698	
0.004873	0.137826	0.857301	
0.029472	0.849510	0.121018	
0.926861	0.068327	0.004812	
0.222280	0.421177	0.356543	
0.602550	0.288453	0.108997	
0.049993	0.425501	0.524506	
0.020020	0.418064	0.561916	
0.002848	0.642511	0.354641	
0.010227	0.088962	0.900811	
0.344996	0.500661	0.154343	
0.785469	0.201762	0.012770	
0.003574	0.084852	0.911574	
0.011139	0.698998	0.289863	
0.003899	0.017558	0.978543	
0.012742	0.703417	0.283841	
0.033734	0.737624	0.228642	
0.008674	0.114974	0.876351	
0.691295	0.191016	0.117689	
0.222280	0.421177	0.356543	
0.012624	0.066903	0.920473	
0.033193	0.135960	0.830847	
0.015939	0.770158	0.213903	
0.676459	0.291376	0.032164	
0.222280	0.421177	0.356543	
0.007787	0.699018	0.293195	
0.647251	0.315429	0.037320	
0.011302	0.319893	0.668805	
0.591434	0.241840	0.166726	
0.017340	0.361274	0.621386	
0.080089	0.644337	0.275574	
0.222280	0.421177	0.356543	
0.044387	0.763302	0.192311	
0.398121	0.475052	0.126827	
0.081818	0.409537	0.508645	
0.309585	0.599507	0.090909	
0.628190	0.310434	0.061376	
0.762410	0.224716	0.012873	
0.222280	0.421177	0.356543	
0.092066	0.797202	0.110732	
0.032162	0.818611	0.149227	
0.222280	0.421177	0.356543	
0.015524	0.824138	0.160338	
0.222280	0.421177	0.356543	
0.043335	0.730020	0.226645	
0.222280	0.421177	0.356543	
0.000217	0.005032	0.994750	
0.052132	0.097583	0.850285	
0.574854	0.372830	0.052316	
0.007122	0.241091	0.751787	
0.222280	0.421177	0.356543	
0.222280	0.421177	0.356543	
0.949624	0.046544	0.003832	
0.222280	0.421177	0.356543	
0.431695	0.445732	0.122573	
0.089574	0.668561	0.241865	
0.464182	0.484109	0.051709	
0.017544	0.756815	0.225641	
0.710743	0.265146	0.024110	
0.850699	0.138688	0.010613	
0.585659	0.306307	0.108034	
0.000229	0.014086	0.985685	
0.008987	0.750904	0.240109	
0.173058	0.213670	0.613272	
0.081989	0.357344	0.560667	
0.540349	0.383520	0.076131	
0.040715	0.247300	0.711984	
0.222280	0.421177	0.356543	
0.127441	0.588583	0.283977	
0.625013	0.284882	0.090105	
0.758319	0.201992	0.039690	
0.067616	0.164484	0.767900	
0.009053	0.725430	0.265517	
0.065917	0.848529	0.085554	
0.008771	0.755000	0.236229	
0.021073	0.330274	0.648653	
0.004605	0.033015	0.962380	
0.013239	0.664126	0.322635	
0.035020	0.128094	0.836886	
0.015193	0.399531	0.585276	
0.016472	0.161673	0.821855	
0.008273	0.742278	0.249448	
0.222280	0.421177	0.356543	
0.391158	0.497184	0.111658	
0.006542	0.067081	0.926377	
0.277978	0.654520	0.067502	
0.222280	0.421177	0.356543	
0.022785	0.083914	0.893301	
0.711090	0.251203	0.037707	
0.934580	0.062682	0.002738	
0.005857	0.202962	0.791181	
0.034235	0.745479	0.220285	
0.222280	0.421177	0.356543	
0.011926	0.620324	0.367751	
0.460262	0.384008	0.155730	
0.293649	0.341497	0.364855	
0.021808	0.740074	0.238118	
0.011382	0.690295	0.298323	
0.263013	0.685171	0.051815	
0.088749	0.379904	0.531347	
0.044209	0.754315	0.201476	
0.491301	0.402209	0.106490	
0.022543	0.844510	0.132947	
0.052631	0.724321	0.223048	
0.576132	0.359326	0.064542	
0.222280	0.421177	0.356543	
0.385645	0.561947	0.052408	
0.035828	0.543636	0.420536	
0.760792	0.212054	0.027154	
0.023051	0.722534	0.254415	
0.173675	0.146136	0.680189	
0.004360	0.023030	0.972609	
0.952754	0.044739	0.002507	
0.222280	0.421177	0.356543	
0.026673	0.837523	0.135804	
0.023613	0.702253	0.274134	
