0.207263	0.629157	0.163580	
0.191836	0.501969	0.306195	
0.140362	0.270376	0.589262	
0.032214	0.647323	0.320463	
0.005607	0.794416	0.199977	
0.013635	0.546364	0.440001	
0.202854	0.600509	0.196637	
0.255403	0.405572	0.339025	
0.057262	0.757800	0.184938	
0.778483	0.193953	0.027564	
0.074119	0.463934	0.461947	
0.007324	0.623107	0.369569	
0.017344	0.688491	0.294166	
0.032761	0.083017	0.884221	
0.028964	0.794784	0.176252	
0.161552	0.284107	0.554341	
0.003260	0.610573	0.386168	
0.045321	0.688302	0.266377	
0.120642	0.565256	0.314103	
0.054650	0.776378	0.168972	
0.071454	0.680379	0.248167	
0.650028	0.248174	0.101798	
0.465969	0.361335	0.172696	
0.002358	0.123825	0.873817	
0.031259	0.364490	0.604252	
0.002892	0.669308	0.327799	
0.009931	0.645451	0.344617	
0.024739	0.792145	0.183116	
0.279999	0.608759	0.111242	
0.679705	0.269928	0.050367	
0.022488	0.072459	0.905053	
0.853068	0.131795	0.015137	
0.655599	0.294626	0.049775	
0.008920	0.078766	0.912314	
0.006535	0.565935	0.427529	
0.755660	0.212189	0.032150	
0.108139	0.640481	0.251380	
0.003793	0.677517	0.318690	
0.176435	0.406229	0.417336	
0.074380	0.652593	0.273027	
0.003451	0.621608	0.374941	
0.307548	0.550123	0.142329	
0.009105	0.758993	0.231902	
0.003572	0.696542	0.299887	
0.529093	0.357000	0.113907	
0.672126	0.268950	0.058925	
0.444147	0.297994	0.257859	
0.299951	0.601054	0.098994	
0.472119	0.468574	0.059308	
0.542962	0.404507	0.052531	
0.653178	0.268945	0.077878	
0.003307	0.320901	0.675793	
0.274277	0.359587	0.366135	
0.015909	0.217569	0.766521	
0.317042	0.579974	0.102984	
0.004693	0.722703	0.272604	
0.016021	0.662661	0.321317	
0.245592	0.582836	0.171572	
0.144169	0.487525	0.368306	
0.542036	0.305273	0.152691	
0.064972	0.147867	0.787161	
0.108346	0.696966	0.194687	
0.002379	0.011673	0.985947	
0.028059	0.548078	0.423864	
0.030141	0.475110	0.494749	
0.002854	0.621063	0.376082	
0.061457	0.552008	0.386534	
0.045671	0.589080	0.365249	
0.045348	0.539730	0.414922	
0.832626	0.149777	0.017597	
0.013770	0.730368	0.255862	
0.009825	0.687596	0.302579	
0.095334	0.593377	0.311289	
0.626757	0.327917	0.045327	
0.528826	0.337427	0.133747	
0.004332	0.614028	0.381640	
0.015477	0.610624	0.373898	
0.174953	0.240688	0.584359	
0.005574	0.403816	0.590609	
0.006177	0.722891	0.270932	
0.134807	0.298863	0.566330	
0.144551	0.628795	0.226654	
0.404110	0.491412	0.104478	
0.001223	0.438840	0.559938	
0.058658	0.746006	0.195336	
0.004462	0.508248	0.487290	
0.319593	0.336046	0.344361	
0.556270	0.371042	0.072688	
0.021342	0.448152	0.530506	
0.023626	0.244589	0.731785	
0.004132	0.534816	0.461052	
0.000636	0.061174	0.938190	
0.144161	0.614148	0.241690	
0.240380	0.592335	0.167285	
0.022612	0.226042	0.751346	
0.003393	0.593321	0.403286	
0.193370	0.418949	0.387681	
0.015791	0.147352	0.836858	
0.038152	0.341958	0.619891	
0.478522	0.384113	0.137365	
0.581194	0.349023	0.069783	
0.010271	0.428469	0.561260	
0.017098	0.137119	0.845783	
0.023440	0.711177	0.265383	
0.443914	0.384106	0.171980	
0.014501	0.461561	0.523937	
0.139764	0.504989	0.355247	
0.001980	0.503497	0.494523	
0.124108	0.253468	0.622424	
0.051505	0.636268	0.312227	
0.225021	0.604286	0.170693	
0.942132	0.054911	0.002958	
0.015561	0.393867	0.590572	
0.003410	0.068296	0.928294	
0.056137	0.739951	0.203912	
0.013665	0.735698	0.250637	
0.005663	0.658970	0.335367	
0.017453	0.262558	0.719989	
0.061208	0.196516	0.742276	
0.066882	0.379268	0.553850	
0.053286	0.339608	0.607106	
0.063230	0.569447	0.367323	
0.318268	0.471081	0.210650	
0.049707	0.338807	0.611486	
0.008637	0.026000	0.965362	
0.071453	0.348568	0.579979	
0.890171	0.102864	0.006965	
0.184267	0.347434	0.468299	
0.005080	0.680259	0.314661	
0.002145	0.021738	0.976116	
0.008035	0.064754	0.927211	
0.004989	0.721133	0.273878	
0.048545	0.234306	0.717149	
0.009575	0.553934	0.436491	
0.010501	0.435661	0.553838	
0.063089	0.202399	0.734512	
0.021539	0.643919	0.334542	
0.014463	0.170818	0.814719	
0.007299	0.076628	0.916073	
0.517997	0.349466	0.132537	
0.016879	0.784451	0.198670	
0.003202	0.172577	0.824221	
0.422162	0.375132	0.202706	
0.007634	0.201090	0.791276	
0.004142	0.443108	0.552749	
0.041201	0.389935	0.568865	
0.033634	0.349263	0.617103	
0.518898	0.345477	0.135625	
0.183627	0.399863	0.416510	
0.755192	0.184996	0.059812	
0.007692	0.222585	0.769723	
0.091984	0.684962	0.223054	
0.004217	0.562162	0.433621	
0.006515	0.668826	0.324659	
0.009077	0.586963	0.403959	
0.618862	0.231590	0.149548	
0.004166	0.500339	0.495495	
0.017192	0.688903	0.293905	
0.014981	0.159627	0.825393	
0.006423	0.072686	0.920891	
0.199247	0.454901	0.345853	
0.006412	0.212896	0.780692	
0.013707	0.517112	0.469182	
0.174681	0.447312	0.378007	
0.003955	0.660337	0.335708	
0.483400	0.364553	0.152047	
0.002955	0.035433	0.961612	
0.002451	0.021035	0.976513	
0.655408	0.291147	0.053445	
0.005955	0.538096	0.455949	
0.095269	0.233406	0.671325	
0.019013	0.672927	0.308060	
0.004628	0.098096	0.897276	
0.174653	0.289243	0.536105	
0.004530	0.444630	0.550840	
0.198265	0.639423	0.162312	
0.003993	0.391605	0.604402	
0.061131	0.341013	0.597856	
0.089839	0.705991	0.204169	
0.008874	0.426421	0.564705	
0.000303	0.007782	0.991915	
0.006020	0.545533	0.448447	
0.154589	0.536300	0.309111	
0.126729	0.597358	0.275913	
0.382224	0.386633	0.231143	
0.113852	0.690948	0.195200	
0.031312	0.823369	0.145319	
0.040930	0.504046	0.455024	
0.006899	0.531064	0.462037	
0.005512	0.696940	0.297548	
0.573327	0.387323	0.039349	
0.015938	0.761122	0.222940	
0.621008	0.353950	0.025042	
0.380915	0.407789	0.211296	
0.091365	0.235581	0.673054	
0.168783	0.654500	0.176717	
0.076874	0.515378	0.407748	
0.029462	0.575470	0.395068	
0.461840	0.504007	0.034154	
0.054421	0.799879	0.145701	
0.043323	0.703627	0.253049	
0.010322	0.749142	0.240536	
0.005397	0.570545	0.424058	
0.029136	0.249755	0.721110	
0.014728	0.093098	0.892174	
0.028645	0.479940	0.491415	
0.024079	0.111018	0.864903	
0.100465	0.748755	0.150779	
0.452126	0.283624	0.264250	
0.576896	0.290447	0.132657	
0.074968	0.769432	0.155600	
0.101673	0.201438	0.696890	
0.062849	0.706150	0.231000	
0.009485	0.154815	0.835700	
0.007230	0.636972	0.355798	
0.075624	0.270027	0.654349	
0.012128	0.698418	0.289454	
0.071614	0.531950	0.396436	
0.147505	0.729946	0.122549	
0.104341	0.723363	0.172297	
0.591102	0.298356	0.110542	
0.005905	0.020501	0.973595	
0.001274	0.010169	0.988557	
0.511737	0.394382	0.093881	
0.039981	0.523972	0.436047	
0.003041	0.044695	0.952264	
0.029165	0.799152	0.171683	
0.181422	0.362016	0.456562	
0.392583	0.520668	0.086749	
0.187154	0.638675	0.174171	
0.055162	0.708887	0.235951	
0.006615	0.737313	0.256072	
0.005893	0.806889	0.187218	
0.150551	0.725826	0.123623	
0.116978	0.646159	0.236863	
0.874987	0.115627	0.009387	
0.008504	0.745218	0.246278	
0.078334	0.751084	0.170581	
0.144461	0.711828	0.143711	
0.056748	0.804749	0.138503	
0.015423	0.097497	0.887080	
0.007753	0.772824	0.219423	
0.028770	0.721205	0.250026	
0.005741	0.073816	0.920443	
0.008876	0.728105	0.263018	
0.005061	0.754743	0.240196	
0.108510	0.493049	0.398442	
0.083097	0.748180	0.168722	
0.186590	0.566963	0.246447	
0.926474	0.070216	0.003310	
0.057701	0.676373	0.265927	
0.008908	0.747328	0.243764	
0.270310	0.362805	0.366885	
0.409473	0.387711	0.202816	
0.009463	0.077374	0.913163	
0.159286	0.377142	0.463572	
0.530057	0.399268	0.070675	
0.068347	0.559798	0.371855	
0.506535	0.382182	0.111284	
0.064101	0.325869	0.610030	
0.229943	0.629559	0.140498	
0.007783	0.068944	0.923273	
0.129552	0.733828	0.136619	
0.020013	0.740969	0.239018	
0.003610	0.177157	0.819233	
0.151554	0.572976	0.275471	
0.038819	0.799237	0.161943	
0.012446	0.527951	0.459603	
0.009249	0.052226	0.938525	
0.177885	0.608107	0.214008	
0.166731	0.606274	0.226995	
0.014208	0.074901	0.910891	
0.107252	0.762304	0.130445	
0.154843	0.702400	0.142757	
0.195887	0.592786	0.211327	
0.006850	0.240783	0.752367	
0.007436	0.212745	0.779819	
0.100354	0.432135	0.467511	
0.778518	0.182130	0.039353	
0.438416	0.384149	0.177435	
0.310502	0.364163	0.325334	
0.083345	0.761104	0.155551	
0.876697	0.112997	0.010307	
0.073959	0.178318	0.747723	
0.249355	0.638105	0.112540	
0.609129	0.214215	0.176657	
0.033950	0.171693	0.794357	
0.191193	0.575276	0.233530	
0.805307	0.173520	0.021173	
0.004245	0.660779	0.334975	
0.249335	0.612534	0.138131	
0.634657	0.324366	0.040977	
0.457984	0.456808	0.085208	
0.008309	0.026496	0.965195	
0.437997	0.377141	0.184862	
0.021899	0.697904	0.280196	
0.113386	0.170266	0.716349	
0.448643	0.369975	0.181382	
0.531494	0.379010	0.089496	
0.102929	0.710828	0.186243	
0.308291	0.571918	0.119790	
0.816909	0.160620	0.022471	
0.086725	0.710773	0.202502	
0.132037	0.149695	0.718268	
0.070638	0.139456	0.789905	
0.021505	0.682706	0.295789	
0.665226	0.267444	0.067330	
0.577275	0.326890	0.095835	
0.016645	0.384461	0.598894	
0.806992	0.171163	0.021846	
0.970085	0.029172	0.000743	
0.597363	0.364334	0.038302	
0.913730	0.081535	0.004735	
0.961945	0.037183	0.000872	
0.377181	0.388049	0.234770	
0.616684	0.334665	0.048651	
0.019677	0.542638	0.437685	
0.797827	0.179845	0.022327	
0.162394	0.480599	0.357008	
0.539521	0.403624	0.056855	
0.116173	0.669093	0.214734	
0.053187	0.737319	0.209494	
0.009874	0.800024	0.190102	
0.063712	0.250014	0.686275	
0.868186	0.120302	0.011512	
0.211210	0.609961	0.178829	
0.684388	0.279270	0.036342	
0.861884	0.129121	0.008995	
0.321650	0.425038	0.253312	
0.832497	0.157667	0.009836	
0.961021	0.036515	0.002464	
0.045693	0.602302	0.352005	
0.903790	0.090541	0.005670	
0.522499	0.406927	0.070574	
0.009564	0.509574	0.480862	
0.829656	0.154323	0.016022	
0.416495	0.392220	0.191284	
0.041830	0.386611	0.571559	
0.858231	0.126344	0.015425	
0.195316	0.459544	0.345140	
0.158767	0.282489	0.558744	
0.044447	0.175306	0.780247	
0.383017	0.540294	0.076689	
0.226770	0.571938	0.201291	
0.462043	0.357170	0.180787	
0.002998	0.566247	0.430755	
0.025642	0.814709	0.159649	
0.524894	0.402692	0.072415	
0.301440	0.338441	0.360119	
0.218421	0.622555	0.159023	
0.175268	0.686116	0.138616	
0.494586	0.435395	0.070019	
0.462636	0.447483	0.089881	
0.535406	0.388278	0.076316	
0.001671	0.020459	0.977870	
0.121565	0.640363	0.238073	
0.264705	0.582535	0.152760	
0.144240	0.177612	0.678149	
0.129254	0.397880	0.472866	
0.251776	0.597637	0.150587	
0.018555	0.229303	0.752142	
0.036444	0.713351	0.250205	
0.005741	0.588528	0.405731	
0.029545	0.491831	0.478624	
0.016088	0.209131	0.774782	
0.386789	0.389803	0.223407	
0.032431	0.240502	0.727067	
0.214322	0.576181	0.209497	
0.009282	0.214097	0.776621	
0.267260	0.580765	0.151975	
0.185938	0.345793	0.468269	
0.009351	0.388792	0.601857	
0.007064	0.064961	0.927975	
0.497465	0.341363	0.161171	
0.005291	0.184736	0.809973	
0.029028	0.111980	0.858993	
0.032441	0.169355	0.798204	
0.310353	0.434192	0.255455	
0.086201	0.392090	0.521710	
0.178904	0.390321	0.430775	
0.188418	0.414956	0.396626	
0.014034	0.450496	0.535470	
0.002501	0.062405	0.935094	
0.000061	0.001388	0.998552	
0.017497	0.240830	0.741673	
0.071042	0.556682	0.372276	
0.009995	0.508146	0.481859	
0.202295	0.274618	0.523087	
0.111914	0.412951	0.475134	
0.009831	0.193193	0.796976	
0.008121	0.349907	0.641972	
0.965644	0.032175	0.002181	
0.454239	0.385540	0.160221	
0.011671	0.563481	0.424848	
0.038428	0.392844	0.568728	
0.885637	0.102796	0.011567	
0.683135	0.228008	0.088856	
0.368776	0.378669	0.252555	
0.016278	0.397220	0.586502	
0.002808	0.025935	0.971257	
0.198531	0.523762	0.277707	
0.021990	0.201613	0.776397	
0.085631	0.327581	0.586788	
0.007437	0.497568	0.494995	
0.614838	0.287528	0.097635	
0.005846	0.335860	0.658294	
0.008048	0.122019	0.869933	
0.000848	0.012359	0.986792	
0.779987	0.176848	0.043165	
0.033275	0.186976	0.779749	
0.057136	0.456734	0.486130	
0.014694	0.459309	0.525998	
0.028676	0.547816	0.423508	
0.012091	0.324920	0.662989	
0.023357	0.467796	0.508847	
0.747910	0.197570	0.054520	
0.031531	0.540488	0.427981	
0.007231	0.423136	0.569633	
0.398903	0.394294	0.206803	
0.119321	0.408673	0.472006	
0.392367	0.378393	0.229240	
0.037551	0.399470	0.562979	
0.004789	0.402832	0.592379	
0.021169	0.280930	0.697902	
0.338408	0.502448	0.159143	
0.004341	0.175472	0.820187	
0.009005	0.659908	0.331088	
0.006828	0.382777	0.610394	
0.006231	0.166920	0.826849	
0.024752	0.359468	0.615780	
0.121051	0.493500	0.385449	
0.057617	0.086084	0.856298	
0.012730	0.099365	0.887905	
0.010275	0.507525	0.482200	
0.005598	0.196350	0.798052	
0.119550	0.502000	0.378450	
0.002411	0.033582	0.964007	
0.033047	0.485532	0.481420	
0.030134	0.686079	0.283787	
0.739926	0.193284	0.066790	
0.491331	0.362736	0.145933	
0.145689	0.301478	0.552833	
0.003629	0.021340	0.975031	
0.165324	0.354539	0.480137	
0.366402	0.376746	0.256852	
0.011530	0.659060	0.329410	
0.006071	0.131026	0.862903	
0.004626	0.028112	0.967262	
0.006858	0.041065	0.952077	
0.011994	0.166872	0.821134	
0.007476	0.429414	0.563110	
0.006364	0.031306	0.962330	
0.027469	0.120475	0.852056	
0.710830	0.241983	0.047187	
0.008414	0.216052	0.775534	
0.002283	0.037319	0.960398	
0.001018	0.015330	0.983652	
0.023888	0.196927	0.779185	
0.007529	0.464981	0.527491	
0.027642	0.513870	0.458488	
0.004495	0.030642	0.964863	
0.867737	0.120081	0.012182	
0.223055	0.566896	0.210049	
0.003294	0.538265	0.458441	
0.007382	0.708864	0.283754	
0.190552	0.442960	0.366488	
0.020884	0.143420	0.835697	
0.056955	0.277043	0.666002	
0.011409	0.586726	0.401865	
0.361194	0.354688	0.284117	
0.008149	0.158384	0.833467	
0.004247	0.052553	0.943199	
0.081233	0.267270	0.651497	
0.029653	0.733161	0.237186	
0.040654	0.635678	0.323668	
0.009128	0.203505	0.787367	
0.070240	0.164003	0.765757	
0.002188	0.011157	0.986654	
0.381659	0.395088	0.223253	
0.002339	0.017749	0.979911	
0.186199	0.375440	0.438361	
0.008126	0.806374	0.185500	
0.196140	0.257627	0.546234	
0.013907	0.337166	0.648927	
0.225167	0.388587	0.386247	
0.009209	0.405216	0.585575	
0.034412	0.601672	0.363916	
0.040649	0.479478	0.479873	
0.016426	0.830303	0.153271	
0.360434	0.501534	0.138032	
0.020475	0.066148	0.913377	
0.112529	0.257767	0.629704	
0.004846	0.035025	0.960130	
0.153453	0.175904	0.670643	
0.059499	0.232221	0.708280	
0.667103	0.253750	0.079147	
0.747113	0.189608	0.063279	
0.015064	0.211194	0.773742	
0.031371	0.759162	0.209467	
0.013189	0.776952	0.209859	
0.006565	0.742100	0.251334	
0.008204	0.551032	0.440764	
0.257630	0.352505	0.389864	
0.028671	0.684663	0.286667	
0.007055	0.595241	0.397704	
0.011806	0.506361	0.481833	
0.048392	0.266020	0.685588	
0.010107	0.721380	0.268513	
0.062044	0.633687	0.304269	
0.015250	0.718749	0.266002	
0.750122	0.208356	0.041523	
0.251821	0.408682	0.339497	
0.005039	0.741247	0.253714	
0.049526	0.497369	0.453105	
0.001749	0.035313	0.962938	
0.311769	0.387679	0.300552	
0.360738	0.417745	0.221516	
0.863408	0.125495	0.011097	
0.003514	0.560100	0.436386	
0.059457	0.432602	0.507942	
0.022966	0.420096	0.556938	
0.043606	0.058729	0.897665	
0.004890	0.695221	0.299889	
0.854836	0.133302	0.011862	
0.781668	0.185405	0.032927	
0.546200	0.312937	0.140862	
0.026380	0.288241	0.685379	
0.528790	0.354334	0.116876	
0.623278	0.285475	0.091247	
0.575680	0.332297	0.092023	
0.904133	0.089797	0.006071	
0.042416	0.576850	0.380734	
0.259685	0.254321	0.485993	
0.006046	0.531848	0.462107	
0.299696	0.363758	0.336547	
0.655553	0.261648	0.082799	
0.900238	0.093650	0.006112	
0.381437	0.489069	0.129493	
0.168518	0.290859	0.540623	
0.027289	0.785050	0.187661	
0.590221	0.308552	0.101227	
0.954860	0.043104	0.002036	
0.124447	0.772635	0.102918	
0.000367	0.329247	0.670386	
0.820207	0.162081	0.017713	
0.004952	0.689999	0.305049	
0.724788	0.242288	0.032924	
0.007073	0.584843	0.408084	
0.889692	0.100745	0.009563	
0.478181	0.403493	0.118325	
0.910267	0.083952	0.005781	
0.526536	0.394809	0.078655	
0.675991	0.270427	0.053582	
0.834089	0.150179	0.015732	
0.533679	0.337105	0.129216	
0.005250	0.036962	0.957788	
0.388296	0.478920	0.132784	
0.005933	0.424982	0.569084	
0.782458	0.189800	0.027743	
0.561075	0.351140	0.087785	
0.807998	0.171431	0.020571	
0.516168	0.403021	0.080811	
0.092446	0.488024	0.419530	
0.954620	0.044197	0.001183	
0.004716	0.607304	0.387980	
0.723179	0.229021	0.047800	
0.014518	0.212594	0.772888	
0.004544	0.755006	0.240451	
0.023461	0.630864	0.345675	
0.014958	0.390940	0.594101	
0.279347	0.497968	0.222685	
0.889444	0.103332	0.007224	
0.215697	0.582389	0.201914	
0.676776	0.261627	0.061597	
0.020306	0.207335	0.772359	
0.000712	0.009496	0.989792	
0.270318	0.313562	0.416120	
0.169632	0.493183	0.337185	
0.019374	0.036938	0.943687	
0.009542	0.763265	0.227193	
0.004520	0.731887	0.263594	
0.031421	0.757127	0.211452	
0.627655	0.291697	0.080647	
0.007124	0.278873	0.714004	
0.027041	0.469808	0.503151	
0.328164	0.470920	0.200916	
0.478236	0.351425	0.170339	
0.514527	0.391732	0.093740	
0.396562	0.405730	0.197709	
0.012075	0.248074	0.739850	
0.876380	0.116284	0.007337	
0.904703	0.089386	0.005911	
0.060562	0.742860	0.196578	
0.888494	0.103252	0.008254	
0.038656	0.725752	0.235592	
0.275430	0.527944	0.196626	
0.007157	0.467901	0.524942	
0.634021	0.307004	0.058975	
0.504224	0.415123	0.080653	
0.021042	0.733282	0.245676	
0.821139	0.156571	0.022290	
0.008616	0.498685	0.492699	
0.095411	0.638148	0.266441	
0.004902	0.549965	0.445133	
0.462602	0.449892	0.087505	
0.694551	0.259182	0.046266	
0.069149	0.236216	0.694635	
0.387990	0.289598	0.322412	
0.005379	0.108413	0.886208	
0.008246	0.527279	0.464475	
0.000361	0.003196	0.996444	
0.000083	0.002433	0.997485	
0.002153	0.021348	0.976498	
0.005530	0.059692	0.934777	
0.023492	0.339958	0.636551	
0.101516	0.372719	0.525765	
0.003744	0.071825	0.924431	
0.025629	0.098438	0.875933	
0.000674	0.007045	0.992281	
0.017892	0.131083	0.851025	
0.022324	0.176731	0.800945	
0.002028	0.008504	0.989468	
0.115390	0.270348	0.614262	
0.027451	0.299225	0.673324	
0.007690	0.072103	0.920207	
0.663343	0.278241	0.058416	
0.002423	0.029296	0.968281	
0.016678	0.285168	0.698154	
0.002689	0.039264	0.958048	
0.006395	0.107030	0.886574	
0.000148	0.003448	0.996404	
0.003197	0.059752	0.937052	
0.000590	0.006523	0.992887	
0.000321	0.005391	0.994288	
0.194391	0.291111	0.514498	
0.160156	0.313496	0.526347	
0.007462	0.067877	0.924661	
0.004209	0.055488	0.940303	
0.000268	0.005027	0.994705	
0.001625	0.015974	0.982401	
0.926340	0.069824	0.003836	
0.000741	0.015594	0.983665	
0.267233	0.196655	0.536111	
0.023924	0.326832	0.649244	
0.004329	0.038536	0.957135	
0.570504	0.303519	0.125977	
0.285319	0.306575	0.408105	
0.032263	0.188299	0.779438	
0.014076	0.130977	0.854947	
0.000506	0.006541	0.992953	
0.000100	0.001582	0.998318	
0.001950	0.041402	0.956648	
0.261125	0.329356	0.409519	
0.831287	0.115377	0.053336	
0.009212	0.144275	0.846513	
0.013368	0.063238	0.923393	
0.008690	0.095996	0.895314	
0.053480	0.250660	0.695860	
0.004751	0.018134	0.977115	
0.008960	0.016980	0.974060	
0.000784	0.007551	0.991664	
0.011342	0.117555	0.871103	
0.009984	0.069157	0.920859	
0.006820	0.114785	0.878395	
0.006171	0.081070	0.912759	
0.195279	0.366446	0.438274	
0.001919	0.010947	0.987134	
0.054184	0.095972	0.849845	
0.000465	0.012126	0.987409	
0.014548	0.089298	0.896154	
0.000056	0.001680	0.998264	
0.000390	0.005237	0.994374	
0.001934	0.056299	0.941766	
0.033654	0.333845	0.632501	
0.000726	0.018914	0.980359	
0.182485	0.248621	0.568894	
0.009415	0.207265	0.783320	
0.114288	0.218424	0.667288	
0.005749	0.030867	0.963384	
0.000365	0.009984	0.989651	
0.000269	0.003583	0.996148	
0.069632	0.539628	0.390740	
0.022406	0.131274	0.846321	
0.000754	0.035802	0.963444	
0.001211	0.017986	0.980802	
0.010740	0.130525	0.858735	
0.009531	0.402676	0.587793	
0.025638	0.232949	0.741413	
0.059767	0.265301	0.674933	
0.000022	0.001368	0.998609	
0.065092	0.540799	0.394109	
0.775345	0.194226	0.030429	
0.004935	0.441509	0.553555	
0.727363	0.231696	0.040941	
0.257567	0.302943	0.439490	
0.843376	0.133598	0.023026	
0.003658	0.035169	0.961173	
0.069109	0.231440	0.699452	
0.010031	0.086398	0.903571	
0.015517	0.818714	0.165769	
0.004219	0.099480	0.896301	
0.142790	0.729367	0.127843	
0.066124	0.729692	0.204184	
0.445715	0.400645	0.153639	
0.626252	0.334841	0.038907	
0.007768	0.729397	0.262835	
0.159234	0.747753	0.093013	
0.418801	0.488309	0.092890	
0.004650	0.737125	0.258225	
0.078860	0.260634	0.660505	
0.050433	0.839614	0.109953	
0.049027	0.190709	0.760264	
0.011982	0.344370	0.643648	
0.071475	0.646339	0.282187	
0.021771	0.724263	0.253966	
0.080004	0.520947	0.399049	
0.015263	0.813065	0.171672	
0.006691	0.044710	0.948599	
0.010689	0.633356	0.355955	
0.022106	0.690514	0.287380	
0.075682	0.475753	0.448565	
0.481246	0.348963	0.169791	
0.039992	0.670390	0.289618	
0.235510	0.349895	0.414596	
0.023992	0.185546	0.790462	
0.615492	0.344338	0.040171	
0.047039	0.296698	0.656263	
0.011688	0.247867	0.740445	
0.224615	0.445649	0.329736	
0.349005	0.372312	0.278683	
0.017437	0.207107	0.775456	
0.013962	0.102747	0.883290	
0.158397	0.267656	0.573947	
0.786562	0.192703	0.020735	
0.100923	0.178872	0.720205	
0.767022	0.204287	0.028691	
0.771583	0.203317	0.025100	
0.720507	0.239986	0.039507	
0.135198	0.733893	0.130909	
0.208350	0.669964	0.121686	
0.376179	0.511464	0.112357	
0.886624	0.105914	0.007462	
0.871371	0.117277	0.011351	
0.045176	0.501944	0.452880	
0.005244	0.060112	0.934643	
0.051911	0.765720	0.182368	
0.004945	0.721226	0.273829	
0.004735	0.572430	0.422836	
0.131919	0.692672	0.175409	
0.004445	0.622125	0.373429	
0.014961	0.575670	0.409369	
0.394970	0.501071	0.103959	
0.011571	0.694109	0.294320	
0.572857	0.363030	0.064113	
0.340536	0.229376	0.430088	
0.065276	0.177087	0.757636	
0.006583	0.231901	0.761516	
0.271130	0.602544	0.126326	
0.239651	0.641884	0.118465	
0.004726	0.683378	0.311896	
0.141208	0.756074	0.102718	
0.759069	0.196655	0.044276	
0.695477	0.248876	0.055647	
0.694930	0.257330	0.047740	
0.076610	0.535038	0.388352	
0.620313	0.317926	0.061761	
0.085443	0.624706	0.289852	
0.357206	0.269797	0.372997	
0.104258	0.218868	0.676874	
0.261772	0.666497	0.071731	
0.006867	0.474987	0.518147	
0.017678	0.664757	0.317565	
0.871075	0.120921	0.008004	
0.203630	0.678897	0.117473	
0.012702	0.230182	0.757115	
0.015340	0.681463	0.303197	
0.030367	0.517349	0.452285	
0.192653	0.355301	0.452046	
0.085212	0.304581	0.610207	
0.135245	0.341625	0.523131	
0.659824	0.297008	0.043168	
0.649187	0.162989	0.187825	
0.253474	0.479232	0.267295	
0.016031	0.072304	0.911665	
0.456183	0.421561	0.122256	
0.013377	0.177935	0.808688	
0.097556	0.664811	0.237633	
0.677187	0.259404	0.063409	
0.564712	0.366709	0.068579	
0.427819	0.513576	0.058605	
0.222637	0.692310	0.085054	
0.003323	0.557771	0.438906	
0.160776	0.554619	0.284604	
0.220245	0.566847	0.212908	
0.140985	0.126478	0.732537	
0.016573	0.109007	0.874420	
0.480845	0.359629	0.159526	
0.092688	0.727604	0.179708	
0.141223	0.270083	0.588694	
0.279475	0.505582	0.214943	
0.784601	0.193652	0.021746	
0.037957	0.128778	0.833265	
0.039801	0.758664	0.201535	
0.008922	0.629733	0.361345	
0.147308	0.664351	0.188341	
0.670366	0.269384	0.060250	
0.554335	0.248277	0.197388	
0.428065	0.479135	0.092800	
0.566466	0.351475	0.082059	
0.009878	0.410414	0.579708	
0.348447	0.373050	0.278503	
0.006644	0.299213	0.694143	
0.006879	0.775029	0.218092	
0.651734	0.267676	0.080591	
0.394162	0.466405	0.139433	
0.144527	0.239620	0.615853	
0.009340	0.117164	0.873495	
0.113008	0.255399	0.631593	
0.149617	0.459794	0.390588	
0.794367	0.185632	0.020002	
0.018267	0.268393	0.713340	
0.680091	0.263241	0.056668	
0.015102	0.705641	0.279256	
0.021110	0.175555	0.803335	
0.001768	0.017606	0.980626	
0.219640	0.381966	0.398393	
0.073056	0.473260	0.453684	
0.590150	0.299040	0.110810	
0.273577	0.651867	0.074556	
0.002376	0.018390	0.979234	
0.187740	0.299141	0.513119	
0.030778	0.236509	0.732713	
0.381774	0.463734	0.154492	
0.168543	0.292881	0.538576	
0.658653	0.257959	0.083388	
0.229239	0.643949	0.126812	
0.013167	0.825237	0.161596	
0.193903	0.465745	0.340352	
0.726514	0.232719	0.040766	
0.300010	0.393439	0.306551	
0.846209	0.145148	0.008643	
0.044508	0.780125	0.175367	
0.430694	0.479948	0.089358	
0.246502	0.420273	0.333225	
0.774167	0.200259	0.025574	
0.110480	0.171701	0.717819	
0.016405	0.666417	0.317178	
0.734081	0.227874	0.038046	
0.682228	0.257490	0.060282	
0.347647	0.439300	0.213053	
0.581206	0.340656	0.078138	
0.094058	0.133861	0.772082	
0.579040	0.309360	0.111600	
0.417524	0.383084	0.199391	
0.177883	0.197435	0.624682	
0.058668	0.122764	0.818568	
0.005373	0.035768	0.958858	
0.000699	0.009954	0.989347	
0.006077	0.712819	0.281104	
0.059114	0.211244	0.729642	
0.106103	0.581032	0.312865	
0.208642	0.586355	0.205003	
0.834850	0.148957	0.016193	
0.275961	0.513576	0.210463	
0.005808	0.053047	0.941145	
0.004160	0.491217	0.504623	
0.058918	0.606546	0.334536	
0.003328	0.538837	0.457835	
0.081364	0.292527	0.626109	
0.034548	0.456561	0.508891	
0.683543	0.269547	0.046910	
0.005379	0.308195	0.686426	
0.200399	0.320254	0.479347	
0.027020	0.618499	0.354481	
0.032701	0.231918	0.735381	
0.874181	0.116484	0.009335	
0.006059	0.618771	0.375170	
0.007376	0.061808	0.930816	
0.053343	0.311770	0.634887	
0.034475	0.066022	0.899503	
0.022989	0.644639	0.332372	
0.002802	0.472239	0.524959	
0.304669	0.508215	0.187116	
0.005848	0.820623	0.173528	
0.607678	0.284802	0.107520	
0.153695	0.713003	0.133302	
0.354658	0.528259	0.117083	
0.094113	0.424719	0.481168	
0.473366	0.482964	0.043670	
0.251649	0.701936	0.046415	
0.954880	0.043840	0.001280	
0.484716	0.461680	0.053604	
0.634792	0.326446	0.038763	
0.740713	0.221022	0.038265	
0.771865	0.210880	0.017255	
0.909232	0.086159	0.004610	
0.082073	0.778950	0.138976	
0.458999	0.423180	0.117821	
0.933754	0.061648	0.004599	
0.599569	0.325872	0.074559	
0.544083	0.420031	0.035886	
0.039157	0.076694	0.884149	
0.281246	0.633126	0.085628	
0.746666	0.219383	0.033951	
0.326492	0.580379	0.093128	
0.536588	0.337143	0.126269	
0.673050	0.283886	0.043064	
0.161016	0.715598	0.123386	
0.536132	0.445309	0.018558	
0.907773	0.086775	0.005452	
0.758457	0.214632	0.026911	
0.059564	0.114260	0.826176	
0.532614	0.373745	0.093641	
0.114888	0.802581	0.082531	
0.649776	0.324262	0.025962	
0.287569	0.572814	0.139617	
0.816680	0.168206	0.015114	
0.035153	0.760748	0.204099	
0.563911	0.349054	0.087035	
0.451701	0.498707	0.049592	
0.395637	0.495810	0.108552	
0.726209	0.239111	0.034680	
0.608105	0.354355	0.037540	
0.692829	0.263764	0.043407	
0.905992	0.073525	0.020483	
0.590009	0.383086	0.026905	
0.808310	0.169456	0.022234	
0.885332	0.107722	0.006945	
0.374680	0.556469	0.068851	
0.951349	0.047353	0.001298	
0.767118	0.215456	0.017425	
0.539423	0.398020	0.062556	
0.441977	0.515778	0.042245	
0.632770	0.276690	0.090540	
0.795726	0.197553	0.006722	
0.903172	0.091759	0.005069	
0.565471	0.399294	0.035236	
0.685762	0.283884	0.030354	
0.254054	0.684038	0.061908	
0.224167	0.475263	0.300571	
0.891501	0.101584	0.006915	
0.625426	0.348160	0.026414	
0.060239	0.179471	0.760290	
0.682470	0.278034	0.039496	
0.655379	0.261478	0.083143	
0.367293	0.564546	0.068161	
0.747079	0.220211	0.032710	
0.504748	0.461507	0.033745	
0.033157	0.804416	0.162427	
0.372529	0.582864	0.044607	
0.657069	0.284607	0.058324	
0.152527	0.748272	0.099201	
0.357649	0.590995	0.051356	
0.051112	0.487542	0.461346	
0.460765	0.468215	0.071020	
0.866966	0.121366	0.011668	
0.929566	0.067120	0.003314	
0.953133	0.045414	0.001453	
0.198698	0.729257	0.072045	
0.506525	0.447290	0.046185	
0.454835	0.405818	0.139347	
0.842968	0.145350	0.011682	
0.722273	0.241873	0.035854	
0.902033	0.092680	0.005287	
0.003555	0.032146	0.964299	
0.832682	0.151528	0.015790	
0.709482	0.265184	0.025334	
0.701518	0.246318	0.052163	
0.439786	0.526114	0.034100	
0.199672	0.684676	0.115652	
0.961399	0.037679	0.000922	
0.751264	0.227918	0.020819	
0.683689	0.263211	0.053100	
0.290090	0.639139	0.070771	
0.609867	0.324067	0.066066	
0.547408	0.414947	0.037645	
0.675656	0.244824	0.079519	
0.600782	0.309282	0.089936	
0.535155	0.398776	0.066068	
0.283489	0.406969	0.309542	
0.680229	0.290707	0.029064	
0.037613	0.094071	0.868317	
0.806229	0.170526	0.023245	
0.759078	0.213945	0.026977	
0.653154	0.293240	0.053606	
0.317350	0.566847	0.115802	
0.456836	0.449379	0.093785	
0.598584	0.352983	0.048434	
0.255482	0.629762	0.114756	
0.872142	0.119500	0.008358	
0.373577	0.551389	0.075034	
0.187207	0.739015	0.073779	
0.017973	0.074040	0.907987	
0.023200	0.832364	0.144437	
0.203360	0.297648	0.498993	
0.022500	0.052107	0.925393	
0.353721	0.598653	0.047626	
0.247949	0.503679	0.248372	
0.289949	0.542492	0.167559	
0.016100	0.152018	0.831882	
0.694014	0.275390	0.030597	
0.075259	0.146147	0.778594	
0.226030	0.638737	0.135233	
0.033771	0.058240	0.907989	
0.329765	0.603814	0.066421	
0.610236	0.339053	0.050711	
0.816538	0.172379	0.011083	
0.390651	0.569279	0.040069	
0.493461	0.361924	0.144615	
0.010189	0.112395	0.877415	
0.852243	0.133900	0.013857	
0.378619	0.531400	0.089981	
0.839399	0.147714	0.012887	
0.188256	0.468249	0.343494	
0.112784	0.192302	0.694914	
0.247514	0.648278	0.104208	
0.303029	0.536006	0.160965	
0.000234	0.004782	0.994984	
0.759979	0.223298	0.016723	
0.235556	0.680594	0.083850	
0.472466	0.473990	0.053544	
0.930060	0.067221	0.002719	
0.805722	0.180687	0.013591	
0.185732	0.708335	0.105934	
0.019498	0.091441	0.889061	
0.007158	0.050726	0.942116	
0.156013	0.234794	0.609194	
0.453369	0.490458	0.056174	
0.963834	0.035257	0.000909	
0.515764	0.449574	0.034663	
0.187067	0.704196	0.108738	
0.010012	0.118101	0.871887	
0.192383	0.672677	0.134940	
0.704819	0.225916	0.069265	
0.755161	0.219364	0.025475	
0.664384	0.256518	0.079098	
0.727838	0.239792	0.032370	
0.204501	0.687089	0.108410	
0.787058	0.164509	0.048433	
0.266613	0.455648	0.277739	
0.453777	0.282681	0.263543	
0.016543	0.100970	0.882487	
0.504375	0.327699	0.167926	
0.377603	0.578736	0.043661	
0.311500	0.420931	0.267570	
0.826877	0.155521	0.017602	
0.545727	0.354012	0.100262	
0.199838	0.643064	0.157098	
0.271054	0.498257	0.230688	
0.646737	0.307522	0.045741	
0.087188	0.544108	0.368703	
0.702223	0.267026	0.030752	
0.146078	0.722537	0.131384	
0.322296	0.356958	0.320746	
0.761239	0.207355	0.031406	
0.468817	0.427170	0.104013	
0.159719	0.460717	0.379565	
0.136459	0.714009	0.149532	
0.830583	0.155904	0.013513	
0.541660	0.369665	0.088675	
0.899671	0.094568	0.005761	
0.614818	0.334265	0.050917	
0.119619	0.226223	0.654158	
0.651925	0.310577	0.037497	
0.426314	0.445158	0.128528	
0.529120	0.422302	0.048578	
0.138032	0.621994	0.239974	
0.460733	0.458775	0.080492	
0.458499	0.361181	0.180320	
0.128623	0.768295	0.103082	
0.045989	0.788101	0.165910	
0.150826	0.711615	0.137559	
0.360958	0.572790	0.066251	
0.092239	0.744883	0.162878	
0.180568	0.657321	0.162111	
0.830166	0.153216	0.016618	
0.085288	0.372409	0.542303	
0.465753	0.412123	0.122124	
0.490582	0.468522	0.040896	
0.706922	0.264372	0.028706	
0.080123	0.754183	0.165694	
0.482679	0.429500	0.087821	
0.641009	0.297998	0.060992	
0.398549	0.546209	0.055242	
0.334788	0.330501	0.334711	
0.167998	0.571391	0.260611	
0.142130	0.736760	0.121110	
0.286305	0.356205	0.357491	
0.114767	0.802752	0.082481	
0.309236	0.598741	0.092023	
0.013203	0.634776	0.352022	
0.303077	0.453551	0.243373	
0.231434	0.330382	0.438184	
0.248794	0.707638	0.043568	
0.098475	0.774045	0.127480	
0.406560	0.533930	0.059510	
0.151611	0.385546	0.462843	
0.049423	0.806668	0.143909	
0.092985	0.825399	0.081616	
0.181196	0.709181	0.109623	
0.200780	0.698999	0.100221	
0.681153	0.262748	0.056099	
0.976853	0.022670	0.000477	
0.198681	0.711973	0.089346	
0.788530	0.198135	0.013335	
0.398268	0.527198	0.074533	
0.193341	0.718112	0.088547	
0.443098	0.431880	0.125022	
0.635985	0.310778	0.053237	
0.469619	0.486327	0.044054	
0.258639	0.583453	0.157908	
0.257965	0.679329	0.062706	
0.225284	0.556520	0.218195	
0.828379	0.151297	0.020323	
0.822130	0.162862	0.015008	
0.076078	0.740991	0.182930	
0.492762	0.457258	0.049980	
0.652218	0.278138	0.069644	
0.340148	0.513977	0.145875	
0.747008	0.228962	0.024030	
0.269842	0.651465	0.078693	
0.086575	0.790316	0.123109	
0.195329	0.649784	0.154886	
0.091142	0.810504	0.098353	
0.278054	0.575300	0.146645	
0.198920	0.667429	0.133651	
0.220745	0.686028	0.093227	
0.496793	0.450892	0.052315	
0.095459	0.530499	0.374042	
0.202688	0.283479	0.513833	
0.013195	0.830609	0.156196	
0.076407	0.787079	0.136514	
0.187931	0.712953	0.099116	
0.120799	0.810701	0.068500	
0.086737	0.784528	0.128735	
0.515865	0.382637	0.101498	
0.009579	0.719564	0.270858	
0.395308	0.492750	0.111942	
0.133633	0.738637	0.127729	
0.659906	0.319331	0.020763	
0.429291	0.504155	0.066553	
0.226006	0.600760	0.173234	
0.329070	0.585112	0.085818	
0.025984	0.545387	0.428630	
0.456766	0.495420	0.047814	
0.727193	0.258748	0.014058	
0.173228	0.696561	0.130211	
0.098708	0.687747	0.213546	
0.249866	0.658764	0.091371	
0.872309	0.120593	0.007098	
0.121846	0.733743	0.144410	
0.390871	0.519069	0.090059	
0.024805	0.549316	0.425878	
0.330664	0.561237	0.108100	
0.209646	0.691933	0.098420	
0.325313	0.515166	0.159521	
0.049650	0.769511	0.180840	
0.058106	0.704877	0.237017	
0.275530	0.510352	0.214118	
0.311482	0.324925	0.363593	
0.116728	0.745587	0.137685	
0.363667	0.539164	0.097169	
0.257113	0.630957	0.111930	
0.218178	0.226189	0.555632	
0.556189	0.416404	0.027407	
0.143522	0.740032	0.116446	
0.014853	0.606023	0.379124	
0.631811	0.317309	0.050880	
0.529275	0.442147	0.028578	
0.559273	0.399372	0.041355	
0.477679	0.467242	0.055079	
0.298608	0.528376	0.173016	
0.419692	0.333078	0.247231	
0.165712	0.726986	0.107302	
0.024354	0.719957	0.255690	
0.706782	0.271857	0.021362	
0.034090	0.803815	0.162095	
0.337146	0.586424	0.076430	
0.446477	0.489509	0.064015	
0.808239	0.172099	0.019662	
0.195198	0.716580	0.088222	
0.270090	0.666040	0.063870	
0.734594	0.237921	0.027485	
0.648625	0.338815	0.012560	
0.163896	0.505511	0.330594	
0.663646	0.242638	0.093715	
0.566411	0.374415	0.059174	
0.588255	0.378336	0.033409	
0.190301	0.680724	0.128975	
0.047136	0.117821	0.835042	
0.005965	0.029018	0.965017	
0.308874	0.282110	0.409017	
0.390628	0.556059	0.053314	
0.888131	0.106684	0.005185	
0.033146	0.830011	0.136843	
0.828332	0.158407	0.013261	
0.323818	0.506801	0.169381	
0.658627	0.310277	0.031096	
0.742009	0.240226	0.017765	
0.639353	0.330159	0.030489	
0.075288	0.469570	0.455141	
0.133440	0.411334	0.455226	
0.111759	0.721225	0.167017	
0.292942	0.643228	0.063830	
0.226810	0.662600	0.110590	
0.948126	0.050080	0.001794	
0.251649	0.701936	0.046415	
0.947584	0.050981	0.001435	
0.037132	0.680567	0.282301	
0.198159	0.599614	0.202227	
0.825601	0.161665	0.012733	
0.212753	0.682474	0.104773	
0.505352	0.440474	0.054174	
0.817827	0.173215	0.008958	
0.536588	0.337143	0.126269	
0.303356	0.579944	0.116700	
0.431762	0.522305	0.045933	
0.062975	0.132475	0.804549	
0.442982	0.376444	0.180574	
0.807774	0.174127	0.018099	
0.502935	0.446338	0.050727	
0.794505	0.186545	0.018949	
0.085288	0.733502	0.181210	
0.714359	0.244370	0.041271	
0.702491	0.256323	0.041186	
0.325947	0.541892	0.132162	
0.743554	0.229200	0.027247	
0.192858	0.743094	0.064048	
0.723942	0.236623	0.039435	
0.585956	0.358577	0.055467	
0.436128	0.509825	0.054047	
0.663862	0.286869	0.049270	
0.132773	0.773653	0.093574	
0.942106	0.056064	0.001830	
0.347527	0.602858	0.049615	
0.098877	0.768717	0.132406	
0.631357	0.334382	0.034261	
0.185840	0.205874	0.608287	
0.688500	0.290007	0.021493	
0.881176	0.111011	0.007813	
0.207955	0.691454	0.100591	
0.225964	0.649617	0.124418	
0.866497	0.123794	0.009709	
0.181176	0.545463	0.273360	
0.288165	0.643140	0.068695	
0.453186	0.502913	0.043901	
0.560152	0.392299	0.047549	
0.102592	0.155294	0.742114	
0.234130	0.294017	0.471853	
0.175271	0.677105	0.147624	
0.003419	0.071431	0.925150	
0.331574	0.553831	0.114594	
0.000136	0.001866	0.997998	
0.009847	0.803610	0.186543	
0.011205	0.675091	0.313704	
0.017406	0.226996	0.755598	
0.713823	0.213135	0.073041	
0.005785	0.075732	0.918483	
0.644455	0.280797	0.074749	
0.168187	0.312188	0.519624	
0.040805	0.622900	0.336295	
0.002822	0.042341	0.954837	
0.004713	0.035272	0.960016	
0.005961	0.742055	0.251983	
0.035531	0.721773	0.242695	
0.681638	0.251156	0.067206	
0.004503	0.483258	0.512239	
0.760938	0.205731	0.033331	
0.008889	0.663415	0.327696	
0.016724	0.092999	0.890277	
0.044183	0.777265	0.178552	
0.092943	0.229370	0.677687	
0.005663	0.112128	0.882209	
0.017603	0.125437	0.856960	
0.044094	0.115788	0.840119	
0.039436	0.306077	0.654487	
0.737895	0.215518	0.046587	
0.706533	0.244752	0.048715	
0.335819	0.351301	0.312880	
0.012975	0.701449	0.285576	
0.018313	0.068684	0.913004	
0.003846	0.041592	0.954562	
0.058814	0.376218	0.564969	
0.173410	0.674428	0.152161	
0.005843	0.729855	0.264302	
0.084985	0.652960	0.262054	
0.036968	0.388001	0.575031	
0.042084	0.598686	0.359230	
0.002667	0.478682	0.518651	
0.695900	0.245770	0.058330	
0.035813	0.481029	0.483158	
0.013313	0.256091	0.730596	
0.007868	0.374366	0.617766	
0.003509	0.140265	0.856226	
0.180140	0.501927	0.317933	
0.007563	0.571099	0.421338	
0.341005	0.410720	0.248275	
0.001108	0.017017	0.981875	
0.255724	0.538737	0.205539	
0.639538	0.326439	0.034022	
0.004990	0.434536	0.560474	
0.497423	0.401355	0.101222	
0.047693	0.533166	0.419141	
0.016740	0.236718	0.746541	
0.315378	0.457563	0.227059	
0.029193	0.173689	0.797118	
0.160569	0.673524	0.165907	
0.519013	0.345705	0.135281	
0.000549	0.014749	0.984702	
0.025932	0.360297	0.613770	
0.040992	0.349976	0.609032	
0.012299	0.189727	0.797974	
0.005292	0.612582	0.382127	
0.003999	0.414136	0.581865	
0.848906	0.137306	0.013787	
0.016354	0.130308	0.853338	
0.632300	0.280477	0.087223	
0.323757	0.501712	0.174531	
0.137391	0.662718	0.199891	
0.339823	0.414642	0.245534	
0.847407	0.127390	0.025203	
0.021747	0.723956	0.254296	
0.022752	0.833876	0.143373	
0.356130	0.545522	0.098348	
0.783204	0.187270	0.029526	
0.006491	0.777676	0.215833	
0.678153	0.260290	0.061557	
0.442595	0.375484	0.181921	
0.076831	0.730451	0.192717	
0.019349	0.347747	0.632904	
0.087903	0.597934	0.314163	
0.386895	0.371945	0.241160	
0.012653	0.062283	0.925064	
0.867046	0.123261	0.009693	
0.006386	0.649747	0.343867	
0.099988	0.640204	0.259808	
0.121883	0.433326	0.444791	
0.728097	0.231284	0.040620	
0.057103	0.749896	0.193001	
0.461606	0.437065	0.101329	
0.006575	0.686357	0.307067	
0.017972	0.707151	0.274878	
0.917606	0.077281	0.005113	
0.589193	0.304418	0.106389	
0.063961	0.754129	0.181910	
0.438809	0.353556	0.207635	
0.020062	0.138093	0.841846	
0.019717	0.113231	0.867051	
0.054631	0.331589	0.613781	
0.112138	0.352504	0.535358	
0.011505	0.040418	0.948077	
0.006447	0.658304	0.335248	
0.021405	0.747946	0.230649	
0.004422	0.055988	0.939590	
0.035007	0.588507	0.376486	
0.683100	0.270185	0.046715	
0.408097	0.425483	0.166421	
0.127362	0.671155	0.201483	
0.009368	0.287485	0.703148	
0.887777	0.104014	0.008209	
0.308435	0.531703	0.159862	
0.092816	0.703809	0.203374	
0.084996	0.657803	0.257200	
0.003850	0.038287	0.957863	
0.013709	0.374194	0.612097	
0.007727	0.508659	0.483614	
0.051389	0.788999	0.159612	
0.001509	0.012722	0.985769	
0.446412	0.373334	0.180254	
0.576878	0.328781	0.094341	
0.369908	0.520455	0.109637	
0.081871	0.527373	0.390755	
0.850913	0.135659	0.013428	
0.004099	0.040865	0.955035	
0.168153	0.653145	0.178702	
0.003302	0.059015	0.937683	
0.298807	0.455110	0.246083	
0.040094	0.173041	0.786865	
0.077968	0.570608	0.351424	
0.018025	0.627472	0.354503	
0.015343	0.157904	0.826753	
0.008548	0.057475	0.933976	
0.230072	0.717117	0.052811	
0.310566	0.507544	0.181891	
0.118082	0.666122	0.215796	
0.202409	0.308586	0.489005	
0.005858	0.737946	0.256196	
0.542098	0.341905	0.115998	
0.019832	0.358941	0.621228	
0.000667	0.010858	0.988475	
0.027027	0.828775	0.144199	
0.174448	0.402994	0.422559	
0.007968	0.069276	0.922755	
0.028588	0.756716	0.214696	
0.007405	0.354465	0.638130	
0.020626	0.754189	0.225185	
0.086626	0.501719	0.411654	
0.047074	0.104139	0.848788	
0.013888	0.456101	0.530011	
0.879951	0.115044	0.005005	
0.049567	0.200929	0.749504	
0.076016	0.585120	0.338864	
0.115909	0.514216	0.369875	
0.484502	0.426795	0.088702	
0.020439	0.056850	0.922712	
0.277678	0.554130	0.168192	
0.020504	0.187886	0.791610	
0.007027	0.196906	0.796067	
0.256954	0.601327	0.141719	
0.459472	0.304994	0.235533	
0.083550	0.170763	0.745686	
0.113054	0.129557	0.757389	
0.144696	0.260355	0.594949	
0.725489	0.223964	0.050547	
0.006332	0.017879	0.975789	
0.269425	0.496047	0.234528	
0.025689	0.176285	0.798026	
0.206034	0.683381	0.110585	
0.069262	0.130651	0.800088	
0.757336	0.223754	0.018910	
0.006186	0.715943	0.277872	
0.149401	0.212120	0.638480	
0.010900	0.305899	0.683201	
0.044591	0.345176	0.610233	
0.292953	0.448434	0.258613	
0.029026	0.530977	0.439997	
0.440151	0.417709	0.142141	
0.200149	0.334328	0.465523	
