0.122395	0.394891	0.482713	
0.727328	0.238207	0.034465	
0.893563	0.084289	0.022148	
0.898377	0.095423	0.006200	
0.186437	0.421937	0.391626	
0.186437	0.421937	0.391626	
0.038674	0.145248	0.816077	
0.806051	0.173703	0.020246	
0.282156	0.272896	0.444948	
0.811854	0.170058	0.018088	
0.045203	0.637889	0.316907	
0.108153	0.746203	0.145644	
0.005869	0.219286	0.774844	
0.186437	0.421937	0.391626	
0.005770	0.815074	0.179156	
0.023907	0.151738	0.824354	
0.011720	0.712700	0.275580	
0.277608	0.697940	0.024452	
0.186437	0.421937	0.391626	
0.186437	0.421937	0.391626	
0.000417	0.012110	0.987473	
0.124281	0.375032	0.500687	
0.093116	0.291696	0.615187	
0.869610	0.120132	0.010257	
0.186437	0.421937	0.391626	
0.855190	0.133776	0.011033	
0.006928	0.749938	0.243134	
0.186437	0.421937	0.391626	
0.145713	0.714762	0.139525	
0.160941	0.354228	0.484831	
0.146562	0.334375	0.519062	
0.004562	0.060074	0.935363	
0.003732	0.025439	0.970829	
0.013915	0.085213	0.900872	
0.014626	0.784124	0.201249	
0.009826	0.177230	0.812943	
0.807179	0.171183	0.021637	
0.643979	0.291632	0.064389	
0.186437	0.421937	0.391626	
0.186437	0.421937	0.391626	
0.186437	0.421937	0.391626	
0.127670	0.806405	0.065926	
0.184094	0.640517	0.175389	
0.614841	0.311542	0.073617	
0.004953	0.777130	0.217918	
0.186437	0.421937	0.391626	
0.024336	0.194630	0.781034	
0.174909	0.197044	0.628047	
0.003259	0.507722	0.489019	
0.005481	0.070225	0.924294	
0.186437	0.421937	0.391626	
0.051217	0.843630	0.105153	
0.006428	0.675308	0.318264	
0.007563	0.267746	0.724690	
0.021319	0.850693	0.127988	
0.186437	0.421937	0.391626	
0.186437	0.421937	0.391626	
0.186437	0.421937	0.391626	
0.003751	0.605073	0.391176	
0.618101	0.317521	0.064378	
0.258788	0.646625	0.094588	
0.700815	0.267212	0.031973	
0.005127	0.082397	0.912476	
0.187350	0.268852	0.543798	
0.186437	0.421937	0.391626	
0.009849	0.667781	0.322370	
0.942176	0.055333	0.002491	
0.186437	0.421937	0.391626	
0.350679	0.564993	0.084329	
0.007103	0.136509	0.856388	
0.896026	0.096459	0.007515	
0.540188	0.311710	0.148102	
0.032912	0.647259	0.319829	
0.011189	0.763401	0.225410	
0.186437	0.421937	0.391626	
0.186437	0.421937	0.391626	
0.186437	0.421937	0.391626	
0.004420	0.045988	0.949592	
0.014221	0.790963	0.194816	
0.186437	0.421937	0.391626	
0.015485	0.728966	0.255549	
0.002699	0.025684	0.971616	
0.372769	0.428295	0.198936	
0.136284	0.201782	0.661934	
0.186437	0.421937	0.391626	
0.145883	0.582452	0.271665	
0.036228	0.713957	0.249815	
0.009986	0.155514	0.834500	
0.017466	0.168870	0.813665	
0.452067	0.356403	0.191529	
0.082138	0.711213	0.206649	
0.059461	0.748454	0.192085	
0.154885	0.758771	0.086344	
0.186437	0.421937	0.391626	
0.765678	0.207331	0.026991	
0.004747	0.412587	0.582665	
0.186437	0.421937	0.391626	
0.010356	0.831210	0.158434	
0.004311	0.719041	0.276648	
0.017226	0.062847	0.919927	
0.013027	0.755409	0.231564	
0.063096	0.689537	0.247367	
0.724051	0.245179	0.030771	
0.027117	0.493214	0.479669	
0.146138	0.685141	0.168721	
0.001524	0.725314	0.273162	
0.006006	0.724131	0.269863	
0.167251	0.495946	0.336803	
0.036910	0.752931	0.210160	
0.806707	0.172730	0.020564	
0.016818	0.188829	0.794352	
0.922498	0.073612	0.003890	
0.252647	0.638151	0.109202	
0.401415	0.493999	0.104586	
0.076654	0.469958	0.453388	
0.002790	0.533344	0.463866	
0.136018	0.176268	0.687715	
0.028718	0.790484	0.180798	
0.006886	0.746344	0.246770	
0.018264	0.837953	0.143783	
0.037286	0.751838	0.210876	
0.186437	0.421937	0.391626	
0.531592	0.342588	0.125820	
0.020687	0.197264	0.782049	
0.186437	0.421937	0.391626	
0.186437	0.421937	0.391626	
0.186437	0.421937	0.391626	
0.947085	0.051127	0.001789	
0.015947	0.800927	0.183125	
0.070898	0.407883	0.521220	
0.004054	0.573988	0.421958	
0.011418	0.546237	0.442344	
0.332787	0.409258	0.257955	
0.821706	0.160699	0.017596	
0.118526	0.691728	0.189747	
0.186437	0.421937	0.391626	
0.090913	0.635792	0.273294	
0.383062	0.345453	0.271485	
0.111064	0.704823	0.184113	
0.000700	0.020406	0.978894	
0.005913	0.796588	0.197499	
0.186437	0.421937	0.391626	
0.010499	0.189927	0.799574	
0.009252	0.789714	0.201034	
0.000139	0.007557	0.992304	
0.514000	0.409514	0.076486	
0.010951	0.839439	0.149610	
0.137504	0.647983	0.214513	
0.030684	0.695565	0.273750	
0.003577	0.402928	0.593495	
0.014878	0.800753	0.184369	
0.254516	0.528712	0.216772	
0.186437	0.421937	0.391626	
0.153128	0.161796	0.685076	
0.717218	0.248243	0.034539	
0.007725	0.806683	0.185592	
0.135476	0.689695	0.174830	
0.116484	0.616797	0.266719	
0.009737	0.789250	0.201013	
0.257920	0.648202	0.093878	
0.023512	0.315580	0.660908	
0.043157	0.236784	0.720059	
0.685088	0.258152	0.056760	
0.533391	0.382776	0.083833	
0.783393	0.180988	0.035619	
0.014798	0.493010	0.492193	
0.021802	0.042002	0.936195	
0.157412	0.692448	0.150140	
0.186437	0.421937	0.391626	
0.015520	0.787540	0.196941	
0.004019	0.349452	0.646529	
0.186437	0.421937	0.391626	
0.060018	0.862598	0.077384	
0.278628	0.531069	0.190303	
0.047333	0.295622	0.657045	
0.002751	0.075774	0.921476	
0.109567	0.752657	0.137776	
0.487303	0.358540	0.154156	
0.058427	0.553806	0.387767	
0.585659	0.346421	0.067921	
0.010441	0.821639	0.167920	
0.014410	0.511392	0.474198	
0.075153	0.381083	0.543764	
0.186437	0.421937	0.391626	
0.008494	0.562394	0.429112	
0.020828	0.857196	0.121976	
0.074065	0.344278	0.581656	
0.827350	0.158644	0.014006	
0.839205	0.146034	0.014760	
0.402052	0.394495	0.203454	
0.186437	0.421937	0.391626	
0.000295	0.004827	0.994878	
0.186437	0.421937	0.391626	
0.023050	0.751601	0.225349	
0.005963	0.115321	0.878716	
0.186437	0.421937	0.391626	
0.421646	0.510518	0.067835	
0.911890	0.082801	0.005309	
0.015494	0.129484	0.855022	
0.186437	0.421937	0.391626	
0.033600	0.746465	0.219935	
0.048553	0.735517	0.215930	
0.000936	0.010555	0.988509	
0.242838	0.600175	0.156987	
0.009088	0.515617	0.475295	
0.001256	0.011196	0.987548	
0.009622	0.796860	0.193518	
0.016939	0.509382	0.473680	
0.082802	0.751210	0.165987	
0.539674	0.376514	0.083812	
0.815688	0.165386	0.018926	
0.006080	0.677759	0.316161	
0.006030	0.630774	0.363196	
0.008538	0.771555	0.219907	
0.330130	0.495835	0.174035	
0.186437	0.421937	0.391626	
0.186437	0.421937	0.391626	
0.004593	0.689550	0.305857	
0.022810	0.143497	0.833694	
0.266355	0.348926	0.384720	
0.018645	0.749596	0.231759	
0.186437	0.421937	0.391626	
0.087806	0.732909	0.179285	
0.186437	0.421937	0.391626	
0.166302	0.564695	0.269002	
0.597547	0.328257	0.074196	
0.378730	0.525551	0.095720	
0.008913	0.791223	0.199864	
0.445952	0.477849	0.076199	
0.566064	0.397132	0.036804	
0.696026	0.237789	0.066185	
0.715341	0.266891	0.017768	
0.000122	0.003574	0.996304	
0.673490	0.272746	0.053763	
0.004592	0.022738	0.972670	
0.186437	0.421937	0.391626	
0.179611	0.244751	0.575639	
0.021245	0.143946	0.834809	
0.831209	0.153517	0.015273	
0.671458	0.267430	0.061112	
0.020671	0.706684	0.272646	
0.055139	0.832985	0.111877	
0.186437	0.421937	0.391626	
0.145883	0.582452	0.271665	
0.002760	0.764128	0.233111	
0.533798	0.330845	0.135357	
0.006281	0.761187	0.232532	
0.041548	0.163226	0.795226	
0.186437	0.421937	0.391626	
0.640001	0.326033	0.033966	
0.186437	0.421937	0.391626	
0.153458	0.332560	0.513982	
0.268097	0.587312	0.144592	
0.011933	0.392341	0.595726	
0.841668	0.142825	0.015507	
0.186437	0.421937	0.391626	
0.452352	0.373770	0.173877	
0.006419	0.360576	0.633005	
0.186437	0.421937	0.391626	
0.366645	0.479942	0.153413	
0.005145	0.795511	0.199344	
0.186437	0.421937	0.391626	
0.186437	0.421937	0.391626	
0.003151	0.776839	0.220010	
0.003471	0.051368	0.945160	
0.659924	0.289096	0.050980	
0.010711	0.697071	0.292219	
0.186437	0.421937	0.391626	
0.470944	0.359547	0.169509	
0.186437	0.421937	0.391626	
0.186437	0.421937	0.391626	
0.208309	0.345281	0.446410	
0.062783	0.164793	0.772424	
0.073117	0.107830	0.819053	
0.004767	0.224561	0.770673	
0.005777	0.096555	0.897668	
0.036560	0.768693	0.194747	
0.012466	0.850899	0.136635	
0.030994	0.093733	0.875273	
0.466667	0.453088	0.080245	
0.679134	0.263514	0.057352	
0.007281	0.056632	0.936087	
0.186437	0.421937	0.391626	
0.015102	0.430723	0.554175	
0.018175	0.235298	0.746526	
0.752036	0.210398	0.037566	
0.030007	0.766486	0.203506	
0.068656	0.523898	0.407445	
0.639362	0.325105	0.035533	
0.186437	0.421937	0.391626	
0.040508	0.790758	0.168734	
0.134812	0.734114	0.131075	
0.186437	0.421937	0.391626	
0.006319	0.455371	0.538310	
0.889127	0.102602	0.008271	
0.026186	0.820971	0.152844	
0.069245	0.746732	0.184023	
0.186437	0.421937	0.391626	
0.196669	0.613436	0.189895	
0.532784	0.438757	0.028459	
0.050466	0.188114	0.761421	
0.020360	0.499075	0.480566	
0.217407	0.587334	0.195259	
0.186437	0.421937	0.391626	
0.186437	0.421937	0.391626	
0.116937	0.718126	0.164937	
0.574098	0.328904	0.096998	
0.186437	0.421937	0.391626	
0.065189	0.272490	0.662322	
0.075130	0.331647	0.593224	
0.010080	0.836515	0.153406	
0.022993	0.778206	0.198801	
0.000674	0.017290	0.982036	
0.854904	0.132252	0.012844	
0.933367	0.063848	0.002785	
0.679929	0.264409	0.055662	
0.007803	0.624198	0.367999	
0.008768	0.808706	0.182526	
0.160423	0.099451	0.740126	
0.952906	0.045264	0.001829	
0.000047	0.001041	0.998913	
0.142539	0.170818	0.686644	
0.186437	0.421937	0.391626	
0.525785	0.212696	0.261519	
0.066377	0.783292	0.150331	
0.008538	0.725019	0.266443	
0.186437	0.421937	0.391626	
0.078783	0.774765	0.146452	
0.245357	0.628776	0.125866	
0.721286	0.242673	0.036041	
0.019457	0.108645	0.871898	
0.075601	0.733677	0.190722	
0.180743	0.200276	0.618982	
0.007688	0.740395	0.251917	
0.022118	0.378312	0.599570	
0.186437	0.421937	0.391626	
0.274351	0.530099	0.195550	
0.301820	0.611438	0.086742	
0.462863	0.349351	0.187786	
0.186437	0.421937	0.391626	
0.033168	0.692328	0.274504	
0.588566	0.350930	0.060503	
0.093182	0.626231	0.280587	
0.163350	0.674473	0.162177	
0.064249	0.062517	0.873234	
0.051574	0.216689	0.731737	
0.622462	0.296380	0.081158	
0.186437	0.421937	0.391626	
0.010781	0.715029	0.274190	
0.131663	0.429583	0.438755	
0.038146	0.715177	0.246677	
0.014532	0.576031	0.409437	
0.525885	0.295872	0.178243	
0.869632	0.120518	0.009850	
0.616642	0.309207	0.074151	
0.270985	0.558632	0.170384	
0.019841	0.089683	0.890476	
0.603747	0.233440	0.162813	
0.408029	0.478824	0.113147	
0.151308	0.717364	0.131328	
0.186437	0.421937	0.391626	
0.030379	0.753456	0.216166	
0.138579	0.594359	0.267063	
0.315297	0.640220	0.044483	
0.464389	0.361426	0.174185	
0.203146	0.359831	0.437023	
0.125980	0.116857	0.757163	
0.265481	0.344682	0.389837	
0.060994	0.112549	0.826458	
0.005061	0.787771	0.207168	
0.300093	0.521518	0.178388	
0.155904	0.191361	0.652735	
0.340340	0.597843	0.061817	
0.557084	0.360475	0.082441	
0.029980	0.715959	0.254061	
0.013687	0.105510	0.880803	
0.009659	0.044902	0.945438	
0.503580	0.398545	0.097875	
0.128475	0.235857	0.635668	
0.007702	0.760569	0.231729	
0.005273	0.033743	0.960984	
0.129358	0.722210	0.148432	
0.038623	0.802594	0.158783	
0.006518	0.737125	0.256357	
0.293095	0.397847	0.309058	
0.056157	0.777525	0.166318	
0.008821	0.046990	0.944189	
0.687424	0.260477	0.052099	
0.186437	0.421937	0.391626	
0.186437	0.421937	0.391626	
0.950718	0.046671	0.002611	
0.009474	0.709511	0.281014	
0.699048	0.268297	0.032654	
0.186437	0.421937	0.391626	
0.715827	0.260304	0.023869	
0.197833	0.678040	0.124127	
0.186437	0.421937	0.391626	
0.710964	0.251686	0.037350	
0.021248	0.802252	0.176500	
0.606665	0.346698	0.046637	
0.186437	0.421937	0.391626	
0.039294	0.288939	0.671767	
0.039461	0.370570	0.589969	
0.267372	0.629631	0.102997	
0.186437	0.421937	0.391626	
0.010243	0.732368	0.257389	
0.325258	0.452602	0.222140	
0.038091	0.164730	0.797179	
0.120011	0.719157	0.160833	
0.913220	0.082222	0.004558	
0.026588	0.202309	0.771102	
0.049196	0.637878	0.312926	
0.066512	0.421006	0.512482	
0.404507	0.556200	0.039293	
0.186437	0.421937	0.391626	
0.001821	0.050743	0.947436	
0.278990	0.562591	0.158420	
0.813143	0.162643	0.024213	
0.000537	0.009242	0.990221	
0.044960	0.315608	0.639431	
0.920171	0.076209	0.003621	
0.002646	0.074592	0.922762	
0.060243	0.824826	0.114931	
0.685891	0.267109	0.047000	
0.009259	0.776204	0.214537	
0.209796	0.475864	0.314339	
0.136846	0.386408	0.476746	
0.186437	0.421937	0.391626	
0.079824	0.678762	0.241414	
0.916754	0.080351	0.002895	
0.272935	0.674316	0.052748	
0.034472	0.682210	0.283319	
0.016279	0.079147	0.904574	
0.731693	0.232021	0.036285	
0.186437	0.421937	0.391626	
0.015605	0.138526	0.845869	
0.003974	0.045983	0.950043	
0.007758	0.750996	0.241246	
0.790819	0.195873	0.013308	
0.005548	0.790470	0.203981	
0.687603	0.271703	0.040694	
0.087227	0.776590	0.136183	
0.186437	0.421937	0.391626	
0.422448	0.431509	0.146043	
0.123119	0.514328	0.362553	
0.806033	0.168102	0.025865	
0.494328	0.419715	0.085957	
0.186437	0.421937	0.391626	
0.005169	0.678314	0.316517	
0.113262	0.226652	0.660086	
0.012161	0.225665	0.762174	
0.486968	0.294028	0.219004	
0.020512	0.715024	0.264464	
0.055753	0.107679	0.836569	
0.876259	0.113493	0.010248	
0.003995	0.725021	0.270984	
0.054015	0.276142	0.669842	
0.638815	0.282950	0.078235	
0.029426	0.814795	0.155779	
0.186437	0.421937	0.391626	
0.007423	0.212614	0.779963	
0.018268	0.166051	0.815681	
0.193723	0.561843	0.244433	
0.385466	0.312363	0.302171	
0.186437	0.421937	0.391626	
0.186437	0.421937	0.391626	
0.017292	0.316841	0.665866	
0.005475	0.039623	0.954902	
0.000259	0.004093	0.995648	
0.083207	0.742657	0.174136	
0.053852	0.783317	0.162831	
0.765833	0.199169	0.034999	
0.007451	0.241856	0.750693	
0.007661	0.709411	0.282928	
0.211972	0.721288	0.066740	
0.960020	0.038681	0.001299	
0.186437	0.421937	0.391626	
0.000340	0.005482	0.994177	
0.004118	0.036932	0.958950	
0.089120	0.765098	0.145782	
0.082292	0.716526	0.201182	
0.442072	0.359756	0.198173	
0.004021	0.809601	0.186378	
0.000410	0.004882	0.994708	
0.454624	0.509967	0.035408	
0.522009	0.379752	0.098239	
0.629029	0.347028	0.023943	
0.186437	0.421937	0.391626	
0.099611	0.307780	0.592610	
0.007807	0.176581	0.815613	
0.205450	0.237565	0.556985	
0.015348	0.082995	0.901658	
0.038865	0.709569	0.251566	
0.000445	0.006697	0.992859	
0.186437	0.421937	0.391626	
0.013973	0.650586	0.335441	
0.186437	0.421937	0.391626	
0.009384	0.722793	0.267824	
0.009425	0.482127	0.508448	
0.003951	0.018995	0.977053	
0.514817	0.405800	0.079384	
0.879744	0.111724	0.008531	
0.029607	0.647649	0.322744	
0.186437	0.421937	0.391626	
0.011361	0.774759	0.213879	
0.006381	0.634010	0.359609	
0.042054	0.798052	0.159894	
0.010795	0.172581	0.816624	
0.034738	0.777905	0.187358	
0.401829	0.427967	0.170204	
0.218077	0.660135	0.121788	
0.018897	0.809847	0.171256	
0.000214	0.008813	0.990973	
0.930415	0.065170	0.004416	
0.010366	0.806899	0.182736	
0.270819	0.633321	0.095860	
0.009723	0.761507	0.228770	
0.012963	0.471156	0.515882	
0.896688	0.096540	0.006772	
0.011123	0.685114	0.303763	
0.234805	0.493124	0.272071	
0.166031	0.557466	0.276503	
0.016065	0.789928	0.194007	
0.018580	0.050564	0.930856	
0.186437	0.421937	0.391626	
0.018464	0.167220	0.814315	
0.017909	0.083561	0.898530	
0.006111	0.122786	0.871104	
0.344782	0.400019	0.255199	
0.147975	0.273824	0.578201	
0.004282	0.776915	0.218803	
0.016897	0.240894	0.742210	
0.043102	0.328375	0.628523	
0.009746	0.747377	0.242877	
0.186437	0.421937	0.391626	
0.081734	0.580547	0.337720	
0.214500	0.276223	0.509277	
0.006602	0.490026	0.503373	
0.393428	0.577277	0.029295	
0.427479	0.360336	0.212186	
0.057062	0.815887	0.127051	
0.186437	0.421937	0.391626	
0.560312	0.324423	0.115265	
0.039278	0.253731	0.706991	
0.789802	0.185328	0.024871	
0.186437	0.421937	0.391626	
0.006823	0.054754	0.938424	
0.036156	0.703614	0.260230	
0.643361	0.315890	0.040750	
0.186437	0.421937	0.391626	
0.091649	0.632951	0.275399	
0.144192	0.630505	0.225302	
0.158970	0.425925	0.415106	
0.164040	0.218049	0.617911	
0.097681	0.192627	0.709692	
0.186437	0.421937	0.391626	
0.018192	0.214267	0.767540	
0.139330	0.382855	0.477814	
0.014759	0.099029	0.886211	
0.010300	0.799144	0.190555	
0.024536	0.175153	0.800311	
0.186437	0.421937	0.391626	
0.006691	0.521603	0.471706	
0.063330	0.737911	0.198760	
0.149993	0.759603	0.090404	
0.016004	0.638786	0.345210	
0.661876	0.312117	0.026007	
0.009923	0.050954	0.939123	
0.186437	0.421937	0.391626	
0.176351	0.759427	0.064221	
0.772344	0.198400	0.029257	
0.066290	0.272682	0.661029	
0.232235	0.658606	0.109159	
0.003833	0.756574	0.239593	
0.119692	0.336255	0.544053	
0.004519	0.713653	0.281828	
0.186437	0.421937	0.391626	
0.011618	0.549663	0.438719	
0.246094	0.598614	0.155292	
0.578554	0.321097	0.100349	
0.015763	0.561568	0.422669	
0.846527	0.136070	0.017403	
0.404862	0.468351	0.126787	
0.048687	0.201132	0.750181	
0.064016	0.338258	0.597725	
0.001741	0.124657	0.873603	
0.734767	0.225391	0.039841	
0.640330	0.293944	0.065725	
0.027116	0.601458	0.371426	
0.012362	0.636982	0.350657	
0.004797	0.078889	0.916314	
0.057584	0.745286	0.197131	
0.001885	0.025475	0.972640	
0.052025	0.783679	0.164296	
0.142635	0.232104	0.625261	
0.366631	0.302823	0.330545	
0.175644	0.698948	0.125407	
0.019427	0.183862	0.796711	
0.003892	0.023083	0.973025	
0.035993	0.778535	0.185471	
0.716423	0.265556	0.018021	
0.027336	0.802025	0.170639	
0.218083	0.667674	0.114243	
0.469530	0.270873	0.259597	
0.045659	0.080717	0.873624	
0.071732	0.727732	0.200536	
0.005390	0.569032	0.425578	
0.133266	0.410543	0.456191	
0.703270	0.237036	0.059694	
0.004532	0.043616	0.951852	
0.109638	0.222890	0.667473	
0.000111	0.006397	0.993492	
0.743817	0.239591	0.016592	
0.006632	0.819744	0.173623	
0.015153	0.189349	0.795498	
0.003252	0.456396	0.540352	
0.032987	0.228643	0.738370	
0.802828	0.175254	0.021918	
0.911418	0.083209	0.005373	
0.053550	0.692561	0.253889	
0.013741	0.201032	0.785227	
0.186437	0.421937	0.391626	
0.010164	0.695954	0.293882	
0.026616	0.762424	0.210960	
0.596549	0.386942	0.016509	
0.022765	0.194494	0.782740	
0.071775	0.808653	0.119572	
0.012720	0.189212	0.798068	
0.186437	0.421937	0.391626	
0.076154	0.589186	0.334660	
0.005292	0.712823	0.281885	
0.010331	0.784944	0.204725	
0.003723	0.020423	0.975855	
0.525064	0.345680	0.129257	
0.186437	0.421937	0.391626	
0.023551	0.486825	0.489623	
0.186437	0.421937	0.391626	
0.005176	0.096643	0.898181	
0.002561	0.020608	0.976831	
0.002300	0.014948	0.982752	
0.030964	0.666026	0.303010	
0.721252	0.233116	0.045632	
0.167362	0.481709	0.350929	
0.060587	0.740206	0.199207	
0.420607	0.529760	0.049633	
0.042613	0.802025	0.155362	
0.004956	0.040083	0.954961	
0.002769	0.028394	0.968837	
0.709974	0.231015	0.059011	
0.028056	0.152002	0.819942	
0.073807	0.731004	0.195189	
0.081118	0.096969	0.821912	
0.006675	0.065569	0.927755	
0.186437	0.421937	0.391626	
0.145998	0.599335	0.254667	
0.063195	0.681756	0.255049	
0.027427	0.648686	0.323887	
0.117961	0.182073	0.699966	
0.160013	0.699778	0.140209	
0.010078	0.364382	0.625541	
0.011749	0.712238	0.276013	
0.186437	0.421937	0.391626	
0.186437	0.421937	0.391626	
0.038655	0.443122	0.518223	
0.025987	0.730336	0.243677	
0.602140	0.327748	0.070112	
0.186437	0.421937	0.391626	
0.283077	0.435976	0.280947	
0.186437	0.421937	0.391626	
0.023288	0.227738	0.748974	
0.406645	0.514692	0.078663	
0.019269	0.750471	0.230261	
0.186437	0.421937	0.391626	
0.797767	0.179378	0.022855	
0.118942	0.775837	0.105220	
0.855762	0.133728	0.010510	
0.061532	0.566273	0.372195	
0.012073	0.717842	0.270086	
0.186437	0.421937	0.391626	
0.186437	0.421937	0.391626	
0.186437	0.421937	0.391626	
0.002906	0.033453	0.963641	
0.709661	0.250790	0.039550	
0.436473	0.373924	0.189602	
0.142028	0.778137	0.079836	
0.186437	0.421937	0.391626	
0.676026	0.280877	0.043097	
0.007931	0.769606	0.222463	
0.464692	0.426743	0.108565	
0.004669	0.504047	0.491284	
0.039183	0.720529	0.240288	
0.833883	0.130508	0.035609	
0.049754	0.758802	0.191444	
0.638905	0.260029	0.101066	
0.053501	0.605320	0.341178	
0.079364	0.669508	0.251128	
0.285037	0.631557	0.083406	
0.014989	0.813070	0.171941	
0.009301	0.091096	0.899602	
0.029587	0.114064	0.856349	
0.186437	0.421937	0.391626	
0.041548	0.445365	0.513087	
0.799057	0.178358	0.022585	
0.074092	0.796087	0.129821	
0.186437	0.421937	0.391626	
0.038478	0.328214	0.633307	
0.008077	0.831380	0.160543	
0.001233	0.030511	0.968256	
0.419961	0.354081	0.225958	
0.004590	0.727137	0.268273	
0.186437	0.421937	0.391626	
0.029088	0.079028	0.891884	
0.497532	0.400712	0.101756	
0.008791	0.766039	0.225170	
0.008806	0.166728	0.824466	
0.005728	0.766838	0.227434	
0.142656	0.185190	0.672155	
0.174321	0.375187	0.450492	
0.059648	0.764059	0.176292	
0.689490	0.248189	0.062320	
0.003543	0.136949	0.859508	
0.872767	0.118132	0.009101	
0.920848	0.073922	0.005230	
0.051404	0.279040	0.669556	
0.006056	0.058753	0.935190	
0.272579	0.637969	0.089452	
0.000323	0.005999	0.993678	
0.047409	0.103989	0.848601	
0.577231	0.322395	0.100374	
0.702710	0.244084	0.053206	
0.015189	0.839431	0.145380	
0.590077	0.317046	0.092877	
0.186437	0.421937	0.391626	
0.867844	0.083500	0.048656	
0.100177	0.719478	0.180345	
0.133458	0.507239	0.359302	
0.000768	0.011006	0.988226	
0.504046	0.404785	0.091169	
0.016156	0.673781	0.310063	
0.000275	0.006154	0.993571	
0.029806	0.764603	0.205591	
0.895866	0.098181	0.005953	
0.039991	0.821970	0.138039	
0.006728	0.615630	0.377641	
0.186437	0.421937	0.391626	
0.032962	0.115163	0.851874	
0.667670	0.265390	0.066941	
0.012115	0.794542	0.193343	
0.737275	0.232869	0.029856	
0.183131	0.597387	0.219482	
0.871323	0.117110	0.011567	
0.745895	0.222999	0.031105	
0.028130	0.711324	0.260546	
0.061196	0.356487	0.582317	
0.225701	0.583714	0.190585	
0.042788	0.591692	0.365521	
0.405477	0.405457	0.189066	
0.065420	0.117275	0.817305	
0.316843	0.485027	0.198130	
0.071657	0.260293	0.668050	
0.003880	0.032198	0.963922	
0.177437	0.303299	0.519264	
0.186437	0.421937	0.391626	
0.004216	0.253029	0.742755	
0.793255	0.178000	0.028745	
0.612874	0.340212	0.046915	
0.008811	0.687909	0.303280	
0.186437	0.421937	0.391626	
0.011177	0.101386	0.887437	
0.007571	0.270950	0.721479	
0.186437	0.421937	0.391626	
0.552822	0.336230	0.110948	
0.041353	0.130688	0.827959	
0.186437	0.421937	0.391626	
0.008206	0.850155	0.141639	
0.129479	0.461607	0.408915	
0.646009	0.279129	0.074863	
0.023818	0.547456	0.428727	
0.026963	0.768686	0.204351	
0.337851	0.585293	0.076856	
0.453629	0.367984	0.178387	
0.018429	0.798450	0.183121	
0.722260	0.232931	0.044809	
0.103931	0.104774	0.791295	
0.738614	0.218944	0.042442	
0.186437	0.421937	0.391626	
0.748264	0.210910	0.040826	
0.100820	0.669080	0.230101	
0.186437	0.421937	0.391626	
0.961338	0.037647	0.001015	
0.069525	0.668616	0.261859	
0.006903	0.651145	0.341952	
0.004841	0.027552	0.967608	
0.860550	0.128902	0.010549	
0.186437	0.421937	0.391626	
0.186437	0.421937	0.391626	
0.003076	0.175877	0.821047	
0.168380	0.623643	0.207977	
0.006558	0.772761	0.220680	
0.021508	0.156727	0.821765	
0.186437	0.421937	0.391626	
0.059904	0.559937	0.380158	
0.062420	0.805517	0.132063	
0.033863	0.399424	0.566714	
0.880966	0.109681	0.009353	
0.005095	0.409037	0.585868	
0.018288	0.642275	0.339437	
0.045458	0.777166	0.177376	
0.186437	0.421937	0.391626	
0.004765	0.734051	0.261184	
0.445261	0.212329	0.342410	
0.089550	0.512616	0.397834	
0.005952	0.115579	0.878469	
0.034536	0.816720	0.148744	
0.032889	0.063612	0.903499	
0.186437	0.421937	0.391626	
0.186437	0.421937	0.391626	
0.019136	0.810740	0.170125	
0.064564	0.613610	0.321826	
0.108054	0.297583	0.594363	
0.520350	0.292649	0.187001	
0.000117	0.007164	0.992719	
0.186437	0.421937	0.391626	
0.048709	0.686835	0.264456	
0.186437	0.421937	0.391626	
0.007740	0.775353	0.216907	
0.417234	0.488505	0.094261	
0.186437	0.421937	0.391626	
0.003965	0.720139	0.275895	
0.155929	0.568848	0.275223	
0.186437	0.421937	0.391626	
0.008427	0.283598	0.707975	
0.002344	0.138728	0.858928	
0.018952	0.119867	0.861182	
0.013304	0.497363	0.489333	
0.000619	0.016048	0.983333	
0.186437	0.421937	0.391626	
0.186437	0.421937	0.391626	
0.315984	0.614583	0.069433	
0.472387	0.309441	0.218172	
0.888442	0.104619	0.006939	
0.249083	0.668578	0.082339	
0.186437	0.421937	0.391626	
0.718883	0.242278	0.038839	
0.051448	0.091352	0.857200	
0.186437	0.421937	0.391626	
0.103319	0.096551	0.800130	
0.024479	0.056310	0.919210	
0.462862	0.315417	0.221721	
0.872480	0.119097	0.008423	
0.017950	0.098336	0.883714	
0.006288	0.680935	0.312777	
0.186437	0.421937	0.391626	
0.232165	0.560375	0.207461	
0.004555	0.038929	0.956516	
0.826034	0.166688	0.007278	
0.311196	0.373746	0.315058	
0.018720	0.808021	0.173259	
0.034172	0.826206	0.139622	
0.008197	0.677785	0.314018	
0.428656	0.462018	0.109326	
0.156382	0.684884	0.158735	
0.869302	0.122201	0.008497	
0.040640	0.820894	0.138466	
0.186437	0.421937	0.391626	
0.067394	0.096711	0.835895	
0.154779	0.511912	0.333309	
0.231346	0.570963	0.197692	
0.323011	0.401358	0.275631	
0.006965	0.829289	0.163746	
0.027704	0.724873	0.247422	
0.003038	0.433240	0.563722	
0.122758	0.426288	0.450955	
0.058630	0.196209	0.745161	
0.498342	0.388515	0.113143	
0.037768	0.428959	0.533273	
0.016767	0.768063	0.215170	
0.043610	0.774302	0.182089	
0.219736	0.692906	0.087358	
0.013237	0.423109	0.563654	
0.812596	0.166590	0.020814	
0.353649	0.494716	0.151635	
0.016778	0.098750	0.884472	
0.646531	0.321406	0.032063	
0.001709	0.808533	0.189758	
0.049547	0.518693	0.431760	
0.004679	0.822879	0.172443	
0.186437	0.421937	0.391626	
0.614677	0.313492	0.071831	
0.003979	0.021583	0.974438	
0.161356	0.548316	0.290328	
0.003533	0.501465	0.495001	
0.142104	0.246494	0.611403	
0.844717	0.141021	0.014262	
0.006225	0.148546	0.845230	
0.009873	0.676655	0.313472	
0.206730	0.619695	0.173574	
0.298203	0.457734	0.244062	
0.186437	0.421937	0.391626	
0.010589	0.458316	0.531095	
0.000040	0.002612	0.997348	
0.186437	0.421937	0.391626	
0.014069	0.327358	0.658574	
0.756042	0.216057	0.027901	
0.094385	0.645767	0.259848	
0.002704	0.021427	0.975870	
0.078022	0.442393	0.479585	
0.343834	0.500484	0.155682	
0.016126	0.796958	0.186915	
0.139816	0.805432	0.054752	
0.008430	0.772652	0.218918	
0.000278	0.006891	0.992831	
0.004280	0.333255	0.662465	
0.004345	0.445114	0.550541	
0.186437	0.421937	0.391626	
0.005521	0.397145	0.597334	
0.196197	0.305024	0.498779	
0.007469	0.688187	0.304344	
0.020791	0.558314	0.420896	
0.014781	0.778143	0.207077	
0.186437	0.421937	0.391626	
0.028905	0.830654	0.140441	
0.409429	0.438532	0.152039	
0.396339	0.544364	0.059297	
0.186437	0.421937	0.391626	
0.021004	0.103897	0.875099	
0.058808	0.753640	0.187552	
0.025234	0.818952	0.155814	
0.060136	0.769313	0.170552	
0.004725	0.133025	0.862250	
0.467816	0.171814	0.360370	
0.871772	0.119103	0.009125	
0.411217	0.511470	0.077312	
0.817502	0.162427	0.020071	
0.005702	0.067650	0.926649	
0.186437	0.421937	0.391626	
0.028491	0.807517	0.163992	
0.015901	0.087244	0.896855	
0.028469	0.506475	0.465056	
0.500978	0.424195	0.074827	
0.314689	0.560498	0.124813	
0.070029	0.622253	0.307718	
0.705901	0.239248	0.054851	
0.007864	0.096435	0.895701	
0.093511	0.431803	0.474686	
0.005512	0.832749	0.161739	
0.038282	0.194998	0.766719	
0.380390	0.500346	0.119264	
0.169579	0.731351	0.099069	
0.008754	0.722799	0.268447	
0.174784	0.591201	0.234015	
0.186437	0.421937	0.391626	
0.045376	0.788957	0.165668	
0.001792	0.793645	0.204563	
0.064301	0.811314	0.124385	
0.186437	0.421937	0.391626	
0.186437	0.421937	0.391626	
0.087761	0.775457	0.136782	
0.866095	0.118725	0.015179	
0.287750	0.340082	0.372167	
0.033632	0.093201	0.873168	
0.186437	0.421937	0.391626	
0.024426	0.829902	0.145672	
0.010954	0.657732	0.331314	
0.482771	0.443429	0.073800	
0.186437	0.421937	0.391626	
0.471080	0.453104	0.075816	
0.021879	0.424014	0.554107	
0.008172	0.051605	0.940223	
0.186437	0.421937	0.391626	
0.651562	0.272434	0.076004	
0.172221	0.324966	0.502814	
0.186437	0.421937	0.391626	
0.111643	0.669736	0.218621	
0.833429	0.131784	0.034787	
0.003745	0.801188	0.195067	
0.015815	0.814377	0.169808	
0.100908	0.508996	0.390095	
0.186437	0.421937	0.391626	
0.917199	0.077986	0.004815	
0.019970	0.695039	0.284991	
0.015343	0.412248	0.572409	
0.483682	0.471871	0.044447	
0.007033	0.769801	0.223166	
0.004758	0.092000	0.903241	
0.003741	0.354481	0.641777	
0.374513	0.557259	0.068227	
0.222652	0.440984	0.336365	
0.118283	0.734977	0.146740	
0.000614	0.010756	0.988631	
0.005592	0.022967	0.971441	
0.004138	0.781598	0.214264	
0.110882	0.801788	0.087330	
0.003716	0.670996	0.325288	
0.385819	0.432284	0.181897	
0.009861	0.033269	0.956870	
0.263432	0.423114	0.313454	
0.186437	0.421937	0.391626	
0.069833	0.301116	0.629051	
0.008530	0.836003	0.155467	
0.027824	0.183664	0.788512	
0.461240	0.435473	0.103287	
0.186437	0.421937	0.391626	
0.018759	0.862879	0.118362	
0.003364	0.726896	0.269740	
0.733240	0.221109	0.045650	
0.584025	0.370125	0.045850	
0.815862	0.129988	0.054150	
0.003661	0.542372	0.453966	
0.026114	0.272748	0.701137	
0.011230	0.456054	0.532717	
0.011865	0.787464	0.200671	
0.002405	0.351618	0.645977	
0.913393	0.081947	0.004660	
0.072185	0.796225	0.131590	
0.012577	0.794774	0.192649	
0.058852	0.666740	0.274408	
0.011535	0.104066	0.884399	
0.151239	0.225578	0.623183	
0.621620	0.301757	0.076623	
0.978592	0.020989	0.000419	
0.016332	0.123358	0.860310	
0.186437	0.421937	0.391626	
0.012867	0.181810	0.805323	
0.186437	0.421937	0.391626	
0.006781	0.815926	0.177292	
0.621649	0.305644	0.072708	
0.240023	0.631557	0.128420	
0.002728	0.032816	0.964456	
0.186437	0.421937	0.391626	
0.285703	0.521425	0.192873	
0.032362	0.623584	0.344054	
0.067226	0.775341	0.157433	
0.004111	0.029983	0.965906	
0.009208	0.837354	0.153438	
0.015840	0.767140	0.217021	
0.015130	0.162368	0.822502	
0.203429	0.632398	0.164174	
0.025027	0.834673	0.140299	
0.186437	0.421937	0.391626	
0.019699	0.705613	0.274688	
0.016786	0.078194	0.905020	
0.523332	0.318990	0.157678	
0.186437	0.421937	0.391626	
0.006637	0.031727	0.961636	
0.098024	0.409582	0.492395	
0.018349	0.392556	0.589096	
0.186437	0.421937	0.391626	
0.010420	0.746284	0.243296	
0.493238	0.411375	0.095387	
0.412653	0.464871	0.122475	
0.048865	0.703927	0.247208	
0.002876	0.086624	0.910500	
0.027216	0.677595	0.295189	
0.089323	0.220224	0.690453	
0.011401	0.432484	0.556115	
0.001904	0.030073	0.968023	
0.186437	0.421937	0.391626	
0.059048	0.760875	0.180077	
0.177426	0.682061	0.140513	
0.066001	0.704700	0.229300	
0.076126	0.136068	0.787806	
0.021347	0.048769	0.929884	
0.791789	0.183675	0.024536	
0.009539	0.173752	0.816709	
0.006240	0.766061	0.227699	
0.076590	0.136483	0.786927	
0.056792	0.787050	0.156158	
0.186437	0.421937	0.391626	
0.948064	0.050358	0.001577	
0.006858	0.047675	0.945467	
0.006531	0.799622	0.193848	
0.218889	0.692974	0.088137	
0.000884	0.027287	0.971829	
0.017306	0.765558	0.217136	
0.186437	0.421937	0.391626	
0.007713	0.766472	0.225815	
0.186437	0.421937	0.391626	
0.186437	0.421937	0.391626	
0.615076	0.303162	0.081761	
0.724383	0.239696	0.035922	
0.055502	0.598584	0.345914	
0.243280	0.603959	0.152762	
0.076028	0.187232	0.736740	
0.217339	0.734643	0.048018	
0.023074	0.302409	0.674517	
0.500096	0.421932	0.077973	
0.004508	0.811609	0.183883	
0.004961	0.749133	0.245906	
0.584472	0.296950	0.118578	
0.825950	0.156797	0.017253	
0.071496	0.685420	0.243084	
0.005735	0.013684	0.980581	
0.334146	0.411750	0.254104	
0.605641	0.306918	0.087441	
0.186437	0.421937	0.391626	
0.304803	0.522644	0.172553	
0.101174	0.372145	0.526681	
0.322717	0.618847	0.058435	
0.646037	0.278464	0.075499	
0.186437	0.421937	0.391626	
0.186437	0.421937	0.391626	
0.018069	0.793954	0.187978	
0.186437	0.421937	0.391626	
0.046040	0.764052	0.189908	
0.186437	0.421937	0.391626	
0.002312	0.489197	0.508491	
0.372013	0.450720	0.177267	
0.853272	0.132118	0.014610	
0.427977	0.332917	0.239106	
0.315665	0.351562	0.332772	
0.092175	0.785579	0.122247	
0.008712	0.433626	0.557662	
0.186437	0.421937	0.391626	
0.077104	0.533158	0.389738	
0.009318	0.510765	0.479917	
0.414829	0.508411	0.076760	
0.076064	0.784659	0.139277	
0.027906	0.062809	0.909285	
0.186437	0.421937	0.391626	
0.828680	0.160718	0.010602	
0.029327	0.826413	0.144259	
0.031818	0.186573	0.781609	
0.438117	0.341843	0.220041	
0.018786	0.043120	0.938094	
0.319860	0.567951	0.112189	
0.188218	0.615597	0.196185	
0.772918	0.197328	0.029754	
0.616251	0.325084	0.058665	
0.326102	0.286221	0.387677	
0.663940	0.239133	0.096927	
0.029162	0.822047	0.148791	
0.006907	0.268124	0.724969	
0.026776	0.140870	0.832353	
0.008922	0.743218	0.247861	
0.583475	0.362035	0.054490	
0.058737	0.638744	0.302518	
0.186437	0.421937	0.391626	
0.087874	0.687427	0.224699	
0.005414	0.434615	0.559970	
0.713127	0.236451	0.050422	
0.025089	0.056893	0.918018	
0.000812	0.010428	0.988760	
0.128358	0.723930	0.147712	
0.019707	0.675302	0.304992	
0.109788	0.152051	0.738161	
0.186437	0.421937	0.391626	
0.098393	0.151468	0.750139	
0.053494	0.731688	0.214819	
0.003378	0.689699	0.306923	
0.010539	0.097498	0.891963	
0.156592	0.349144	0.494264	
0.057265	0.128605	0.814130	
0.045505	0.763284	0.191211	
0.008792	0.043953	0.947255	
0.013795	0.675416	0.310789	
0.001236	0.021177	0.977588	
0.067368	0.809057	0.123575	
0.913234	0.080787	0.005979	
0.003867	0.537725	0.458408	
0.008796	0.071510	0.919694	
0.010475	0.089165	0.900359	
0.378345	0.548258	0.073397	
0.004038	0.042803	0.953159	
0.013867	0.786440	0.199693	
0.010689	0.063815	0.925496	
0.186437	0.421937	0.391626	
0.006689	0.556576	0.436736	
0.155026	0.741511	0.103463	
0.197566	0.527579	0.274855	
0.186437	0.421937	0.391626	
0.005825	0.036720	0.957455	
0.036081	0.672375	0.291543	
0.324602	0.386933	0.288465	
0.305396	0.645857	0.048747	
0.717330	0.231847	0.050823	
0.527025	0.389531	0.083444	
0.096226	0.492535	0.411238	
0.881608	0.109843	0.008550	
0.276983	0.464046	0.258971	
0.721980	0.241845	0.036175	
0.013764	0.732406	0.253830	
0.000179	0.002299	0.997522	
0.018841	0.792762	0.188397	
0.459079	0.504839	0.036082	
0.572678	0.367808	0.059514	
0.780707	0.191159	0.028134	
0.519765	0.232434	0.247801	
0.349826	0.346163	0.304011	
0.004995	0.019553	0.975451	
0.197573	0.690263	0.112164	
0.196435	0.679233	0.124332	
0.441238	0.380280	0.178482	
0.186437	0.421937	0.391626	
0.574519	0.355895	0.069587	
0.186437	0.421937	0.391626	
0.005627	0.779355	0.215018	
0.004891	0.750516	0.244593	
0.002790	0.372195	0.625015	
0.186437	0.421937	0.391626	
0.335196	0.240779	0.424025	
0.186437	0.421937	0.391626	
0.539430	0.363773	0.096797	
0.037421	0.233443	0.729136	
0.186437	0.421937	0.391626	
0.028172	0.173581	0.798248	
0.821318	0.162460	0.016222	
0.008920	0.404702	0.586378	
0.186437	0.421937	0.391626	
0.186437	0.421937	0.391626	
0.887326	0.102343	0.010331	
0.017484	0.764301	0.218215	
0.006512	0.596339	0.397149	
0.003706	0.344633	0.651661	
0.042314	0.157978	0.799708	
0.104179	0.764796	0.131025	
0.186437	0.421937	0.391626	
0.488491	0.422753	0.088756	
0.096324	0.544832	0.358844	
0.009408	0.342186	0.648406	
0.640506	0.289377	0.070117	
0.000438	0.007192	0.992370	
0.038989	0.735032	0.225979	
0.023594	0.054377	0.922028	
0.112620	0.249248	0.638131	
0.581740	0.347908	0.070353	
0.244768	0.584207	0.171025	
0.221626	0.282918	0.495456	
0.586060	0.322004	0.091937	
0.146852	0.778019	0.075129	
0.688025	0.245115	0.066860	
0.598598	0.335584	0.065819	
0.206692	0.270656	0.522652	
0.012986	0.034538	0.952476	
0.197613	0.703051	0.099336	
0.024322	0.280065	0.695613	
0.827542	0.153524	0.018933	
0.872627	0.117972	0.009401	
0.224362	0.674946	0.100691	
0.101671	0.112361	0.785968	
0.882254	0.106971	0.010775	
0.162868	0.264198	0.572934	
0.937260	0.060341	0.002399	
0.193686	0.608476	0.197838	
0.565928	0.315786	0.118286	
0.186437	0.421937	0.391626	
0.186437	0.421937	0.391626	
0.715928	0.228777	0.055295	
0.282147	0.581185	0.136668	
0.013882	0.421366	0.564752	
0.009880	0.811904	0.178216	
0.014300	0.169134	0.816566	
0.073359	0.654733	0.271908	
0.003573	0.173279	0.823147	
0.009891	0.828469	0.161640	
0.001329	0.005545	0.993126	
0.186437	0.421937	0.391626	
0.015269	0.218027	0.766704	
0.034955	0.447106	0.517938	
0.001374	0.013203	0.985422	
0.059870	0.700644	0.239486	
0.002178	0.030374	0.967448	
0.013694	0.103514	0.882792	
0.186437	0.421937	0.391626	
0.455733	0.473648	0.070620	
0.186437	0.421937	0.391626	
0.008337	0.190669	0.800994	
0.806818	0.166429	0.026753	
0.151293	0.718609	0.130098	
0.186437	0.421937	0.391626	
0.186437	0.421937	0.391626	
0.000058	0.001532	0.998410	
0.123805	0.776113	0.100082	
0.111713	0.671110	0.217176	
0.054036	0.700431	0.245533	
0.181509	0.673724	0.144767	
0.300466	0.530888	0.168646	
0.862280	0.122415	0.015305	
0.017020	0.185599	0.797382	
0.186437	0.421937	0.391626	
0.006320	0.158694	0.834986	
0.186437	0.421937	0.391626	
0.362480	0.604691	0.032830	
0.079315	0.750287	0.170398	
0.543321	0.304530	0.152150	
0.007346	0.605806	0.386848	
0.886406	0.105853	0.007740	
0.001671	0.022414	0.975914	
0.000195	0.003430	0.996375	
0.028044	0.804963	0.166993	
0.357527	0.502429	0.140044	
0.001017	0.008304	0.990679	
0.571890	0.336758	0.091352	
0.186437	0.421937	0.391626	
0.004292	0.802932	0.192776	
0.186437	0.421937	0.391626	
0.189456	0.576372	0.234172	
0.186437	0.421937	0.391626	
0.011806	0.820867	0.167327	
0.005965	0.832517	0.161518	
0.006931	0.491997	0.501071	
0.186437	0.421937	0.391626	
0.207777	0.685098	0.107125	
0.003873	0.722355	0.273772	
0.661394	0.250871	0.087734	
0.005030	0.664510	0.330460	
0.013052	0.080734	0.906214	
0.015792	0.078333	0.905875	
0.186437	0.421937	0.391626	
0.186437	0.421937	0.391626	
0.078153	0.569970	0.351877	
0.805520	0.173887	0.020593	
0.017603	0.269087	0.713310	
0.024986	0.168010	0.807005	
0.042408	0.822458	0.135134	
0.910677	0.084210	0.005113	
0.186437	0.421937	0.391626	
0.566600	0.317089	0.116310	
0.070467	0.656805	0.272728	
0.014518	0.470952	0.514530	
0.002123	0.561794	0.436083	
0.003831	0.074935	0.921233	
0.387659	0.383896	0.228445	
0.876973	0.113978	0.009049	
0.014545	0.115595	0.869860	
0.010419	0.783824	0.205756	
0.002080	0.010507	0.987413	
0.008341	0.785144	0.206515	
0.004590	0.727137	0.268273	
0.019444	0.178395	0.802161	
0.855206	0.115728	0.029066	
0.186437	0.421937	0.391626	
0.009403	0.133124	0.857474	
0.040640	0.159720	0.799640	
0.017346	0.813067	0.169587	
0.341020	0.562461	0.096520	
0.186437	0.421937	0.391626	
0.008091	0.680718	0.311191	
0.596074	0.353912	0.050014	
0.004170	0.321709	0.674122	
0.674217	0.244233	0.081550	
0.055425	0.352715	0.591860	
0.077189	0.662848	0.259963	
0.186437	0.421937	0.391626	
0.021603	0.774208	0.204189	
0.257443	0.652162	0.090395	
0.157846	0.559833	0.282322	
0.366680	0.530480	0.102840	
0.369967	0.480397	0.149636	
0.655179	0.319781	0.025041	
0.186437	0.421937	0.391626	
0.049892	0.756192	0.193916	
0.068103	0.808772	0.123125	
0.186437	0.421937	0.391626	
0.009883	0.814340	0.175777	
0.186437	0.421937	0.391626	
0.025409	0.779975	0.194615	
0.186437	0.421937	0.391626	
0.000059	0.002253	0.997687	
0.023658	0.064567	0.911775	
0.439079	0.496945	0.063976	
0.010385	0.470405	0.519209	
0.186437	0.421937	0.391626	
0.186437	0.421937	0.391626	
0.960821	0.037856	0.001323	
0.186437	0.421937	0.391626	
0.388077	0.428471	0.183452	
0.045562	0.736284	0.218154	
0.382763	0.582164	0.035073	
0.014898	0.690912	0.294190	
0.756257	0.226705	0.017038	
0.501616	0.414790	0.083593	
0.527335	0.338238	0.134427	
0.001116	0.017264	0.981620	
0.003389	0.495711	0.500900	
0.050635	0.089653	0.859713	
0.199330	0.345044	0.455626	
0.503502	0.366223	0.130275	
0.046844	0.222746	0.730409	
0.186437	0.421937	0.391626	
0.082006	0.574369	0.343624	
0.506429	0.406813	0.086758	
0.726578	0.227452	0.045970	
0.052151	0.156688	0.791161	
0.004090	0.662749	0.333162	
0.031442	0.788472	0.180086	
0.005732	0.787545	0.206723	
0.015472	0.209737	0.774791	
0.012258	0.067126	0.920616	
0.015061	0.750781	0.234158	
0.079469	0.128124	0.792408	
0.022397	0.462974	0.514629	
0.013543	0.056793	0.929664	
0.005741	0.744138	0.250121	
0.186437	0.421937	0.391626	
0.349466	0.539472	0.111062	
0.025363	0.058621	0.916016	
0.200737	0.730004	0.069259	
0.186437	0.421937	0.391626	
0.015678	0.055044	0.929278	
0.577900	0.391628	0.030472	
0.900772	0.093676	0.005551	
0.004521	0.116663	0.878816	
0.014566	0.822839	0.162595	
0.186437	0.421937	0.391626	
0.033304	0.576153	0.390544	
0.203337	0.371507	0.425157	
0.254151	0.377988	0.367861	
0.044304	0.724453	0.231242	
0.010678	0.443304	0.546018	
0.313081	0.634764	0.052155	
0.046367	0.564446	0.389187	
0.094515	0.717648	0.187838	
0.458719	0.480822	0.060459	
0.018820	0.849759	0.131421	
0.066693	0.742917	0.190389	
0.501601	0.382778	0.115621	
0.186437	0.421937	0.391626	
0.221899	0.633066	0.145035	
0.019356	0.574784	0.405861	
0.624056	0.301054	0.074890	
0.009856	0.785214	0.204930	
0.169105	0.109746	0.721149	
0.020108	0.088088	0.891804	
0.929397	0.067683	0.002920	
0.186437	0.421937	0.391626	
0.031141	0.823530	0.145330	
0.009408	0.743040	0.247552	
