0.283908	0.226494	0.489598	
0.570121	0.357448	0.072431	
0.006614	0.661931	0.331455	
0.534502	0.350397	0.115101	
0.426431	0.400270	0.173299	
0.893823	0.098321	0.007856	
0.018821	0.257379	0.723800	
0.799694	0.178931	0.021375	
0.009049	0.151141	0.839810	
0.650537	0.281976	0.067486	
0.203385	0.703197	0.093418	
0.122317	0.727744	0.149939	
0.111930	0.764860	0.123210	
0.256897	0.448206	0.294897	
0.004443	0.704268	0.291289	
0.274008	0.536427	0.189565	
0.859876	0.126974	0.013150	
0.015324	0.717908	0.266768	
0.027515	0.307296	0.665189	
0.925812	0.070689	0.003499	
0.003701	0.022408	0.973891	
0.011865	0.379754	0.608380	
0.002168	0.044372	0.953460	
0.036894	0.477421	0.485685	
0.668826	0.274063	0.057111	
0.897407	0.093390	0.009203	
0.281875	0.591766	0.126358	
0.160955	0.261376	0.577669	
0.195090	0.611695	0.193215	
0.138895	0.750754	0.110351	
0.156013	0.672906	0.171082	
0.988099	0.011769	0.000132	
0.815759	0.165135	0.019106	
0.010188	0.255844	0.733968	
0.002681	0.015369	0.981950	
0.008596	0.520422	0.470982	
0.844106	0.141502	0.014392	
0.501003	0.417724	0.081273	
0.005941	0.039796	0.954263	
0.006864	0.091554	0.901582	
0.724406	0.235594	0.040000	
0.613058	0.309467	0.077475	
0.828876	0.153655	0.017469	
0.038072	0.573853	0.388076	
0.028468	0.154932	0.816600	
0.005716	0.711070	0.283214	
0.007752	0.650225	0.342023	
0.265075	0.618208	0.116716	
0.442524	0.391092	0.166384	
0.865973	0.121642	0.012385	
0.006087	0.741455	0.252458	
0.009636	0.177846	0.812518	
0.024136	0.680115	0.295749	
0.057534	0.354510	0.587955	
0.102493	0.325639	0.571868	
0.680178	0.266014	0.053808	
0.897580	0.093471	0.008949	
0.878626	0.110091	0.011283	
0.178259	0.503632	0.318109	
0.024905	0.192331	0.782764	
0.004924	0.200591	0.794485	
0.835133	0.149222	0.015645	
0.588225	0.316797	0.094978	
0.020145	0.620228	0.359627	
0.043070	0.736139	0.220791	
0.700774	0.208574	0.090652	
0.017831	0.069497	0.912673	
0.001555	0.023089	0.975356	
0.000447	0.010160	0.989393	
0.168656	0.680987	0.150357	
0.008349	0.586016	0.405635	
0.458403	0.453276	0.088320	
0.397199	0.460585	0.142216	
0.305230	0.578245	0.116526	
0.810673	0.172460	0.016867	
0.061885	0.255180	0.682935	
0.001139	0.012914	0.985948	
0.071786	0.645975	0.282239	
0.004672	0.110661	0.884668	
0.677159	0.257220	0.065621	
0.006162	0.058276	0.935562	
0.522268	0.413952	0.063780	
0.927776	0.068605	0.003619	
0.644983	0.270843	0.084174	
0.005935	0.693129	0.300936	
0.003279	0.431825	0.564895	
0.039797	0.804009	0.156194	
0.074648	0.283659	0.641693	
0.596906	0.293796	0.109298	
0.021829	0.711092	0.267079	
0.475553	0.364315	0.160132	
0.006925	0.067178	0.925897	
0.530883	0.370757	0.098360	
0.003187	0.625422	0.371391	
0.158476	0.331647	0.509877	
0.005023	0.385683	0.609294	
0.006974	0.062200	0.930826	
0.378840	0.446133	0.175027	
0.009467	0.516459	0.474074	
0.025621	0.061677	0.912702	
0.035189	0.076160	0.888651	
0.003479	0.058317	0.938205	
0.031250	0.819511	0.149239	
0.071371	0.223045	0.705585	
0.015247	0.339962	0.644792	
0.012078	0.190956	0.796966	
0.008857	0.620165	0.370978	
0.054769	0.735107	0.210124	
0.034447	0.338663	0.626889	
0.244757	0.294881	0.460362	
0.830755	0.152114	0.017131	
0.057240	0.329372	0.613388	
0.730778	0.228883	0.040339	
0.194556	0.481741	0.323703	
0.014720	0.740638	0.244642	
0.146396	0.666584	0.187021	
0.007622	0.209261	0.783117	
0.003339	0.256220	0.740441	
0.553310	0.313724	0.132966	
0.007128	0.776111	0.216761	
0.149891	0.328104	0.522005	
0.191736	0.567617	0.240647	
0.472467	0.353096	0.174436	
0.826857	0.154239	0.018904	
0.006325	0.659985	0.333690	
0.009458	0.677037	0.313506	
0.022887	0.052362	0.924751	
0.000558	0.017266	0.982177	
0.001565	0.044933	0.953502	
0.509705	0.430447	0.059848	
0.010015	0.750087	0.239898	
0.056383	0.618111	0.325506	
0.011386	0.212918	0.775695	
0.001414	0.016904	0.981682	
0.143711	0.688431	0.167857	
0.006359	0.321273	0.672368	
0.006634	0.462127	0.531239	
0.234154	0.418324	0.347522	
0.179102	0.668051	0.152847	
0.021894	0.817213	0.160893	
0.000760	0.008755	0.990485	
0.012110	0.766393	0.221497	
0.252152	0.462111	0.285737	
0.003678	0.478445	0.517876	
0.005972	0.045877	0.948151	
0.024011	0.646365	0.329624	
0.011587	0.323824	0.664589	
0.008061	0.298551	0.693388	
0.011669	0.384906	0.603425	
0.018509	0.589559	0.391931	
0.013581	0.562750	0.423669	
0.011371	0.810781	0.177848	
0.004882	0.581845	0.413274	
0.091216	0.386455	0.522329	
0.175918	0.695047	0.129035	
0.005985	0.315080	0.678935	
0.010259	0.144859	0.844882	
0.053717	0.363758	0.582524	
0.061892	0.608942	0.329166	
0.009722	0.072288	0.917990	
0.015034	0.669390	0.315575	
0.114391	0.207267	0.678341	
0.035732	0.693866	0.270402	
0.004665	0.745677	0.249658	
0.019037	0.488837	0.492127	
0.011940	0.135385	0.852674	
0.918965	0.064389	0.016646	
0.002564	0.039422	0.958014	
0.550924	0.397268	0.051808	
0.050383	0.589895	0.359722	
0.001312	0.015586	0.983102	
0.662421	0.260646	0.076934	
0.023252	0.619926	0.356822	
0.301602	0.461554	0.236845	
0.008542	0.624351	0.367107	
0.004915	0.478313	0.516772	
0.012976	0.735810	0.251214	
0.099480	0.160942	0.739577	
0.045925	0.290146	0.663928	
0.012893	0.417632	0.569474	
0.864824	0.120246	0.014930	
0.604139	0.297395	0.098466	
0.560168	0.332511	0.107321	
0.820343	0.158432	0.021225	
0.003757	0.079444	0.916799	
0.164975	0.208298	0.626727	
0.005290	0.153316	0.841394	
0.129428	0.698834	0.171738	
0.010761	0.821526	0.167713	
0.061597	0.546988	0.391415	
0.073051	0.783488	0.143461	
0.050679	0.331287	0.618034	
0.004048	0.385305	0.610646	
0.006661	0.083178	0.910162	
0.005438	0.795806	0.198755	
0.214103	0.556836	0.229062	
0.230487	0.692897	0.076616	
0.011097	0.119829	0.869074	
0.655678	0.270315	0.074007	
0.028884	0.480098	0.491018	
0.021345	0.752751	0.225904	
0.412642	0.348410	0.238948	
0.001947	0.037996	0.960056	
0.233661	0.509100	0.257239	
0.171988	0.544975	0.283037	
0.041778	0.710863	0.247358	
0.018521	0.733784	0.247695	
0.003644	0.481324	0.515032	
0.060511	0.729449	0.210039	
0.353939	0.420685	0.225376	
0.155995	0.528471	0.315534	
0.009067	0.701595	0.289338	
0.063989	0.659082	0.276929	
0.012463	0.761042	0.226495	
0.362144	0.450282	0.187574	
0.372149	0.453681	0.174170	
0.016820	0.447795	0.535385	
0.114008	0.652718	0.233274	
0.144430	0.223003	0.632567	
0.659362	0.285154	0.055485	
0.012989	0.060061	0.926950	
0.036077	0.761718	0.202205	
0.004834	0.396611	0.598555	
0.090843	0.750127	0.159030	
0.026792	0.720343	0.252865	
0.468684	0.390770	0.140547	
0.101448	0.358770	0.539782	
0.010991	0.344006	0.645003	
0.091236	0.161058	0.747706	
0.004808	0.254406	0.740786	
0.014199	0.093015	0.892786	
0.220651	0.362145	0.417204	
0.005365	0.324753	0.669882	
0.169261	0.718406	0.112333	
0.005010	0.239605	0.755385	
0.027417	0.333364	0.639219	
0.922034	0.073563	0.004404	
0.006009	0.682272	0.311720	
0.013881	0.260649	0.725471	
0.028850	0.580189	0.390961	
0.011436	0.738688	0.249876	
0.486445	0.449792	0.063763	
0.015732	0.331549	0.652720	
0.268321	0.571067	0.160612	
0.058758	0.523442	0.417800	
0.043323	0.538254	0.418423	
0.173338	0.593756	0.232907	
0.667499	0.299935	0.032566	
0.013115	0.268719	0.718165	
0.646083	0.277772	0.076145	
0.080481	0.435926	0.483594	
0.105320	0.374086	0.520595	
0.260475	0.629814	0.109712	
0.009516	0.302284	0.688200	
0.873073	0.116423	0.010504	
0.007022	0.497510	0.495468	
0.339309	0.562981	0.097711	
0.006928	0.140717	0.852355	
0.600441	0.308941	0.090618	
0.460127	0.355111	0.184762	
0.277402	0.353195	0.369403	
0.002729	0.033698	0.963573	
0.003325	0.644553	0.352122	
0.022589	0.813371	0.164040	
0.006563	0.589147	0.404290	
0.267349	0.566179	0.166472	
0.000099	0.001466	0.998435	
0.047813	0.733287	0.218900	
0.072267	0.192082	0.735651	
0.000185	0.006819	0.992996	
0.738340	0.223360	0.038299	
0.228567	0.315603	0.455830	
0.025685	0.298672	0.675643	
0.601581	0.330501	0.067919	
0.005163	0.032180	0.962657	
0.018396	0.573839	0.407765	
0.047415	0.389669	0.562916	
0.289686	0.570454	0.139860	
0.919269	0.075877	0.004853	
0.011203	0.536563	0.452234	
0.349176	0.376189	0.274635	
0.006285	0.067113	0.926602	
0.259346	0.484166	0.256488	
0.246526	0.609085	0.144389	
0.010498	0.087555	0.901947	
0.071736	0.163878	0.764386	
0.000937	0.015135	0.983928	
0.565947	0.290568	0.143485	
0.018295	0.122148	0.859557	
0.498175	0.366875	0.134950	
0.004525	0.213587	0.781888	
0.033932	0.642394	0.323674	
0.009531	0.245714	0.744755	
0.161919	0.680527	0.157554	
0.000816	0.006113	0.993071	
0.905305	0.088399	0.006296	
0.594633	0.345554	0.059813	
0.010959	0.169754	0.819287	
0.545735	0.369888	0.084377	
0.001893	0.015309	0.982797	
0.192349	0.657319	0.150332	
0.015745	0.084525	0.899730	
0.560783	0.278501	0.160716	
0.108443	0.210220	0.681337	
0.308674	0.592502	0.098824	
0.010772	0.624392	0.364836	
0.299709	0.521925	0.178366	
0.381189	0.398376	0.220435	
0.947513	0.050446	0.002041	
0.011307	0.048620	0.940072	
0.299531	0.395880	0.304589	
0.013558	0.509860	0.476582	
0.367949	0.373106	0.258945	
0.312160	0.555898	0.131942	
0.124109	0.260098	0.615793	
0.763253	0.208946	0.027801	
0.077119	0.150776	0.772106	
0.048913	0.601599	0.349489	
0.161048	0.574683	0.264270	
0.391311	0.366466	0.242223	
0.293916	0.431655	0.274429	
0.000299	0.005499	0.994201	
0.383751	0.505263	0.110986	
0.031633	0.332890	0.635477	
0.012446	0.288586	0.698968	
0.579907	0.308302	0.111791	
0.197436	0.655285	0.147280	
0.124607	0.650659	0.224734	
0.268774	0.473448	0.257778	
0.060723	0.352559	0.586718	
0.026332	0.581900	0.391768	
0.036167	0.647934	0.315899	
0.386097	0.393522	0.220380	
0.030576	0.763110	0.206314	
0.002438	0.127666	0.869896	
0.071029	0.425024	0.503947	
0.300027	0.574170	0.125804	
0.020598	0.403742	0.575660	
0.381884	0.549866	0.068251	
0.013063	0.560745	0.426192	
0.006775	0.074519	0.918706	
0.014003	0.195784	0.790213	
0.293232	0.465449	0.241319	
0.009143	0.114888	0.875970	
0.015957	0.771541	0.212502	
0.012192	0.125159	0.862649	
0.031251	0.747830	0.220919	
0.916302	0.079574	0.004124	
0.008592	0.677682	0.313725	
0.033616	0.812983	0.153401	
0.013236	0.789206	0.197558	
0.388973	0.492597	0.118430	
0.357080	0.358781	0.284139	
0.092466	0.741632	0.165903	
0.650470	0.295101	0.054429	
0.101618	0.524798	0.373584	
0.158836	0.568008	0.273156	
0.009525	0.154106	0.836369	
0.016167	0.183574	0.800260	
0.003039	0.036262	0.960699	
0.028884	0.480098	0.491018	
0.185159	0.425337	0.389504	
0.089096	0.384334	0.526570	
0.564417	0.344738	0.090845	
0.045192	0.742655	0.212154	
0.649829	0.288741	0.061430	
0.162561	0.298881	0.538558	
0.030426	0.055395	0.914179	
0.064794	0.345691	0.589515	
0.000937	0.023001	0.976062	
0.040502	0.169339	0.790159	
0.493490	0.427418	0.079092	
0.030583	0.474858	0.494558	
0.272415	0.588237	0.139348	
0.016097	0.258230	0.725673	
0.360089	0.246721	0.393190	
0.298214	0.444086	0.257700	
0.026283	0.212738	0.760979	
0.866193	0.113003	0.020804	
0.074174	0.719340	0.206486	
0.021534	0.231990	0.746476	
0.628043	0.294733	0.077224	
0.025652	0.128158	0.846190	
0.735299	0.241985	0.022716	
0.002708	0.013836	0.983456	
0.299729	0.416204	0.284066	
0.135740	0.741789	0.122472	
0.124328	0.405017	0.470654	
0.470686	0.433908	0.095406	
0.072870	0.475170	0.451960	
0.102332	0.298055	0.599613	
0.511974	0.359276	0.128750	
0.285222	0.601112	0.113665	
0.300357	0.545463	0.154180	
0.336472	0.590387	0.073141	
0.283830	0.389344	0.326826	
0.212761	0.590134	0.197105	
0.568824	0.366566	0.064611	
0.819950	0.161363	0.018687	
0.732660	0.242254	0.025086	
0.614267	0.327090	0.058643	
0.927249	0.069593	0.003159	
0.764245	0.202910	0.032845	
0.337598	0.414705	0.247697	
0.373450	0.511649	0.114902	
0.599034	0.314526	0.086440	
0.011924	0.096955	0.891121	
0.103853	0.412522	0.483625	
0.545355	0.388484	0.066161	
0.235967	0.648353	0.115680	
0.753911	0.213905	0.032184	
0.265504	0.568587	0.165908	
0.607718	0.317640	0.074642	
0.023335	0.776963	0.199702	
0.728867	0.227934	0.043199	
0.484927	0.451303	0.063770	
0.045108	0.757904	0.196989	
0.643348	0.271451	0.085201	
0.087734	0.697093	0.215173	
0.460911	0.358397	0.180691	
0.362958	0.518179	0.118863	
0.638654	0.297200	0.064147	
0.544695	0.348456	0.106848	
0.665577	0.271654	0.062769	
0.688145	0.266665	0.045190	
0.664952	0.281228	0.053820	
0.012688	0.040155	0.947158	
0.638090	0.250281	0.111629	
0.017205	0.127925	0.854869	
0.233951	0.623712	0.142337	
0.347332	0.513361	0.139307	
0.173798	0.577169	0.249034	
0.015601	0.060578	0.923821	
0.006094	0.796272	0.197633	
0.002331	0.084900	0.912769	
0.391675	0.371122	0.237203	
0.132239	0.662133	0.205628	
0.410481	0.472421	0.117098	
0.072640	0.470807	0.456553	
0.712048	0.255734	0.032219	
0.267932	0.639400	0.092669	
0.019976	0.741118	0.238906	
0.428738	0.317119	0.254143	
0.042922	0.640105	0.316973	
0.801833	0.169688	0.028479	
0.173862	0.654493	0.171646	
0.274578	0.618726	0.106696	
0.848381	0.136483	0.015136	
0.803538	0.175301	0.021160	
0.114515	0.561718	0.323767	
0.099576	0.736532	0.163892	
0.435166	0.433561	0.131273	
0.770258	0.203771	0.025971	
0.631655	0.285596	0.082749	
0.056886	0.762748	0.180366	
0.347356	0.525960	0.126684	
0.441736	0.484327	0.073937	
0.056258	0.777650	0.166093	
0.241851	0.678123	0.080026	
0.498724	0.373095	0.128182	
0.863668	0.132958	0.003373	
0.188596	0.692417	0.118987	
0.174018	0.677638	0.148345	
0.710029	0.237469	0.052502	
0.858828	0.132389	0.008782	
0.904628	0.090815	0.004557	
0.951142	0.047255	0.001603	
0.435549	0.510046	0.054405	
0.880234	0.112004	0.007763	
0.882180	0.110603	0.007217	
0.838682	0.151312	0.010006	
0.810440	0.178154	0.011406	
0.078096	0.113099	0.808805	
0.879476	0.112468	0.008057	
0.427696	0.473912	0.098392	
0.244115	0.670683	0.085203	
0.003507	0.013981	0.982512	
0.497416	0.460656	0.041927	
0.566593	0.377196	0.056211	
0.943579	0.054366	0.002055	
0.575813	0.374535	0.049653	
0.201882	0.619142	0.178976	
0.158689	0.679193	0.162119	
0.048539	0.823144	0.128318	
0.020817	0.847902	0.131280	
0.040859	0.786762	0.172379	
0.174119	0.640713	0.185168	
0.082077	0.806060	0.111863	
0.582990	0.377461	0.039549	
0.090847	0.765554	0.143599	
0.303050	0.344300	0.352650	
0.288818	0.502410	0.208772	
0.254772	0.668233	0.076995	
0.207935	0.679507	0.112557	
0.896956	0.096681	0.006363	
0.193691	0.699158	0.107151	
0.179364	0.597528	0.223108	
0.233831	0.673735	0.092433	
0.017534	0.811257	0.171209	
0.651137	0.309930	0.038934	
0.428850	0.481590	0.089560	
0.022904	0.201495	0.775601	
0.167547	0.186120	0.646333	
0.809187	0.172293	0.018520	
0.813070	0.166110	0.020820	
0.284999	0.654090	0.060912	
0.467160	0.476336	0.056504	
0.144376	0.756422	0.099202	
0.581163	0.389299	0.029538	
0.126338	0.734627	0.139035	
0.225326	0.697586	0.077088	
0.826718	0.161695	0.011587	
0.029774	0.807330	0.162897	
0.123806	0.779653	0.096542	
0.154799	0.764296	0.080905	
0.654164	0.291242	0.054593	
0.411624	0.480250	0.108126	
0.328058	0.637979	0.033962	
0.169882	0.722435	0.107683	
0.147466	0.759073	0.093460	
0.640479	0.313115	0.046406	
0.757706	0.205819	0.036476	
0.405333	0.538251	0.056415	
0.766091	0.204235	0.029675	
0.042389	0.781310	0.176301	
0.644129	0.275956	0.079915	
0.110335	0.752964	0.136701	
0.083538	0.564896	0.351566	
0.166258	0.710689	0.123053	
0.512920	0.355343	0.131737	
0.210094	0.639283	0.150623	
0.078187	0.518656	0.403157	
0.017819	0.812148	0.170033	
0.178646	0.332974	0.488379	
0.746606	0.231852	0.021543	
0.049528	0.739372	0.211100	
0.131724	0.763344	0.104932	
0.364566	0.561529	0.073905	
0.340081	0.622311	0.037608	
0.851915	0.130316	0.017768	
0.496790	0.423626	0.079584	
0.257351	0.277458	0.465190	
0.859582	0.131297	0.009121	
0.597858	0.347417	0.054725	
0.202768	0.409094	0.388138	
0.003319	0.765922	0.230759	
0.008420	0.629489	0.362091	
0.410785	0.481930	0.107284	
0.000986	0.017759	0.981256	
0.582223	0.352185	0.065592	
0.331333	0.553101	0.115566	
0.008397	0.815618	0.175985	
0.378755	0.500906	0.120339	
0.001213	0.008213	0.990574	
0.006387	0.127165	0.866448	
0.140929	0.685723	0.173348	
0.030531	0.601441	0.368028	
0.099271	0.643058	0.257671	
0.229507	0.627198	0.143295	
0.015015	0.689174	0.295812	
0.010977	0.630023	0.359000	
0.521580	0.369437	0.108983	
0.151778	0.749567	0.098655	
0.093827	0.479709	0.426465	
0.046635	0.451421	0.501945	
0.011851	0.732091	0.256058	
0.146372	0.656130	0.197499	
0.225119	0.599087	0.175794	
0.077290	0.688183	0.234527	
0.018710	0.238260	0.743030	
0.007090	0.733195	0.259715	
0.012343	0.616061	0.371596	
0.004634	0.570898	0.424467	
0.001357	0.019399	0.979245	
0.006309	0.742771	0.250920	
0.002811	0.184863	0.812326	
0.049082	0.101832	0.849086	
0.033535	0.328691	0.637773	
0.017549	0.278495	0.703956	
0.104383	0.511006	0.384611	
0.003926	0.427806	0.568267	
0.440311	0.484219	0.075470	
0.658233	0.275570	0.066198	
0.010958	0.116647	0.872395	
0.129305	0.693801	0.176894	
0.227343	0.605882	0.166775	
0.013943	0.689266	0.296791	
0.002920	0.210317	0.786762	
0.004451	0.757022	0.238528	
0.006783	0.104902	0.888315	
0.047296	0.621311	0.331393	
0.002463	0.641605	0.355932	
0.009156	0.375708	0.615135	
0.182603	0.662616	0.154781	
0.726433	0.226710	0.046857	
0.020793	0.190831	0.788376	
0.322823	0.314864	0.362313	
0.230816	0.297591	0.471594	
0.008193	0.518200	0.473608	
0.185372	0.592156	0.222472	
0.105413	0.768824	0.125763	
0.533684	0.382890	0.083426	
0.214147	0.600283	0.185571	
0.021395	0.511607	0.466999	
0.007226	0.745202	0.247571	
0.279173	0.551261	0.169567	
0.312667	0.557498	0.129835	
0.107454	0.208981	0.683565	
0.398138	0.418539	0.183324	
0.029898	0.433838	0.536264	
0.020117	0.559555	0.420328	
0.013905	0.249162	0.736934	
0.697991	0.242553	0.059456	
0.395722	0.389704	0.214574	
0.009279	0.774218	0.216503	
0.014190	0.660298	0.325512	
0.005619	0.221522	0.772859	
0.638731	0.292661	0.068607	
0.046162	0.786032	0.167807	
0.015094	0.768511	0.216395	
0.009264	0.540412	0.450325	
0.128704	0.613060	0.258236	
0.289612	0.538887	0.171501	
0.184706	0.628852	0.186442	
0.628462	0.303379	0.068159	
0.010345	0.086398	0.903258	
0.001344	0.023125	0.975530	
0.906443	0.088187	0.005369	
0.295903	0.490174	0.213923	
0.023415	0.792683	0.183901	
0.009062	0.146645	0.844293	
0.002496	0.629054	0.368449	
0.120428	0.527290	0.352282	
0.023347	0.208419	0.768234	
0.043417	0.328528	0.628055	
0.010597	0.471575	0.517828	
0.220412	0.587634	0.191954	
0.006143	0.720987	0.272871	
0.094391	0.506512	0.399097	
0.012735	0.337846	0.649419	
0.116996	0.398182	0.484822	
0.008334	0.517425	0.474241	
0.014644	0.308504	0.676852	
0.095621	0.753354	0.151025	
0.311860	0.553806	0.134334	
0.236916	0.615482	0.147602	
0.172166	0.640624	0.187209	
0.011951	0.570760	0.417289	
0.100749	0.614934	0.284317	
0.007972	0.788365	0.203663	
0.186541	0.301562	0.511897	
0.027040	0.707704	0.265255	
0.066654	0.420905	0.512441	
0.484199	0.444883	0.070918	
0.069446	0.623031	0.307523	
0.087832	0.538900	0.373268	
0.280924	0.558204	0.160871	
0.009238	0.099488	0.891273	
0.012575	0.536697	0.450728	
0.014404	0.513272	0.472323	
0.014757	0.097463	0.887780	
0.391110	0.445349	0.163541	
0.103332	0.619299	0.277369	
0.007614	0.548438	0.443949	
0.003310	0.075196	0.921494	
0.023550	0.400184	0.576265	
0.011340	0.381488	0.607172	
0.028054	0.754614	0.217332	
0.140404	0.394212	0.465385	
0.011601	0.737451	0.250948	
0.025120	0.746302	0.228578	
0.043297	0.598829	0.357874	
0.225030	0.644884	0.130086	
0.012127	0.396933	0.590940	
0.897543	0.096585	0.005871	
0.005340	0.698116	0.296543	
0.018020	0.751083	0.230897	
0.003597	0.612100	0.384303	
0.032074	0.574436	0.393490	
0.021625	0.500866	0.477509	
0.025596	0.353224	0.621181	
0.049733	0.738871	0.211396	
0.007969	0.631864	0.360167	
0.016815	0.822485	0.160700	
0.603444	0.343420	0.053136	
0.117488	0.496321	0.386191	
0.009452	0.577847	0.412701	
0.005326	0.059935	0.934739	
0.003883	0.051771	0.944347	
0.518192	0.363119	0.118689	
0.026492	0.715983	0.257525	
0.026819	0.755300	0.217881	
0.017237	0.150335	0.832428	
0.006694	0.661475	0.331831	
0.017728	0.064029	0.918243	
0.342164	0.380420	0.277416	
0.029369	0.312692	0.657939	
0.027333	0.737511	0.235157	
0.011164	0.636648	0.352188	
0.197334	0.644124	0.158542	
0.003824	0.529675	0.466501	
0.810313	0.160415	0.029272	
0.058156	0.260754	0.681091	
0.009069	0.741188	0.249743	
0.005092	0.244494	0.750414	
0.074152	0.786987	0.138862	
0.122820	0.510091	0.367088	
0.034309	0.801084	0.164607	
0.310890	0.605294	0.083816	
0.010689	0.434488	0.554824	
0.103614	0.668329	0.228056	
0.003948	0.543324	0.452728	
0.184123	0.557032	0.258845	
0.181785	0.638881	0.179335	
0.241523	0.588743	0.169734	
0.016116	0.140413	0.843471	
0.008774	0.270541	0.720685	
0.028527	0.237823	0.733651	
0.011149	0.073734	0.915117	
0.427328	0.369143	0.203529	
0.007241	0.703141	0.289618	
0.011822	0.749836	0.238342	
0.470745	0.437875	0.091379	
0.163443	0.350193	0.486364	
0.022316	0.262989	0.714695	
0.023780	0.224590	0.751630	
0.007847	0.726586	0.265566	
0.583351	0.335499	0.081151	
0.242922	0.625426	0.131653	
0.308597	0.555780	0.135623	
0.205323	0.634363	0.160313	
0.081399	0.710823	0.207777	
0.120238	0.583842	0.295920	
0.740314	0.210080	0.049606	
0.533362	0.387315	0.079323	
0.837069	0.143030	0.019901	
0.007669	0.681040	0.311291	
0.081336	0.795597	0.123067	
0.142688	0.654784	0.202528	
0.531264	0.364069	0.104667	
0.207182	0.660657	0.132161	
0.074733	0.765898	0.159369	
0.255640	0.599011	0.145350	
0.048124	0.657334	0.294542	
0.025260	0.116014	0.858726	
0.018030	0.351458	0.630511	
0.495509	0.367274	0.137217	
0.168462	0.426776	0.404762	
0.028405	0.533259	0.438336	
0.246915	0.593896	0.159190	
0.595066	0.327041	0.077893	
0.101972	0.715203	0.182826	
0.061681	0.313370	0.624950	
0.303340	0.593058	0.103602	
0.154659	0.159126	0.686215	
0.117743	0.366485	0.515772	
0.784334	0.189065	0.026601	
0.770979	0.198670	0.030350	
0.033950	0.194933	0.771117	
0.000982	0.026910	0.972108	
0.054815	0.794498	0.150687	
0.500921	0.347538	0.151541	
0.343902	0.576506	0.079592	
0.529912	0.402972	0.067116	
0.181117	0.668082	0.150801	
0.186867	0.699142	0.113991	
0.147744	0.375751	0.476505	
0.150563	0.658603	0.190835	
0.553616	0.392378	0.054006	
0.516302	0.393511	0.090187	
0.213702	0.570589	0.215709	
0.036845	0.828986	0.134169	
0.203401	0.644807	0.151793	
0.008832	0.731737	0.259431	
0.176022	0.663685	0.160293	
0.223281	0.686805	0.089914	
0.722384	0.243083	0.034533	
0.744018	0.173430	0.082552	
0.139298	0.187104	0.673598	
0.030484	0.756644	0.212872	
0.575805	0.347306	0.076889	
0.259089	0.689377	0.051534	
0.006757	0.797140	0.196103	
0.339137	0.536597	0.124266	
0.004367	0.774105	0.221528	
0.490008	0.432382	0.077610	
0.040569	0.756792	0.202638	
0.013435	0.517424	0.469142	
0.431161	0.442451	0.126388	
0.103712	0.753347	0.142941	
0.021805	0.572524	0.405671	
0.153892	0.708565	0.137542	
0.085614	0.705325	0.209060	
0.400699	0.207818	0.391484	
0.189885	0.612331	0.197784	
0.007942	0.686030	0.306028	
0.110085	0.729346	0.160569	
0.007808	0.870998	0.121194	
0.026424	0.715241	0.258336	
0.009136	0.115309	0.875555	
0.010642	0.792167	0.197191	
0.036405	0.797565	0.166030	
0.140588	0.369352	0.490059	
0.004327	0.771033	0.224640	
0.004721	0.042596	0.952684	
0.015262	0.828357	0.156381	
0.930210	0.066406	0.003384	
0.039577	0.811717	0.148706	
0.007337	0.648172	0.344491	
0.048577	0.791071	0.160352	
0.460581	0.471023	0.068396	
0.028353	0.825462	0.146185	
0.062522	0.547862	0.389616	
0.187814	0.688051	0.124134	
0.025922	0.583998	0.390080	
0.782230	0.190039	0.027730	
0.010245	0.807677	0.182078	
0.650514	0.273104	0.076382	
0.740676	0.215867	0.043457	
0.055819	0.724734	0.219446	
0.008920	0.619149	0.371931	
0.028692	0.804569	0.166739	
0.323334	0.516192	0.160474	
0.121285	0.664828	0.213887	
0.045717	0.443851	0.510432	
0.035967	0.179131	0.784902	
0.074193	0.166622	0.759185	
0.304810	0.565543	0.129647	
0.498479	0.348553	0.152969	
0.009416	0.275936	0.714648	
0.793522	0.180671	0.025807	
0.027884	0.771352	0.200765	
0.033945	0.494397	0.471658	
0.015569	0.811726	0.172704	
0.236227	0.580285	0.183489	
0.111907	0.587024	0.301069	
0.233811	0.674703	0.091485	
0.038126	0.096675	0.865199	
0.013565	0.059924	0.926511	
0.182542	0.501497	0.315961	
0.008415	0.453341	0.538244	
0.735148	0.234404	0.030448	
0.101298	0.725011	0.173691	
0.133486	0.667701	0.198813	
0.045049	0.232280	0.722671	
0.045442	0.126438	0.828119	
0.034558	0.789405	0.176037	
0.022377	0.430119	0.547504	
0.727974	0.234204	0.037822	
0.048220	0.088331	0.863449	
0.087354	0.226141	0.686505	
0.016150	0.434972	0.548878	
0.376320	0.501967	0.121713	
0.781134	0.194468	0.024398	
0.360983	0.438692	0.200326	
0.489789	0.413666	0.096545	
0.801284	0.179989	0.018727	
0.182549	0.457004	0.360447	
0.053025	0.792227	0.154748	
0.270193	0.311331	0.418476	
0.032255	0.796976	0.170769	
0.371612	0.368094	0.260294	
0.354213	0.527948	0.117839	
0.015001	0.711086	0.273913	
0.862414	0.124955	0.012631	
0.656302	0.272736	0.070962	
0.256739	0.645741	0.097521	
0.486565	0.410590	0.102845	
0.001434	0.018493	0.980072	
0.086936	0.727455	0.185609	
0.013088	0.367762	0.619150	
0.005904	0.633490	0.360605	
0.017206	0.754415	0.228379	
0.459398	0.369013	0.171589	
0.691045	0.273850	0.035105	
0.126216	0.654228	0.219556	
0.010547	0.809395	0.180058	
0.021734	0.799841	0.178425	
0.024179	0.742454	0.233366	
0.182558	0.299998	0.517444	
0.048743	0.694866	0.256391	
0.148272	0.662196	0.189533	
0.053436	0.317920	0.628644	
0.013384	0.478175	0.508441	
0.004759	0.033144	0.962098	
0.003595	0.032717	0.963687	
0.900005	0.094371	0.005624	
0.036912	0.219962	0.743126	
0.209146	0.396772	0.394082	
0.573997	0.349839	0.076165	
0.009936	0.583821	0.406243	
0.009035	0.288720	0.702244	
0.007507	0.782308	0.210185	
0.033725	0.762714	0.203561	
0.258142	0.458835	0.283023	
0.589390	0.340969	0.069640	
0.070232	0.497345	0.432423	
0.006213	0.556277	0.437510	
0.350038	0.551170	0.098792	
0.035801	0.099429	0.864769	
0.085583	0.257319	0.657098	
0.084590	0.733498	0.181912	
0.079991	0.669559	0.250451	
0.030079	0.156792	0.813129	
0.729340	0.191868	0.078792	
0.008514	0.307119	0.684367	
0.061696	0.353000	0.585304	
0.764721	0.198171	0.037108	
0.058448	0.763347	0.178205	
0.003755	0.684613	0.311632	
0.218618	0.279756	0.501626	
0.487342	0.407021	0.105637	
0.041232	0.453746	0.505022	
0.006703	0.090953	0.902344	
0.455395	0.456264	0.088340	
0.117694	0.525022	0.357283	
0.201199	0.484671	0.314131	
0.014224	0.800568	0.185207	
0.032556	0.275766	0.691678	
0.764760	0.202372	0.032868	
0.018992	0.068622	0.912385	
0.200490	0.487443	0.312066	
0.021166	0.597283	0.381552	
0.530694	0.352239	0.117068	
0.182605	0.708912	0.108483	
0.937519	0.059986	0.002494	
0.062224	0.692810	0.244966	
0.012819	0.587496	0.399685	
0.060488	0.574816	0.364696	
0.492849	0.453021	0.054130	
0.297161	0.438372	0.264467	
0.376190	0.395795	0.228015	
0.077114	0.648049	0.274837	
0.174722	0.636150	0.189128	
0.016110	0.668207	0.315683	
0.133677	0.194122	0.672200	
0.010779	0.837416	0.151805	
0.001514	0.018875	0.979610	
0.692279	0.263534	0.044187	
0.175550	0.630899	0.193550	
0.012319	0.431896	0.555785	
0.002661	0.044493	0.952846	
0.026269	0.208851	0.764880	
0.693636	0.257339	0.049025	
0.636845	0.282734	0.080420	
0.006383	0.492580	0.501036	
0.398532	0.368146	0.233322	
0.001847	0.024335	0.973819	
0.340159	0.487542	0.172298	
0.265911	0.609628	0.124462	
0.005528	0.243284	0.751188	
0.230343	0.341554	0.428103	
0.417540	0.353436	0.229024	
0.075947	0.112604	0.811449	
0.051416	0.225941	0.722643	
0.385291	0.487332	0.127377	
0.101156	0.638804	0.260040	
0.000323	0.004341	0.995336	
0.591537	0.298197	0.110266	
0.190819	0.588671	0.220510	
0.000442	0.007771	0.991787	
0.015475	0.308855	0.675670	
0.390747	0.238843	0.370410	
0.026844	0.743810	0.229345	
0.106198	0.350771	0.543031	
0.462661	0.318462	0.218878	
0.017795	0.117715	0.864490	
0.385384	0.414619	0.199997	
0.010241	0.114823	0.874936	
0.000903	0.019547	0.979550	
0.023654	0.115033	0.861313	
0.023729	0.794593	0.181678	
0.001676	0.040392	0.957933	
0.008083	0.034057	0.957860	
0.592404	0.322501	0.085095	
0.392083	0.489785	0.118132	
0.928624	0.067667	0.003709	
0.004815	0.089122	0.906063	
0.004367	0.209949	0.785683	
0.008688	0.548635	0.442677	
0.126126	0.640349	0.233526	
0.021020	0.433191	0.545789	
0.000506	0.015804	0.983689	
0.035258	0.163263	0.801479	
0.525624	0.388410	0.085966	
0.168782	0.594818	0.236400	
0.006430	0.621350	0.372220	
0.066378	0.534778	0.398845	
0.234167	0.569969	0.195864	
0.964640	0.034445	0.000915	
0.011250	0.098774	0.889976	
0.059114	0.766742	0.174144	
0.599149	0.302451	0.098400	
0.098749	0.338992	0.562259	
0.075083	0.193686	0.731230	
0.254741	0.564862	0.180397	
0.010734	0.269299	0.719967	
0.652997	0.272618	0.074385	
0.010927	0.387737	0.601336	
0.055111	0.692651	0.252238	
0.492645	0.426713	0.080641	
0.106949	0.724289	0.168762	
0.000303	0.007782	0.991915	
0.218272	0.570146	0.211582	
0.826842	0.157073	0.016085	
0.013947	0.066466	0.919586	
0.341770	0.579068	0.079162	
0.687225	0.251495	0.061280	
0.074601	0.772390	0.153008	
0.123981	0.786197	0.089822	
0.006586	0.830625	0.162788	
0.135292	0.636569	0.228138	
0.523999	0.402442	0.073559	
0.235256	0.647929	0.116815	
0.254834	0.587064	0.158102	
0.413740	0.512402	0.073858	
0.600700	0.348731	0.050569	
0.188503	0.698511	0.112986	
0.021715	0.249329	0.728956	
0.817436	0.172256	0.010308	
0.763558	0.223355	0.013087	
0.744126	0.234632	0.021242	
0.003696	0.052137	0.944167	
0.026719	0.789899	0.183382	
0.556800	0.335037	0.108163	
0.638691	0.328447	0.032862	
0.016352	0.841907	0.141741	
0.770177	0.197605	0.032218	
0.498392	0.456268	0.045341	
0.505517	0.457634	0.036849	
0.089668	0.283980	0.626352	
0.121104	0.777149	0.101746	
0.114415	0.527515	0.358071	
0.203611	0.650347	0.146042	
0.831922	0.151900	0.016178	
0.279423	0.368961	0.351616	
0.250644	0.673790	0.075566	
0.008176	0.145170	0.846654	
0.663144	0.288746	0.048110	
0.859756	0.132363	0.007881	
0.594822	0.377466	0.027712	
0.599154	0.290147	0.110699	
0.006088	0.493420	0.500492	
0.008153	0.814048	0.177799	
0.002634	0.651619	0.345746	
0.316617	0.580091	0.103291	
0.024189	0.818418	0.157392	
0.205723	0.640766	0.153510	
0.009245	0.738329	0.252427	
0.331714	0.549095	0.119191	
0.184675	0.313609	0.501716	
0.087877	0.717370	0.194754	
0.159867	0.265132	0.575001	
0.094425	0.737981	0.167594	
0.007982	0.135126	0.856893	
0.113668	0.809458	0.076873	
0.023299	0.798278	0.178423	
0.279443	0.580476	0.140081	
0.182099	0.383743	0.434158	
0.022852	0.839243	0.137905	
0.000908	0.013551	0.985541	
0.018619	0.798107	0.183274	
0.011537	0.054239	0.934225	
0.016164	0.836959	0.146877	
0.920409	0.075370	0.004221	
0.004216	0.291295	0.704488	
0.073115	0.740036	0.186849	
0.026933	0.780548	0.192519	
0.421833	0.501532	0.076635	
0.291335	0.579576	0.129089	
0.002683	0.504991	0.492326	
0.212973	0.649200	0.137827	
0.110433	0.740768	0.148799	
0.089215	0.801903	0.108882	
0.415667	0.527080	0.057253	
0.253767	0.195681	0.550552	
0.067781	0.771077	0.161143	
0.701169	0.253823	0.045008	
0.237833	0.694639	0.067528	
0.010633	0.157378	0.831988	
0.372623	0.273297	0.354080	
0.000942	0.020921	0.978137	
0.364730	0.552540	0.082729	
0.006597	0.817664	0.175739	
0.377969	0.566163	0.055868	
0.031422	0.137692	0.830886	
0.019194	0.838969	0.141837	
0.702901	0.273411	0.023688	
0.852418	0.135568	0.012014	
0.056061	0.661691	0.282248	
0.386135	0.523366	0.090499	
0.006894	0.562227	0.430879	
0.373855	0.425617	0.200528	
0.239260	0.645538	0.115202	
0.018043	0.837164	0.144793	
0.599148	0.339665	0.061187	
0.010933	0.237001	0.752066	
0.254814	0.397459	0.347728	
0.869876	0.118614	0.011510	
0.001531	0.018171	0.980297	
0.104890	0.522955	0.372155	
0.029935	0.491267	0.478798	
0.792331	0.180535	0.027134	
0.040676	0.550345	0.408980	
0.114894	0.714708	0.170398	
0.086269	0.338984	0.574748	
0.345734	0.396663	0.257602	
0.490883	0.363482	0.145635	
0.323962	0.241614	0.434424	
0.013604	0.652309	0.334087	
0.120022	0.692836	0.187142	
0.058448	0.708413	0.233139	
0.493338	0.429590	0.077071	
0.191831	0.626492	0.181677	
0.452691	0.339913	0.207395	
0.036868	0.656399	0.306733	
0.607252	0.316498	0.076250	
0.058629	0.498859	0.442512	
0.074441	0.554958	0.370601	
0.129246	0.702386	0.168368	
0.270669	0.586791	0.142540	
0.335714	0.535201	0.129085	
0.418243	0.288356	0.293401	
0.012583	0.066883	0.920534	
0.066582	0.610305	0.323113	
0.005187	0.668399	0.326414	
0.013530	0.085505	0.900965	
0.041696	0.643615	0.314689	
0.390180	0.369868	0.239952	
0.001967	0.340618	0.657415	
0.112339	0.642444	0.245216	
0.008977	0.292755	0.698268	
0.031567	0.418027	0.550407	
0.341522	0.381073	0.277405	
0.000398	0.004724	0.994878	
0.798065	0.187309	0.014626	
0.078509	0.300538	0.620953	
0.032830	0.360846	0.606323	
0.747478	0.209605	0.042917	
0.776956	0.194860	0.028184	
0.007600	0.440741	0.551659	
0.132916	0.202357	0.664726	
0.006007	0.736444	0.257549	
0.015081	0.321559	0.663360	
0.003924	0.081221	0.914855	
0.428594	0.468430	0.102976	
0.636580	0.297888	0.065532	
0.002682	0.713167	0.284151	
0.144693	0.673009	0.182297	
0.036905	0.369034	0.594061	
0.149905	0.690536	0.159559	
0.000680	0.014436	0.984885	
0.000362	0.012020	0.987618	
0.218148	0.610458	0.171393	
0.005647	0.121699	0.872653	
0.472480	0.444043	0.083476	
0.004476	0.326961	0.668563	
0.007132	0.750510	0.242358	
0.000840	0.011153	0.988007	
0.042455	0.457923	0.499622	
0.119543	0.491354	0.389103	
0.060586	0.293969	0.645444	
0.016022	0.519034	0.464944	
0.002241	0.017885	0.979875	
0.017071	0.826434	0.156495	
0.031980	0.738684	0.229336	
0.311078	0.576051	0.112871	
0.085932	0.719852	0.194216	
0.013222	0.143471	0.843307	
0.591921	0.332199	0.075881	
0.004881	0.353488	0.641631	
0.007073	0.777609	0.215318	
0.010691	0.810642	0.178667	
0.640292	0.297606	0.062101	
0.510276	0.438542	0.051182	
0.014228	0.597356	0.388416	
0.009629	0.632292	0.358079	
0.011230	0.214947	0.773823	
0.298594	0.598443	0.102963	
0.010178	0.096034	0.893787	
0.917983	0.069558	0.012459	
0.006705	0.261012	0.732283	
0.006512	0.614510	0.378979	
0.157775	0.345236	0.496988	
0.000190	0.008277	0.991533	
0.006817	0.439490	0.553694	
0.671443	0.158124	0.170433	
0.691109	0.186397	0.122494	
0.040161	0.823508	0.136332	
0.184736	0.462269	0.352995	
0.407515	0.394150	0.198335	
0.024949	0.304029	0.671022	
0.005853	0.049416	0.944731	
0.094705	0.330198	0.575097	
0.228569	0.652367	0.119065	
0.055757	0.557529	0.386714	
0.663121	0.291573	0.045306	
0.032762	0.735409	0.231829	
0.043383	0.714877	0.241740	
0.003662	0.027766	0.968572	
0.037702	0.799945	0.162353	
0.343783	0.597078	0.059139	
0.047431	0.846360	0.106209	
0.374006	0.538745	0.087250	
0.019961	0.703598	0.276442	
0.007720	0.401982	0.590298	
0.007271	0.248730	0.743999	
0.186589	0.699549	0.113862	
0.642344	0.314373	0.043283	
0.270324	0.508018	0.221658	
0.087178	0.382731	0.530091	
0.003627	0.023131	0.973242	
0.740325	0.234187	0.025488	
0.008099	0.337226	0.654675	
0.261396	0.594753	0.143851	
0.014757	0.681679	0.303564	
0.292516	0.572489	0.134995	
0.150518	0.519055	0.330427	
0.005675	0.750830	0.243495	
0.361987	0.552071	0.085942	
0.083072	0.816195	0.100733	
0.018027	0.396625	0.585348	
0.768207	0.207191	0.024602	
0.317159	0.566561	0.116280	
0.010199	0.042755	0.947046	
0.489645	0.408304	0.102050	
0.753855	0.228558	0.017587	
0.901465	0.094139	0.004396	
0.703024	0.257401	0.039575	
0.018327	0.736760	0.244913	
0.035794	0.789548	0.174658	
0.000154	0.002552	0.997294	
0.019963	0.636928	0.343108	
0.395840	0.453803	0.150357	
0.150736	0.687225	0.162039	
0.010824	0.092298	0.896878	
0.008512	0.249416	0.742072	
0.216074	0.341096	0.442830	
0.710579	0.250131	0.039289	
0.028932	0.458666	0.512402	
0.042148	0.290308	0.667544	
0.019268	0.762608	0.218124	
0.265941	0.551619	0.182440	
0.080276	0.786339	0.133385	
0.795764	0.192444	0.011792	
0.897315	0.095989	0.006697	
0.013478	0.592626	0.393896	
0.004017	0.343347	0.652636	
0.626925	0.297242	0.075833	
0.799382	0.178850	0.021768	
0.016362	0.803316	0.180322	
0.185171	0.730008	0.084821	
0.081483	0.752902	0.165615	
0.018444	0.062218	0.919338	
0.027298	0.399104	0.573598	
0.266841	0.334517	0.398642	
0.021279	0.081761	0.896961	
0.006113	0.749157	0.244730	
0.004027	0.759211	0.236762	
0.006088	0.726970	0.266942	
0.008142	0.668312	0.323546	
0.003207	0.731665	0.265128	
0.601809	0.332238	0.065953	
0.514045	0.376453	0.109503	
0.065549	0.603464	0.330987	
0.067823	0.802472	0.129704	
0.138901	0.532276	0.328823	
0.532651	0.321507	0.145842	
0.006950	0.731606	0.261444	
0.568020	0.367197	0.064782	
0.719643	0.231187	0.049169	
0.249190	0.342216	0.408594	
0.000160	0.004931	0.994909	
0.019163	0.838130	0.142706	
0.120373	0.765815	0.113813	
0.494525	0.186233	0.319242	
0.008357	0.116054	0.875589	
0.279527	0.271447	0.449026	
0.000448	0.005593	0.993959	
0.001358	0.013907	0.984735	
0.003708	0.038006	0.958286	
0.054751	0.633498	0.311750	
0.041458	0.162941	0.795601	
0.010524	0.472011	0.517465	
0.000465	0.008891	0.990644	
0.000237	0.005438	0.994325	
0.004695	0.445065	0.550240	
0.004404	0.432985	0.562611	
0.727493	0.220821	0.051686	
0.000242	0.003426	0.996332	
0.151220	0.298830	0.549950	
0.001334	0.012194	0.986472	
0.328018	0.343304	0.328678	
0.017154	0.306153	0.676693	
0.012506	0.158472	0.829022	
0.641388	0.255830	0.102782	
0.012812	0.255358	0.731830	
0.000107	0.003697	0.996195	
0.309167	0.472853	0.217980	
0.829960	0.155464	0.014575	
0.046052	0.615419	0.338529	
0.117350	0.326945	0.555705	
0.077501	0.208792	0.713707	
0.009486	0.411416	0.579098	
0.210324	0.278549	0.511127	
0.525718	0.349059	0.125223	
0.009285	0.142001	0.848714	
0.081544	0.136359	0.782097	
0.139713	0.275640	0.584647	
0.015961	0.705360	0.278679	
0.040064	0.192634	0.767303	
0.028492	0.447703	0.523805	
0.040243	0.594781	0.364976	
0.035386	0.592628	0.371985	
0.006684	0.078326	0.914990	
0.079717	0.456544	0.463739	
0.057364	0.578938	0.363697	
0.017442	0.111458	0.871100	
0.004423	0.484113	0.511464	
0.053609	0.219062	0.727329	
0.098351	0.545206	0.356443	
0.095910	0.263458	0.640632	
0.514925	0.324645	0.160431	
0.522153	0.372792	0.105054	
0.650931	0.274547	0.074522	
0.000515	0.006465	0.993020	
0.004274	0.179953	0.815774	
0.494539	0.412130	0.093331	
0.389144	0.379893	0.230963	
0.035666	0.131050	0.833284	
0.125045	0.313068	0.561888	
0.656664	0.278379	0.064958	
0.233775	0.542469	0.223756	
0.304029	0.338508	0.357464	
0.003863	0.130979	0.865159	
0.502683	0.442840	0.054477	
0.039533	0.375940	0.584526	
0.007045	0.416794	0.576161	
0.015948	0.148024	0.836028	
0.003766	0.661982	0.334252	
0.045989	0.596490	0.357521	
0.770984	0.193926	0.035090	
0.136636	0.374550	0.488814	
0.446542	0.414130	0.139328	
0.585488	0.332444	0.082068	
0.089643	0.427577	0.482780	
0.084504	0.203853	0.711643	
0.383773	0.518347	0.097880	
0.564842	0.327196	0.107963	
0.728548	0.228876	0.042576	
0.072698	0.584375	0.342927	
0.005143	0.273982	0.720874	
0.002976	0.624383	0.372641	
0.431108	0.369334	0.199558	
0.072649	0.180829	0.746522	
0.064988	0.549438	0.385573	
0.049562	0.516637	0.433802	
0.714785	0.217893	0.067322	
0.003968	0.129976	0.866056	
0.002472	0.036654	0.960874	
0.037003	0.298720	0.664277	
0.001376	0.029678	0.968946	
0.005519	0.428605	0.565876	
0.002940	0.086332	0.910727	
0.005034	0.038144	0.956821	
0.586405	0.299462	0.114133	
0.001645	0.077941	0.920415	
0.015821	0.239979	0.744200	
0.675807	0.251807	0.072386	
0.005471	0.090120	0.904409	
0.011446	0.173976	0.814579	
0.080189	0.454795	0.465016	
0.276484	0.357088	0.366428	
0.119792	0.200603	0.679604	
0.015603	0.283418	0.700980	
0.004799	0.598362	0.396839	
0.052207	0.195109	0.752684	
0.668648	0.264440	0.066912	
0.917511	0.077827	0.004662	
0.002749	0.575574	0.421678	
0.014664	0.155868	0.829468	
0.004101	0.433767	0.562132	
0.005281	0.389023	0.605696	
0.089450	0.180210	0.730340	
0.000440	0.044708	0.954852	
0.008015	0.620468	0.371517	
0.003691	0.634021	0.362289	
0.047893	0.530116	0.421992	
0.215197	0.334196	0.450606	
0.591710	0.278596	0.129694	
0.004299	0.172275	0.823426	
0.025497	0.673952	0.300551	
0.008093	0.090998	0.900909	
0.011539	0.764019	0.224442	
0.012023	0.161149	0.826828	
0.001801	0.047085	0.951114	
0.556317	0.318302	0.125381	
0.003474	0.449927	0.546599	
0.147619	0.181616	0.670765	
0.007143	0.084334	0.908523	
0.124849	0.293407	0.581744	
0.042096	0.143827	0.814077	
0.015188	0.057378	0.927434	
0.008066	0.269988	0.721946	
0.000131	0.003738	0.996130	
0.679754	0.257035	0.063211	
0.000932	0.025948	0.973120	
0.004857	0.133957	0.861186	
0.014155	0.101929	0.883917	
0.021562	0.504048	0.474390	
0.002863	0.028696	0.968441	
0.003232	0.422389	0.574379	
0.606041	0.311432	0.082527	
0.166953	0.658546	0.174501	
0.006011	0.165757	0.828232	
0.017463	0.381648	0.600889	
0.073802	0.170417	0.755780	
0.116661	0.217787	0.665552	
0.005230	0.156599	0.838172	
0.397816	0.444557	0.157627	
0.006662	0.191663	0.801675	
0.003547	0.058531	0.937922	
0.111888	0.481727	0.406386	
0.002711	0.436979	0.560310	
0.011061	0.097324	0.891616	
0.001755	0.030128	0.968117	
0.005081	0.019377	0.975541	
0.084394	0.362361	0.553245	
