0.315555	0.472689	0.211757	
0.081845	0.448466	0.469689	
0.129201	0.206457	0.664342	
0.004007	0.579480	0.416513	
0.006940	0.682938	0.310122	
0.008806	0.533225	0.457970	
0.051241	0.615532	0.333226	
0.191337	0.395230	0.413432	
0.063117	0.602127	0.334757	
0.702182	0.236786	0.061032	
0.119915	0.383494	0.496591	
0.005666	0.535368	0.458965	
0.006840	0.605717	0.387443	
0.026800	0.079056	0.894144	
0.009529	0.841950	0.148521	
0.187237	0.354938	0.457825	
0.001631	0.469957	0.528412	
0.008858	0.567122	0.424020	
0.238040	0.357787	0.404172	
0.269973	0.539779	0.190248	
0.040092	0.645472	0.314436	
0.523321	0.301236	0.175442	
0.473926	0.325652	0.200422	
0.000769	0.092531	0.906700	
0.006595	0.269188	0.724217	
0.001382	0.508787	0.489831	
0.005256	0.465078	0.529666	
0.013070	0.711610	0.275320	
0.253974	0.531786	0.214240	
0.412147	0.407072	0.180781	
0.008812	0.066658	0.924529	
0.773821	0.185016	0.041162	
0.550835	0.336332	0.112833	
0.002537	0.059859	0.937605	
0.012326	0.422922	0.564752	
0.569187	0.321488	0.109326	
0.069459	0.583897	0.346644	
0.001418	0.582618	0.415965	
0.380399	0.326305	0.293296	
0.063852	0.592519	0.343629	
0.000644	0.713445	0.285911	
0.381943	0.395476	0.222581	
0.009443	0.664310	0.326247	
0.003498	0.738836	0.257666	
0.503810	0.324118	0.172072	
0.630732	0.277010	0.092258	
0.211267	0.211503	0.577230	
0.052112	0.747823	0.200065	
0.396283	0.548969	0.054748	
0.482559	0.461198	0.056243	
0.500717	0.328553	0.170730	
0.001760	0.389636	0.608604	
0.024536	0.302509	0.672955	
0.009937	0.191917	0.798146	
0.135092	0.635028	0.229880	
0.009489	0.722662	0.267848	
0.022045	0.439508	0.538447	
0.148480	0.504948	0.346572	
0.079298	0.486376	0.434326	
0.348244	0.327213	0.324542	
0.017220	0.068868	0.913911	
0.042030	0.629104	0.328865	
0.001172	0.021274	0.977554	
0.014796	0.612053	0.373151	
0.005177	0.445031	0.549793	
0.001862	0.518957	0.479181	
0.039890	0.439016	0.521094	
0.008150	0.436378	0.555472	
0.008324	0.443038	0.548638	
0.528029	0.308443	0.163528	
0.006901	0.770230	0.222868	
0.004753	0.600446	0.394801	
0.016447	0.562031	0.421522	
0.586350	0.317329	0.096321	
0.569638	0.305708	0.124654	
0.003313	0.501508	0.495179	
0.004336	0.483759	0.511904	
0.051963	0.206923	0.741115	
0.002878	0.345948	0.651175	
0.005759	0.644184	0.350057	
0.031123	0.219124	0.749753	
0.043119	0.481032	0.475849	
0.358642	0.448466	0.192892	
0.001409	0.473250	0.525341	
0.026482	0.649843	0.323675	
0.017575	0.397315	0.585110	
0.030361	0.209935	0.759704	
0.552646	0.355868	0.091486	
0.002097	0.387849	0.610053	
0.007839	0.118733	0.873428	
0.002959	0.582952	0.414089	
0.000651	0.048932	0.950417	
0.148044	0.630558	0.221398	
0.125070	0.516832	0.358099	
0.007212	0.221163	0.771625	
0.003794	0.447603	0.548603	
0.029721	0.434286	0.535993	
0.005264	0.069004	0.925732	
0.062209	0.319673	0.618118	
0.383250	0.430352	0.186399	
0.453665	0.366221	0.180113	
0.003500	0.207752	0.788748	
0.006255	0.111879	0.881866	
0.005620	0.548737	0.445643	
0.056367	0.450485	0.493148	
0.006049	0.313793	0.680158	
0.165710	0.407837	0.426453	
0.001108	0.273409	0.725482	
0.050822	0.240329	0.708849	
0.006744	0.482381	0.510875	
0.209147	0.552526	0.238327	
0.846669	0.124873	0.028458	
0.008696	0.320595	0.670710	
0.000885	0.026177	0.972938	
0.032250	0.547294	0.420457	
0.006258	0.519174	0.474568	
0.007329	0.438116	0.554555	
0.019525	0.230268	0.750206	
0.083316	0.259761	0.656923	
0.040734	0.323751	0.635514	
0.015886	0.322565	0.661549	
0.092942	0.470415	0.436642	
0.041599	0.581144	0.377257	
0.028536	0.469583	0.501881	
0.005182	0.025175	0.969644	
0.031263	0.530775	0.437962	
0.780319	0.178075	0.041606	
0.260489	0.342778	0.396733	
0.008154	0.357101	0.634745	
0.002844	0.017161	0.979995	
0.002150	0.035991	0.961859	
0.003768	0.618231	0.378001	
0.011325	0.439833	0.548842	
0.018346	0.424596	0.557057	
0.009710	0.355187	0.635103	
0.066039	0.152832	0.781129	
0.014774	0.603036	0.382190	
0.002080	0.053503	0.944416	
0.000626	0.024875	0.974499	
0.204932	0.419903	0.375165	
0.016030	0.630727	0.353243	
0.005408	0.235850	0.758742	
0.097279	0.341293	0.561428	
0.003327	0.156498	0.840174	
0.001820	0.247890	0.750290	
0.010552	0.344511	0.644938	
0.016671	0.408329	0.575000	
0.381003	0.363344	0.255653	
0.032532	0.326228	0.641241	
0.673916	0.219133	0.106951	
0.005630	0.203082	0.791288	
0.016604	0.629746	0.353650	
0.002414	0.469311	0.528275	
0.005382	0.570771	0.423846	
0.014936	0.466872	0.518192	
0.136598	0.234670	0.628731	
0.002790	0.446244	0.550965	
0.010428	0.325688	0.663884	
0.006057	0.117610	0.876333	
0.003395	0.038436	0.958169	
0.129873	0.316186	0.553941	
0.006862	0.294163	0.698974	
0.007946	0.467649	0.524404	
0.067936	0.366890	0.565174	
0.002027	0.492814	0.505160	
0.151687	0.415493	0.432820	
0.009785	0.076884	0.913331	
0.000525	0.010008	0.989467	
0.704597	0.233378	0.062025	
0.004677	0.306747	0.688575	
0.078429	0.293953	0.627618	
0.005248	0.487129	0.507624	
0.002865	0.114305	0.882829	
0.138319	0.267363	0.594317	
0.003161	0.348834	0.648006	
0.146635	0.526011	0.327353	
0.003337	0.304594	0.692069	
0.012236	0.332030	0.655734	
0.033052	0.592951	0.373997	
0.005526	0.387454	0.607020	
0.000337	0.002642	0.997021	
0.013615	0.268045	0.718340	
0.070318	0.301861	0.627822	
0.092339	0.455932	0.451729	
0.422870	0.365283	0.211847	
0.031006	0.646563	0.322431	
0.012924	0.791436	0.195640	
0.013292	0.443938	0.542770	
0.005181	0.223929	0.770890	
0.063313	0.397196	0.539491	
0.530031	0.362405	0.107563	
0.003572	0.762741	0.233687	
0.797959	0.188142	0.013899	
0.251681	0.515135	0.233184	
0.096220	0.240195	0.663585	
0.030221	0.637763	0.332016	
0.019303	0.597639	0.383058	
0.013225	0.550341	0.436434	
0.237598	0.678200	0.084203	
0.020165	0.681851	0.297985	
0.136348	0.531579	0.332073	
0.013705	0.592824	0.393471	
0.014839	0.451526	0.533634	
0.040635	0.259985	0.699380	
0.004863	0.057694	0.937443	
0.036842	0.470685	0.492473	
0.006627	0.048279	0.945095	
0.035138	0.753285	0.211577	
0.343016	0.281921	0.375063	
0.640259	0.267100	0.092641	
0.017851	0.740178	0.241971	
0.033974	0.108457	0.857569	
0.074235	0.466643	0.459122	
0.008217	0.160110	0.831672	
0.003098	0.274463	0.722439	
0.023122	0.145000	0.831877	
0.010564	0.437998	0.551438	
0.180429	0.414242	0.405329	
0.159513	0.645230	0.195257	
0.042379	0.636734	0.320887	
0.485250	0.370034	0.144716	
0.005758	0.024123	0.970119	
0.010410	0.053986	0.935604	
0.283310	0.531849	0.184841	
0.066988	0.419450	0.513562	
0.001530	0.028408	0.970062	
0.023319	0.713230	0.263451	
0.047754	0.249710	0.702535	
0.337838	0.549924	0.112238	
0.324548	0.441251	0.234202	
0.030599	0.649671	0.319730	
0.008535	0.592835	0.398630	
0.004310	0.745324	0.250366	
0.125882	0.682236	0.191882	
0.137530	0.589564	0.272906	
0.711050	0.240026	0.048924	
0.026667	0.524459	0.448875	
0.121732	0.528001	0.350267	
0.022565	0.624904	0.352531	
0.060702	0.673313	0.265985	
0.011776	0.100854	0.887370	
0.004834	0.633560	0.361606	
0.007395	0.656516	0.336090	
0.002336	0.035088	0.962576	
0.014199	0.623625	0.362176	
0.012756	0.493335	0.493909	
0.051989	0.319025	0.628986	
0.074712	0.639494	0.285793	
0.273689	0.469665	0.256646	
0.891479	0.097523	0.010997	
0.060711	0.543668	0.395621	
0.009494	0.546710	0.443797	
0.312044	0.361013	0.326943	
0.253106	0.456860	0.290034	
0.003223	0.029113	0.967663	
0.208953	0.286813	0.504233	
0.333836	0.459030	0.207134	
0.026124	0.357663	0.616212	
0.292499	0.461664	0.245837	
0.058668	0.351485	0.589848	
0.174848	0.674244	0.150908	
0.004229	0.073138	0.922633	
0.096527	0.691976	0.211497	
0.009294	0.439318	0.551389	
0.002176	0.043271	0.954553	
0.036146	0.524194	0.439660	
0.019723	0.713930	0.266347	
0.018456	0.426628	0.554916	
0.002061	0.015075	0.982864	
0.056644	0.683763	0.259594	
0.018774	0.669584	0.311642	
0.018878	0.066024	0.915098	
0.110789	0.547728	0.341483	
0.042226	0.681719	0.276055	
0.288793	0.460315	0.250893	
0.003244	0.072383	0.924374	
0.009668	0.181029	0.809303	
0.082179	0.305660	0.612161	
0.593906	0.265708	0.140386	
0.375668	0.432859	0.191473	
0.172849	0.305154	0.521997	
0.019667	0.634627	0.345705	
0.761265	0.181772	0.056963	
0.014696	0.123845	0.861459	
0.238193	0.548690	0.213116	
0.161958	0.198795	0.639246	
0.045006	0.194629	0.760365	
0.233023	0.481379	0.285598	
0.666946	0.252020	0.081034	
0.015433	0.443242	0.541325	
0.219880	0.580256	0.199864	
0.642943	0.296578	0.060479	
0.407541	0.394494	0.197965	
0.001498	0.017423	0.981079	
0.335283	0.433539	0.231178	
0.015509	0.605020	0.379471	
0.048673	0.100777	0.850550	
0.508816	0.356745	0.134439	
0.222899	0.514548	0.262553	
0.003745	0.738226	0.258029	
0.017736	0.748564	0.233701	
0.637824	0.259333	0.102844	
0.036854	0.742971	0.220175	
0.030381	0.077858	0.891761	
0.003868	0.025631	0.970501	
0.035449	0.656745	0.307806	
0.673724	0.253541	0.072735	
0.593518	0.306751	0.099731	
0.015538	0.330315	0.654146	
0.648092	0.273594	0.078314	
0.873098	0.110417	0.016485	
0.478198	0.403282	0.118520	
0.833088	0.146666	0.020246	
0.876732	0.110912	0.012356	
0.138677	0.308482	0.552842	
0.479050	0.392307	0.128643	
0.003359	0.593252	0.403389	
0.523580	0.323816	0.152604	
0.151137	0.379280	0.469583	
0.537138	0.349889	0.112973	
0.011332	0.699645	0.289023	
0.060686	0.557345	0.381969	
0.005650	0.743554	0.250795	
0.045907	0.208711	0.745382	
0.793156	0.167134	0.039709	
0.346969	0.388787	0.264244	
0.461401	0.393081	0.145517	
0.721156	0.241417	0.037427	
0.283315	0.427330	0.289356	
0.891623	0.102572	0.005805	
0.754278	0.185660	0.060062	
0.029847	0.630543	0.339610	
0.718102	0.240512	0.041386	
0.577100	0.342918	0.079982	
0.008760	0.339173	0.652066	
0.600383	0.318019	0.081598	
0.251258	0.519879	0.228863	
0.097371	0.535572	0.367057	
0.755436	0.191736	0.052828	
0.157301	0.620647	0.222052	
0.044698	0.208398	0.746904	
0.023175	0.104698	0.872127	
0.455251	0.420157	0.124592	
0.086102	0.565382	0.348516	
0.415233	0.375602	0.209165	
0.001407	0.353818	0.644775	
0.052523	0.726173	0.221304	
0.459742	0.405155	0.135103	
0.038568	0.187531	0.773901	
0.183727	0.608240	0.208033	
0.028168	0.623202	0.348631	
0.486237	0.378292	0.135471	
0.303971	0.522318	0.173711	
0.543722	0.331899	0.124379	
0.000955	0.037890	0.961154	
0.069667	0.590055	0.340278	
0.308892	0.461292	0.229816	
0.073929	0.110964	0.815107	
0.043561	0.286413	0.670026	
0.153427	0.631002	0.215571	
0.004282	0.147945	0.847773	
0.030256	0.522893	0.446851	
0.008142	0.479324	0.512534	
0.004185	0.405258	0.590557	
0.003849	0.144686	0.851465	
0.265944	0.386013	0.348042	
0.002704	0.157671	0.839625	
0.077767	0.563690	0.358543	
0.008871	0.258027	0.733102	
0.277051	0.422756	0.300193	
0.165914	0.292619	0.541467	
0.001575	0.150433	0.847992	
0.002190	0.046299	0.951512	
0.443752	0.337360	0.218888	
0.004024	0.178349	0.817627	
0.005453	0.045067	0.949480	
0.015941	0.122077	0.861982	
0.113111	0.486436	0.400453	
0.038627	0.288888	0.672484	
0.111725	0.333852	0.554423	
0.201886	0.358619	0.439495	
0.004969	0.234771	0.760260	
0.005348	0.071283	0.923370	
0.000029	0.000918	0.999054	
0.005289	0.053941	0.940770	
0.013147	0.319566	0.667287	
0.011480	0.451360	0.537160	
0.053441	0.244142	0.702416	
0.024256	0.282603	0.693142	
0.002800	0.061954	0.935246	
0.005191	0.259499	0.735310	
0.741570	0.153241	0.105189	
0.306002	0.391107	0.302891	
0.009894	0.513515	0.476590	
0.064438	0.369279	0.566283	
0.585874	0.251662	0.162464	
0.469982	0.285690	0.244328	
0.168004	0.465712	0.366284	
0.013293	0.370741	0.615966	
0.000883	0.013085	0.986032	
0.052154	0.358798	0.589048	
0.004277	0.128411	0.867312	
0.048696	0.199300	0.752004	
0.008972	0.302106	0.688922	
0.420650	0.336855	0.242495	
0.004796	0.079125	0.916079	
0.009481	0.075303	0.915216	
0.001218	0.010484	0.988298	
0.385508	0.237264	0.377228	
0.044028	0.147219	0.808753	
0.015980	0.230857	0.753162	
0.002855	0.372354	0.624791	
0.011406	0.414441	0.574153	
0.008150	0.311118	0.680731	
0.020600	0.237530	0.741870	
0.627394	0.232451	0.140156	
0.010846	0.468229	0.520925	
0.006855	0.349684	0.643461	
0.248735	0.345174	0.406091	
0.019795	0.359789	0.620417	
0.118986	0.358889	0.522124	
0.029512	0.322186	0.648301	
0.003585	0.112955	0.883460	
0.030980	0.260842	0.708177	
0.194800	0.497843	0.307358	
0.000866	0.061731	0.937403	
0.008832	0.598978	0.392190	
0.006261	0.203704	0.790035	
0.003951	0.154654	0.841395	
0.068759	0.393438	0.537804	
0.048313	0.412130	0.539558	
0.007726	0.028458	0.963816	
0.006493	0.048797	0.944710	
0.011711	0.252826	0.735463	
0.008261	0.143168	0.848572	
0.003218	0.373805	0.622978	
0.002526	0.065484	0.931990	
0.023956	0.507472	0.468572	
0.015420	0.561601	0.422979	
0.297758	0.290690	0.411552	
0.414541	0.397762	0.187697	
0.092188	0.335286	0.572527	
0.001166	0.021353	0.977481	
0.070427	0.218989	0.710584	
0.450466	0.358558	0.190976	
0.007750	0.580997	0.411253	
0.004811	0.076024	0.919165	
0.004299	0.050860	0.944841	
0.002420	0.016357	0.981224	
0.003854	0.096802	0.899344	
0.004781	0.388750	0.606469	
0.009782	0.031742	0.958476	
0.003618	0.063027	0.933355	
0.577645	0.319765	0.102590	
0.005396	0.119543	0.875061	
0.001558	0.018189	0.980252	
0.001285	0.017219	0.981496	
0.011530	0.072785	0.915686	
0.003660	0.431205	0.565135	
0.014271	0.322891	0.662838	
0.005086	0.023929	0.970984	
0.732448	0.215487	0.052064	
0.062216	0.507401	0.430383	
0.004151	0.300204	0.695645	
0.007074	0.564743	0.428184	
0.106691	0.426211	0.467097	
0.015029	0.070426	0.914545	
0.045043	0.280154	0.674803	
0.016717	0.497030	0.486253	
0.259760	0.262422	0.477817	
0.004318	0.129681	0.866001	
0.004616	0.049479	0.945905	
0.027306	0.145654	0.827039	
0.017828	0.658855	0.323317	
0.025193	0.457182	0.517625	
0.012682	0.250141	0.737177	
0.025053	0.072480	0.902468	
0.001313	0.010983	0.987704	
0.130954	0.450177	0.418869	
0.001541	0.016301	0.982158	
0.344324	0.344919	0.310757	
0.008655	0.720240	0.271106	
0.039330	0.081455	0.879215	
0.002837	0.376452	0.620710	
0.123582	0.323970	0.552448	
0.011286	0.349893	0.638821	
0.001433	0.411916	0.586651	
0.028912	0.414296	0.556792	
0.015447	0.820543	0.164009	
0.449870	0.445451	0.104680	
0.010568	0.067367	0.922065	
0.069404	0.159523	0.771073	
0.002939	0.022359	0.974702	
0.048486	0.087236	0.864278	
0.009501	0.085732	0.904767	
0.370547	0.380915	0.248538	
0.428322	0.284608	0.287070	
0.008988	0.123728	0.867284	
0.021277	0.693993	0.284730	
0.006402	0.629322	0.364276	
0.007002	0.642088	0.350911	
0.002956	0.482361	0.514683	
0.074530	0.230868	0.694601	
0.009328	0.661385	0.329287	
0.007673	0.497008	0.495319	
0.008931	0.425940	0.565129	
0.014055	0.289266	0.696679	
0.005793	0.569088	0.425119	
0.022102	0.565085	0.412813	
0.018303	0.434936	0.546761	
0.622716	0.282318	0.094965	
0.184901	0.378058	0.437041	
0.003919	0.512415	0.483665	
0.034341	0.493412	0.472247	
0.003377	0.041291	0.955331	
0.085540	0.342611	0.571849	
0.387121	0.370242	0.242637	
0.738632	0.209925	0.051444	
0.003504	0.249967	0.746529	
0.034066	0.367651	0.598282	
0.010586	0.369025	0.620389	
0.017215	0.035647	0.947139	
0.004066	0.440799	0.555134	
0.684602	0.256457	0.058941	
0.605984	0.270639	0.123377	
0.341591	0.305471	0.352938	
0.008299	0.222345	0.769356	
0.155681	0.500409	0.343910	
0.604613	0.299716	0.095670	
0.584015	0.312546	0.103439	
0.901699	0.088222	0.010080	
0.010361	0.390590	0.599049	
0.212061	0.323215	0.464724	
0.003157	0.421877	0.574966	
0.267496	0.355299	0.377204	
0.434828	0.349800	0.215372	
0.811737	0.159150	0.029113	
0.471153	0.366632	0.162215	
0.106644	0.345543	0.547813	
0.040371	0.614724	0.344905	
0.438669	0.364005	0.197326	
0.905666	0.085459	0.008875	
0.128216	0.642291	0.229492	
0.000407	0.426967	0.572626	
0.709691	0.222783	0.067526	
0.007023	0.400236	0.592741	
0.726387	0.237534	0.036079	
0.006216	0.331170	0.662614	
0.844957	0.131997	0.023045	
0.399106	0.414521	0.186374	
0.787786	0.174498	0.037716	
0.261797	0.412406	0.325797	
0.588314	0.308089	0.103598	
0.746171	0.213715	0.040114	
0.658371	0.264531	0.077098	
0.002957	0.018528	0.978515	
0.257817	0.478217	0.263966	
0.007609	0.254392	0.737999	
0.535995	0.313106	0.150898	
0.533833	0.354832	0.111335	
0.472106	0.424355	0.103539	
0.211850	0.554090	0.234060	
0.040517	0.398312	0.561171	
0.919680	0.074590	0.005730	
0.002365	0.475782	0.521853	
0.661958	0.261900	0.076143	
0.010988	0.158101	0.830911	
0.003841	0.624055	0.372104	
0.016839	0.478416	0.504745	
0.004961	0.282835	0.712204	
0.057031	0.333801	0.609169	
0.555470	0.330851	0.113679	
0.288894	0.454995	0.256111	
0.595780	0.298067	0.106154	
0.004742	0.185837	0.809420	
0.000432	0.006223	0.993345	
0.191136	0.239717	0.569147	
0.020982	0.307584	0.671434	
0.028183	0.043251	0.928566	
0.004869	0.505755	0.489376	
0.002600	0.539694	0.457706	
0.028917	0.619509	0.351574	
0.410069	0.374243	0.215689	
0.004919	0.275841	0.719240	
0.010906	0.282243	0.706851	
0.336163	0.482200	0.181637	
0.331298	0.344198	0.324504	
0.197405	0.458359	0.344237	
0.057496	0.534483	0.408021	
0.005415	0.104256	0.890329	
0.778425	0.198439	0.023135	
0.743940	0.207034	0.049026	
0.064149	0.659775	0.276076	
0.851725	0.130157	0.018118	
0.026408	0.555663	0.417929	
0.291890	0.474178	0.233932	
0.014073	0.307193	0.678734	
0.561096	0.301321	0.137583	
0.539760	0.366037	0.094203	
0.023676	0.454671	0.521653	
0.578182	0.319810	0.102008	
0.008591	0.309211	0.682198	
0.041484	0.418052	0.540464	
0.004259	0.288350	0.707391	
0.029791	0.711951	0.258257	
0.450494	0.351763	0.197743	
0.023920	0.173150	0.802930	
0.281117	0.265666	0.453217	
0.009694	0.094121	0.896185	
0.009621	0.364409	0.625970	
0.000107	0.001112	0.998781	
0.000057	0.000921	0.999022	
0.000673	0.018693	0.980634	
0.001069	0.038677	0.960254	
0.007220	0.171738	0.821042	
0.083115	0.324990	0.591895	
0.000096	0.042301	0.957602	
0.005017	0.034251	0.960732	
0.000596	0.009207	0.990197	
0.003091	0.044922	0.951987	
0.011278	0.166370	0.822351	
0.001464	0.009830	0.988706	
0.172082	0.284927	0.542990	
0.008194	0.162071	0.829734	
0.001358	0.013081	0.985561	
0.413117	0.411753	0.175130	
0.002435	0.033654	0.963911	
0.014487	0.146599	0.838914	
0.001305	0.014347	0.984349	
0.002739	0.067512	0.929749	
0.000065	0.001040	0.998895	
0.002168	0.104646	0.893187	
0.000467	0.004221	0.995311	
0.000316	0.003960	0.995723	
0.137386	0.222001	0.640613	
0.092342	0.274570	0.633088	
0.001180	0.029284	0.969536	
0.007306	0.088370	0.904324	
0.000411	0.006833	0.992756	
0.000971	0.011735	0.987295	
0.845975	0.132645	0.021380	
0.000089	0.002224	0.997687	
0.230633	0.202194	0.567173	
0.015406	0.263085	0.721509	
0.011116	0.032724	0.956161	
0.227257	0.342554	0.430190	
0.125957	0.222458	0.651585	
0.015926	0.087526	0.896549	
0.003824	0.072545	0.923631	
0.000281	0.003283	0.996435	
0.000057	0.000849	0.999094	
0.000870	0.020069	0.979061	
0.193254	0.357612	0.449133	
0.409518	0.225145	0.365337	
0.005895	0.084618	0.909486	
0.001365	0.018354	0.980282	
0.001463	0.048558	0.949979	
0.012626	0.189033	0.798341	
0.000368	0.003437	0.996195	
0.007773	0.019447	0.972779	
0.000931	0.015233	0.983836	
0.005470	0.079107	0.915423	
0.000481	0.012404	0.987115	
0.002070	0.055501	0.942429	
0.003711	0.052694	0.943595	
0.081827	0.313352	0.604821	
0.000249	0.002037	0.997714	
0.016779	0.037135	0.946086	
0.000842	0.010894	0.988264	
0.006972	0.069606	0.923422	
0.000053	0.001003	0.998944	
0.000179	0.002272	0.997549	
0.000191	0.015890	0.983919	
0.004665	0.079979	0.915356	
0.000336	0.019074	0.980591	
0.106636	0.315333	0.578031	
0.010533	0.088958	0.900510	
0.177617	0.285460	0.536922	
0.005077	0.024999	0.969924	
0.001052	0.022043	0.976904	
0.000157	0.001892	0.997951	
0.046588	0.390017	0.563394	
0.004355	0.051229	0.944417	
0.001333	0.015617	0.983050	
0.000702	0.006520	0.992779	
0.006365	0.077555	0.916080	
0.015014	0.283351	0.701635	
0.019919	0.181421	0.798659	
0.009036	0.183759	0.807205	
0.000029	0.001355	0.998616	
0.016019	0.489233	0.494748	
0.419858	0.378723	0.201419	
0.001371	0.427716	0.570913	
0.478013	0.384791	0.137196	
0.217300	0.293508	0.489192	
0.560035	0.287551	0.152414	
0.000556	0.009914	0.989530	
0.015827	0.192151	0.792022	
0.005537	0.089313	0.905150	
0.004145	0.718305	0.277550	
0.004709	0.085674	0.909617	
0.050083	0.781346	0.168571	
0.033282	0.686370	0.280348	
0.259858	0.408072	0.332069	
0.475547	0.399714	0.124738	
0.005784	0.699653	0.294564	
0.019597	0.760609	0.219794	
0.295647	0.516827	0.187527	
0.004044	0.630653	0.365303	
0.051163	0.220197	0.728640	
0.013188	0.791379	0.195433	
0.021823	0.159635	0.818542	
0.001799	0.182564	0.815637	
0.034208	0.389384	0.576408	
0.022959	0.429516	0.547525	
0.020026	0.460104	0.519869	
0.012472	0.755127	0.232401	
0.008345	0.039821	0.951834	
0.007241	0.342049	0.650710	
0.017969	0.566779	0.415252	
0.020680	0.526551	0.452769	
0.377019	0.357636	0.265345	
0.010730	0.401701	0.587569	
0.066044	0.359246	0.574711	
0.004878	0.101384	0.893739	
0.482878	0.376345	0.140776	
0.014504	0.328216	0.657280	
0.011712	0.503697	0.484591	
0.373350	0.404688	0.221962	
0.287346	0.345000	0.367653	
0.011029	0.256047	0.732925	
0.002431	0.031675	0.965894	
0.010929	0.113275	0.875795	
0.630866	0.277711	0.091423	
0.067674	0.178760	0.753565	
0.539920	0.334426	0.125654	
0.426954	0.416514	0.156531	
0.514866	0.323737	0.161396	
0.226035	0.500916	0.273049	
0.198597	0.456554	0.344849	
0.487037	0.385270	0.127693	
0.854439	0.130390	0.015171	
0.764805	0.186752	0.048443	
0.038364	0.360955	0.600681	
0.001736	0.015090	0.983175	
0.093641	0.671046	0.235313	
0.001802	0.627753	0.370445	
0.006320	0.350623	0.643057	
0.033552	0.584963	0.381485	
0.010565	0.389566	0.599869	
0.005522	0.411278	0.583200	
0.045163	0.640486	0.314351	
0.009608	0.464822	0.525570	
0.414959	0.428582	0.156459	
0.266745	0.249785	0.483470	
0.089455	0.249684	0.660860	
0.007226	0.144147	0.848627	
0.417182	0.403725	0.179092	
0.397079	0.447022	0.155899	
0.010627	0.418326	0.571047	
0.032803	0.791029	0.176167	
0.323410	0.257837	0.418752	
0.321316	0.345196	0.333488	
0.593899	0.310713	0.095388	
0.107820	0.309954	0.582226	
0.514899	0.298200	0.186901	
0.013457	0.435765	0.550778	
0.091534	0.150111	0.758354	
0.401267	0.273763	0.324969	
0.443407	0.402289	0.154304	
0.003215	0.492927	0.503858	
0.029824	0.325865	0.644310	
0.594428	0.348887	0.056685	
0.155972	0.675078	0.168949	
0.036572	0.244304	0.719124	
0.003501	0.516535	0.479965	
0.005154	0.258994	0.735852	
0.058331	0.311522	0.630146	
0.058231	0.179431	0.762338	
0.247403	0.401217	0.351379	
0.666515	0.273379	0.060106	
0.300033	0.202425	0.497542	
0.081723	0.493037	0.425241	
0.009906	0.082292	0.907802	
0.591747	0.310162	0.098090	
0.004129	0.099106	0.896766	
0.017401	0.649363	0.333235	
0.700141	0.242462	0.057396	
0.442491	0.394769	0.162740	
0.062547	0.611109	0.326343	
0.023255	0.690358	0.286387	
0.003303	0.313378	0.683319	
0.089571	0.429632	0.480797	
0.473463	0.352853	0.173684	
0.053882	0.078237	0.867880	
0.005317	0.072960	0.921722	
0.309422	0.355806	0.334772	
0.054049	0.693038	0.252913	
0.124838	0.300440	0.574722	
0.115489	0.634992	0.249519	
0.569371	0.336334	0.094296	
0.026315	0.147172	0.826513	
0.045631	0.621650	0.332719	
0.012451	0.495344	0.492205	
0.207987	0.452595	0.339417	
0.493994	0.342447	0.163559	
0.158751	0.218327	0.622922	
0.319382	0.486751	0.193866	
0.442483	0.399590	0.157927	
0.003979	0.197191	0.798830	
0.131125	0.406847	0.462028	
0.008660	0.174667	0.816673	
0.007943	0.693502	0.298555	
0.359668	0.376582	0.263750	
0.017486	0.514480	0.468034	
0.038083	0.136091	0.825827	
0.002687	0.079908	0.917406	
0.059780	0.172346	0.767874	
0.081339	0.491056	0.427606	
0.588143	0.343070	0.068787	
0.005103	0.268116	0.726780	
0.587464	0.291611	0.120926	
0.009554	0.499547	0.490899	
0.015079	0.174849	0.810072	
0.000260	0.004467	0.995273	
0.134603	0.265656	0.599741	
0.041181	0.339445	0.619374	
0.543737	0.311018	0.145245	
0.475013	0.450747	0.074240	
0.000838	0.006980	0.992182	
0.137686	0.353613	0.508701	
0.016862	0.124728	0.858410	
0.166177	0.588093	0.245731	
0.083442	0.153487	0.763071	
0.569606	0.294989	0.135405	
0.106964	0.722170	0.170866	
0.006356	0.832647	0.160997	
0.030560	0.299138	0.670301	
0.550670	0.316415	0.132915	
0.032780	0.480252	0.486968	
0.765289	0.216467	0.018244	
0.013895	0.560022	0.426083	
0.454613	0.396056	0.149330	
0.042314	0.307673	0.650013	
0.640437	0.280227	0.079336	
0.067665	0.139888	0.792447	
0.029736	0.573040	0.397224	
0.725902	0.223047	0.051051	
0.519811	0.336819	0.143370	
0.363137	0.421678	0.215185	
0.034339	0.693539	0.272122	
0.035659	0.083490	0.880851	
0.092465	0.331308	0.576227	
0.326308	0.419305	0.254386	
0.056984	0.113286	0.829731	
0.042079	0.101788	0.856133	
0.005361	0.025138	0.969500	
0.000377	0.005750	0.993873	
0.006828	0.438762	0.554410	
0.016887	0.081720	0.901393	
0.046712	0.555991	0.397298	
0.045374	0.671394	0.283232	
0.757051	0.210111	0.032838	
0.100908	0.479942	0.419151	
0.002645	0.035750	0.961605	
0.001846	0.399632	0.598522	
0.116870	0.674909	0.208221	
0.003288	0.295459	0.701253	
0.007177	0.215806	0.777017	
0.056424	0.414137	0.529440	
0.362799	0.473173	0.164028	
0.002474	0.223070	0.774456	
0.016254	0.160850	0.822897	
0.002068	0.463545	0.534387	
0.002732	0.064413	0.932855	
0.687709	0.260481	0.051810	
0.001733	0.350080	0.648187	
0.010001	0.063147	0.926852	
0.049327	0.374821	0.575851	
0.010077	0.045422	0.944501	
0.016673	0.391137	0.592190	
0.004014	0.262304	0.733682	
0.172030	0.460546	0.367424	
0.003867	0.791405	0.204728	
0.249167	0.314071	0.436762	
0.043116	0.739602	0.217282	
0.322099	0.500509	0.177392	
0.076682	0.293868	0.629450	
0.416379	0.516794	0.066828	
0.255352	0.634388	0.110260	
0.890980	0.100692	0.008328	
0.584917	0.339756	0.075328	
0.589320	0.348278	0.062401	
0.637506	0.295997	0.066496	
0.639805	0.316327	0.043869	
0.818159	0.153380	0.028461	
0.039834	0.776591	0.183576	
0.219712	0.579200	0.201088	
0.775452	0.190636	0.033912	
0.618126	0.307447	0.074427	
0.574524	0.376808	0.048668	
0.055717	0.086451	0.857832	
0.437199	0.445545	0.117256	
0.601064	0.324429	0.074507	
0.356719	0.545115	0.098166	
0.410615	0.343138	0.246247	
0.591637	0.302742	0.105621	
0.243864	0.574507	0.181629	
0.647648	0.333582	0.018770	
0.769774	0.189484	0.040742	
0.566853	0.345984	0.087162	
0.035751	0.086759	0.877491	
0.363481	0.471992	0.164527	
0.090651	0.822061	0.087288	
0.524782	0.410235	0.064983	
0.185594	0.595833	0.218574	
0.703242	0.237264	0.059494	
0.022455	0.786124	0.191421	
0.468781	0.375237	0.155981	
0.585405	0.341572	0.073023	
0.418984	0.445311	0.135705	
0.513652	0.379131	0.107217	
0.631112	0.337629	0.031259	
0.731886	0.229831	0.038283	
0.892113	0.084840	0.023047	
0.619426	0.334299	0.046275	
0.642009	0.289788	0.068203	
0.627647	0.327038	0.045315	
0.202857	0.625696	0.171448	
0.818873	0.167243	0.013884	
0.714493	0.253937	0.031570	
0.505002	0.437620	0.057378	
0.522538	0.426034	0.051428	
0.314031	0.479576	0.206393	
0.501749	0.396077	0.102174	
0.734095	0.234671	0.031233	
0.491078	0.439301	0.069620	
0.575136	0.351969	0.072895	
0.422164	0.536749	0.041087	
0.283902	0.413058	0.303040	
0.828686	0.155089	0.016225	
0.633208	0.328508	0.038283	
0.031900	0.102656	0.865444	
0.600663	0.305815	0.093522	
0.591704	0.240109	0.168187	
0.540048	0.386917	0.073034	
0.393701	0.484697	0.121602	
0.671713	0.288335	0.039952	
0.023482	0.745825	0.230694	
0.294073	0.597153	0.108773	
0.438663	0.427184	0.134153	
0.224477	0.684416	0.091107	
0.365515	0.553706	0.080779	
0.026092	0.380329	0.593580	
0.489858	0.398729	0.111413	
0.732253	0.224822	0.042925	
0.844007	0.143778	0.012216	
0.897681	0.095716	0.006603	
0.374118	0.561932	0.063950	
0.452126	0.459625	0.088250	
0.369879	0.439916	0.190205	
0.613387	0.325262	0.061351	
0.707605	0.261491	0.030904	
0.643841	0.301326	0.054833	
0.005014	0.022189	0.972797	
0.793956	0.177220	0.028823	
0.630039	0.327587	0.042373	
0.526734	0.380611	0.092655	
0.127758	0.784052	0.088190	
0.223667	0.524555	0.251777	
0.743153	0.233874	0.022973	
0.723876	0.237262	0.038863	
0.391207	0.438242	0.170551	
0.294579	0.619628	0.085793	
0.573175	0.332151	0.094675	
0.667564	0.296059	0.036376	
0.576051	0.301216	0.122733	
0.576960	0.343739	0.079301	
0.624296	0.329381	0.046323	
0.078947	0.286752	0.634301	
0.557985	0.363531	0.078485	
0.012602	0.054698	0.932701	
0.662596	0.288037	0.049367	
0.525358	0.363861	0.110782	
0.392094	0.479043	0.128863	
0.179543	0.642367	0.178089	
0.481337	0.418091	0.100571	
0.637973	0.279232	0.082795	
0.278627	0.434771	0.286602	
0.737846	0.233804	0.028349	
0.411594	0.515990	0.072416	
0.103285	0.732106	0.164609	
0.015227	0.074019	0.910754	
0.041101	0.802357	0.156542	
0.120261	0.230153	0.649586	
0.013113	0.062045	0.924842	
0.338071	0.578844	0.083085	
0.091983	0.658636	0.249382	
0.183207	0.594540	0.222253	
0.016125	0.135459	0.848416	
0.520964	0.345337	0.133699	
0.030794	0.107361	0.861845	
0.120129	0.460975	0.418896	
0.011883	0.029907	0.958210	
0.525272	0.410276	0.064453	
0.690552	0.261795	0.047652	
0.797983	0.184191	0.017826	
0.288873	0.589486	0.121641	
0.525184	0.333143	0.141673	
0.003751	0.121709	0.874540	
0.688289	0.262007	0.049704	
0.026366	0.616228	0.357406	
0.506919	0.432675	0.060406	
0.154130	0.272192	0.573678	
0.033383	0.182872	0.783745	
0.252961	0.553811	0.193229	
0.389731	0.439622	0.170647	
0.000564	0.007723	0.991713	
0.714424	0.261299	0.024277	
0.312490	0.511285	0.176225	
0.443135	0.483780	0.073085	
0.918191	0.076638	0.005172	
0.444079	0.481336	0.074584	
0.247279	0.594166	0.158555	
0.028010	0.142082	0.829908	
0.008997	0.073488	0.917515	
0.159055	0.261466	0.579479	
0.522364	0.374360	0.103276	
0.869574	0.119777	0.010649	
0.466051	0.471661	0.062288	
0.119389	0.659033	0.221577	
0.022523	0.090624	0.886852	
0.415203	0.507147	0.077650	
0.579985	0.284700	0.135315	
0.360135	0.538496	0.101368	
0.474465	0.321442	0.204094	
0.635860	0.306398	0.057742	
0.360241	0.542153	0.097606	
0.329139	0.319398	0.351463	
0.032170	0.322257	0.645573	
0.395738	0.276791	0.327470	
0.022744	0.107718	0.869538	
0.402482	0.311779	0.285739	
0.329877	0.594836	0.075287	
0.324142	0.356981	0.318877	
0.755339	0.207719	0.036942	
0.611720	0.309085	0.079194	
0.165171	0.618802	0.216028	
0.238151	0.617456	0.144392	
0.628205	0.298297	0.073498	
0.119892	0.420200	0.459909	
0.690297	0.271126	0.038577	
0.124204	0.687199	0.188597	
0.247569	0.366392	0.386039	
0.520293	0.318991	0.160715	
0.490697	0.355646	0.153657	
0.212144	0.283667	0.504188	
0.182975	0.677066	0.139959	
0.818050	0.164176	0.017774	
0.591501	0.321635	0.086864	
0.818878	0.159717	0.021405	
0.416231	0.381890	0.201879	
0.066576	0.152077	0.781347	
0.376568	0.482370	0.141062	
0.368185	0.376840	0.254975	
0.544663	0.397509	0.057828	
0.157771	0.410173	0.432056	
0.394570	0.442234	0.163196	
0.303276	0.340717	0.356006	
0.083714	0.764990	0.151296	
0.124444	0.568116	0.307440	
0.018716	0.776420	0.204864	
0.469918	0.443837	0.086244	
0.322916	0.508580	0.168503	
0.113395	0.550731	0.335873	
0.584405	0.314478	0.101116	
0.138491	0.353297	0.508212	
0.362066	0.352239	0.285694	
0.636600	0.347427	0.015972	
0.594851	0.318128	0.087021	
0.088943	0.688392	0.222665	
0.486735	0.397091	0.116174	
0.516749	0.378916	0.104335	
0.347521	0.514461	0.138018	
0.121338	0.179981	0.698681	
0.385809	0.417095	0.197096	
0.049157	0.750748	0.200095	
0.274612	0.332729	0.392659	
0.044167	0.787404	0.168429	
0.223830	0.638367	0.137803	
0.008470	0.292776	0.698754	
0.463169	0.414386	0.122444	
0.088304	0.273886	0.637810	
0.213845	0.695879	0.090276	
0.011589	0.804811	0.183599	
0.401543	0.506172	0.092285	
0.169910	0.358419	0.471671	
0.050044	0.831895	0.118061	
0.028097	0.858012	0.113891	
0.126685	0.734042	0.139273	
0.051829	0.775145	0.173026	
0.644757	0.289852	0.065391	
0.909191	0.082340	0.008470	
0.312067	0.599697	0.088236	
0.743586	0.235582	0.020832	
0.226996	0.664387	0.108617	
0.219343	0.641393	0.139264	
0.394110	0.386301	0.219589	
0.623214	0.310592	0.066194	
0.484091	0.468526	0.047383	
0.186974	0.586426	0.226600	
0.263507	0.566590	0.169902	
0.166313	0.435341	0.398345	
0.776084	0.188657	0.035259	
0.646586	0.290988	0.062426	
0.138710	0.619647	0.241643	
0.397738	0.466492	0.135770	
0.538287	0.329260	0.132453	
0.478288	0.387417	0.134296	
0.615222	0.309764	0.075014	
0.169405	0.639522	0.191072	
0.107186	0.765764	0.127049	
0.060770	0.663163	0.276067	
0.136499	0.719402	0.144100	
0.162621	0.456993	0.380387	
0.193911	0.606712	0.199377	
0.237557	0.542865	0.219578	
0.462180	0.439743	0.098077	
0.067318	0.556707	0.375975	
0.369058	0.377132	0.253810	
0.025648	0.778684	0.195669	
0.062976	0.680411	0.256613	
0.305311	0.598947	0.095742	
0.122240	0.770043	0.107717	
0.016435	0.757075	0.226490	
0.353884	0.448158	0.197958	
0.008243	0.638615	0.353142	
0.237769	0.564363	0.197868	
0.060927	0.735723	0.203350	
0.419913	0.507669	0.072418	
0.475701	0.440761	0.083538	
0.088850	0.598293	0.312857	
0.417996	0.475375	0.106629	
0.039373	0.323905	0.636723	
0.429503	0.506849	0.063649	
0.665693	0.296449	0.037858	
0.304632	0.542997	0.152371	
0.366891	0.404284	0.228825	
0.338942	0.551732	0.109325	
0.686281	0.261143	0.052576	
0.419619	0.481394	0.098987	
0.409120	0.454831	0.136050	
0.035327	0.262034	0.702639	
0.323540	0.484329	0.192131	
0.323760	0.538244	0.137996	
0.534221	0.330495	0.135284	
0.024721	0.653815	0.321464	
0.034807	0.616279	0.348914	
0.092028	0.637427	0.270544	
0.289434	0.348694	0.361872	
0.132798	0.676436	0.190766	
0.170122	0.679801	0.150077	
0.246836	0.525238	0.227926	
0.170497	0.224908	0.604596	
0.403673	0.512979	0.083347	
0.272428	0.603540	0.124032	
0.008041	0.361855	0.630104	
0.526988	0.321302	0.151710	
0.477995	0.450482	0.071523	
0.400645	0.475871	0.123485	
0.441151	0.434958	0.123890	
0.284560	0.456192	0.259247	
0.423795	0.303655	0.272550	
0.225633	0.551839	0.222528	
0.014059	0.491587	0.494354	
0.520697	0.391915	0.087389	
0.017789	0.677746	0.304465	
0.556854	0.353196	0.089950	
0.414048	0.392808	0.193144	
0.848547	0.135197	0.016257	
0.118839	0.721223	0.159938	
0.390030	0.490003	0.119966	
0.536971	0.322615	0.140415	
0.433478	0.470482	0.096040	
0.217858	0.450338	0.331803	
0.593812	0.265221	0.140967	
0.473152	0.430830	0.096018	
0.694453	0.263065	0.042482	
0.276752	0.501862	0.221385	
0.015047	0.041354	0.943598	
0.002452	0.025975	0.971572	
0.084435	0.165745	0.749820	
0.529156	0.408000	0.062845	
0.607971	0.338495	0.053534	
0.073490	0.789872	0.136638	
0.686023	0.253975	0.060003	
0.223294	0.552042	0.224663	
0.500014	0.383038	0.116949	
0.494139	0.390844	0.115017	
0.577733	0.332308	0.089959	
0.076073	0.468992	0.454935	
0.160680	0.375445	0.463875	
0.230486	0.535697	0.233817	
0.455341	0.475234	0.069425	
0.406434	0.486337	0.107229	
0.828560	0.156590	0.014850	
0.255352	0.634388	0.110260	
0.870950	0.118860	0.010191	
0.042357	0.673602	0.284041	
0.184874	0.508712	0.306415	
0.693666	0.269543	0.036791	
0.381377	0.444601	0.174022	
0.562843	0.362535	0.074622	
0.701326	0.273172	0.025502	
0.410615	0.343138	0.246247	
0.361635	0.528184	0.110180	
0.430640	0.439889	0.129470	
0.046591	0.112803	0.840605	
0.418410	0.404867	0.176724	
0.675223	0.281176	0.043601	
0.375710	0.485098	0.139193	
0.800216	0.180027	0.019757	
0.002975	0.794798	0.202227	
0.600765	0.313409	0.085827	
0.462154	0.387628	0.150219	
0.410218	0.416843	0.172939	
0.540294	0.353797	0.105909	
0.257411	0.591929	0.150660	
0.745082	0.226286	0.028631	
0.370818	0.462662	0.166521	
0.348720	0.576275	0.075006	
0.529045	0.383709	0.087246	
0.191926	0.697404	0.110670	
0.895948	0.098994	0.005058	
0.357052	0.479796	0.163152	
0.032592	0.762352	0.205056	
0.632673	0.318151	0.049176	
0.045502	0.091136	0.863362	
0.545309	0.402517	0.052174	
0.683426	0.237275	0.079299	
0.225509	0.572062	0.202429	
0.095839	0.638266	0.265895	
0.662314	0.282586	0.055101	
0.228841	0.374169	0.396991	
0.354413	0.543415	0.102172	
0.430491	0.513221	0.056289	
0.509579	0.371913	0.118508	
0.059246	0.121300	0.819454	
0.102100	0.302670	0.595230	
0.121919	0.666424	0.211657	
0.001503	0.028585	0.969912	
0.307414	0.504028	0.188558	
0.000178	0.002662	0.997160	
0.012172	0.703846	0.283982	
0.010219	0.563890	0.425891	
0.005724	0.176234	0.818043	
0.523319	0.303773	0.172908	
0.002857	0.107825	0.889319	
0.496421	0.350722	0.152858	
0.149543	0.257128	0.593329	
0.079279	0.528985	0.391735	
0.003749	0.036085	0.960166	
0.000662	0.019078	0.980261	
0.034388	0.614863	0.350750	
0.046676	0.491569	0.461754	
0.673396	0.233793	0.092812	
0.008740	0.240892	0.750368	
0.583351	0.329365	0.087284	
0.010052	0.352663	0.637285	
0.046625	0.099925	0.853450	
0.021180	0.658698	0.320122	
0.029095	0.142833	0.828072	
0.004783	0.089725	0.905491	
0.004606	0.097276	0.898118	
0.010823	0.092867	0.896310	
0.023720	0.241194	0.735086	
0.573386	0.274749	0.151865	
0.661256	0.251935	0.086809	
0.173075	0.269600	0.557325	
0.008017	0.607932	0.384051	
0.010594	0.068816	0.920590	
0.002219	0.024266	0.973515	
0.010337	0.317565	0.672098	
0.365098	0.446700	0.188202	
0.006205	0.586915	0.406880	
0.079646	0.287381	0.632973	
0.073427	0.259808	0.666765	
0.091948	0.334379	0.573673	
0.014508	0.407421	0.578071	
0.553126	0.355805	0.091070	
0.004452	0.421305	0.574242	
0.019364	0.259355	0.721282	
0.001506	0.343334	0.655161	
0.001433	0.054310	0.944257	
0.199593	0.420664	0.379743	
0.012547	0.403379	0.584073	
0.220501	0.488462	0.291037	
0.003261	0.025080	0.971659	
0.355398	0.422106	0.222496	
0.458992	0.384947	0.156061	
0.012452	0.316961	0.670587	
0.486433	0.364365	0.149202	
0.290838	0.436565	0.272597	
0.011627	0.136323	0.852050	
0.330052	0.395201	0.274747	
0.009202	0.050854	0.939944	
0.020553	0.675003	0.304444	
0.493370	0.294399	0.212232	
0.000590	0.018448	0.980962	
0.029315	0.258253	0.712432	
0.016221	0.188483	0.795296	
0.028592	0.131535	0.839873	
0.010238	0.314577	0.675185	
0.007013	0.248721	0.744266	
0.663859	0.275438	0.060703	
0.012379	0.154551	0.833070	
0.423550	0.340769	0.235680	
0.450332	0.392497	0.157171	
0.148262	0.614325	0.237413	
0.040206	0.564104	0.395691	
0.694089	0.225544	0.080368	
0.015001	0.476358	0.508641	
0.009227	0.754773	0.236000	
0.280003	0.564545	0.155452	
0.506282	0.343422	0.150296	
0.011019	0.628643	0.360338	
0.406869	0.345842	0.247289	
0.405644	0.357497	0.236858	
0.014214	0.723155	0.262632	
0.020102	0.323086	0.656812	
0.047307	0.448769	0.503925	
0.330068	0.334441	0.335490	
0.017362	0.078276	0.904362	
0.826523	0.148600	0.024877	
0.002348	0.324259	0.673393	
0.021879	0.442849	0.535271	
0.068124	0.301450	0.630426	
0.506901	0.344016	0.149083	
0.010593	0.585512	0.403894	
0.481789	0.363221	0.154990	
0.011582	0.416456	0.571962	
0.029955	0.327261	0.642784	
0.866083	0.115897	0.018020	
0.383991	0.384199	0.231810	
0.042762	0.585669	0.371569	
0.258390	0.318215	0.423395	
0.003593	0.064867	0.931540	
0.014278	0.158516	0.827206	
0.034366	0.281100	0.684534	
0.069159	0.281097	0.649745	
0.017892	0.041294	0.940814	
0.004437	0.523538	0.472025	
0.037544	0.664104	0.298352	
0.005409	0.047549	0.947042	
0.017635	0.431438	0.550927	
0.513739	0.338473	0.147788	
0.476109	0.388222	0.135669	
0.121913	0.472150	0.405937	
0.018557	0.222290	0.759153	
0.652438	0.261492	0.086071	
0.210895	0.469888	0.319217	
0.020734	0.597950	0.381316	
0.138229	0.362941	0.498831	
0.002950	0.025204	0.971847	
0.006980	0.092234	0.900787	
0.027640	0.381569	0.590791	
0.006688	0.766083	0.227229	
0.000438	0.003428	0.996134	
0.211831	0.319569	0.468600	
0.553056	0.319549	0.127395	
0.191803	0.465288	0.342909	
0.029860	0.468903	0.501237	
0.621226	0.289952	0.088823	
0.001677	0.022821	0.975502	
0.017986	0.509578	0.472436	
0.001224	0.026692	0.972084	
0.308096	0.368963	0.322941	
0.006238	0.100425	0.893338	
0.019655	0.337448	0.642897	
0.013255	0.419294	0.567450	
0.008140	0.066145	0.925714	
0.004341	0.040311	0.955348	
0.317678	0.594067	0.088256	
0.185542	0.596468	0.217990	
0.010286	0.651877	0.337837	
0.278988	0.269312	0.451701	
0.010916	0.407183	0.581901	
0.458360	0.380462	0.161179	
0.029271	0.394980	0.575749	
0.000750	0.009465	0.989785	
0.029176	0.764006	0.206818	
0.103503	0.406754	0.489743	
0.003409	0.033417	0.963174	
0.061509	0.625605	0.312886	
0.013403	0.278029	0.708568	
0.002388	0.474999	0.522613	
0.122473	0.289985	0.587541	
0.006433	0.049345	0.944221	
0.009577	0.387023	0.603401	
0.761314	0.207110	0.031576	
0.013221	0.064995	0.921784	
0.117610	0.492259	0.390131	
0.055043	0.380746	0.564211	
0.433850	0.369507	0.196643	
0.003525	0.014631	0.981845	
0.134376	0.575280	0.290343	
0.005671	0.046678	0.947651	
0.006755	0.192580	0.800665	
0.232575	0.496711	0.270714	
0.217335	0.262739	0.519926	
0.047822	0.164758	0.787420	
0.022230	0.053897	0.923873	
0.021660	0.158045	0.820296	
0.583564	0.265019	0.151417	
0.009425	0.033086	0.957489	
0.071647	0.365740	0.562612	
0.009532	0.093450	0.897018	
0.135546	0.468079	0.396375	
0.015454	0.098923	0.885623	
0.687781	0.255235	0.056984	
0.008675	0.435443	0.555882	
0.053785	0.146291	0.799924	
0.009889	0.091592	0.898518	
0.023263	0.112245	0.864492	
0.281922	0.336326	0.381752	
0.034180	0.392831	0.572989	
0.038315	0.325145	0.636540	
0.047831	0.292207	0.659962	
