0.152531	0.212328	0.635141	
0.456430	0.344391	0.199179	
0.007229	0.661298	0.331472	
0.543950	0.342682	0.113368	
0.387830	0.410797	0.201373	
0.619686	0.252001	0.128313	
0.022157	0.261433	0.716411	
0.658687	0.262245	0.079068	
0.009360	0.112334	0.878307	
0.581911	0.302112	0.115976	
0.290608	0.425430	0.283962	
0.238223	0.527391	0.234386	
0.014503	0.391289	0.594209	
0.223402	0.406907	0.369691	
0.003571	0.400414	0.596015	
0.329004	0.417086	0.253910	
0.669150	0.266705	0.064145	
0.033557	0.453285	0.513158	
0.099920	0.302835	0.597246	
0.778589	0.186742	0.034669	
0.002677	0.019803	0.977520	
0.011170	0.279198	0.709632	
0.002487	0.043895	0.953618	
0.021694	0.511759	0.466547	
0.450929	0.352093	0.196978	
0.812305	0.157487	0.030208	
0.118448	0.632459	0.249093	
0.082836	0.174424	0.742740	
0.231451	0.467492	0.301056	
0.132752	0.650670	0.216578	
0.023665	0.701319	0.275017	
0.901773	0.089589	0.008638	
0.570740	0.309739	0.119521	
0.024504	0.324654	0.650842	
0.001906	0.013426	0.984668	
0.001230	0.486998	0.511772	
0.720884	0.223786	0.055331	
0.425732	0.417620	0.156648	
0.001001	0.016284	0.982714	
0.001626	0.029947	0.968426	
0.816601	0.161525	0.021874	
0.672832	0.252185	0.074984	
0.744303	0.211862	0.043835	
0.028622	0.443235	0.528143	
0.009834	0.049580	0.940587	
0.002387	0.524916	0.472697	
0.013123	0.354958	0.631918	
0.380064	0.423907	0.196029	
0.123491	0.500725	0.375784	
0.720213	0.221148	0.058639	
0.010883	0.662706	0.326410	
0.004596	0.070099	0.925306	
0.092746	0.442155	0.465098	
0.051084	0.270138	0.678778	
0.013160	0.157647	0.829193	
0.652324	0.274728	0.072948	
0.791472	0.170205	0.038323	
0.765335	0.186052	0.048613	
0.068012	0.417047	0.514940	
0.019152	0.073995	0.906853	
0.012882	0.204805	0.782313	
0.757393	0.196428	0.046179	
0.445807	0.369241	0.184952	
0.014805	0.448292	0.536903	
0.057697	0.558637	0.383667	
0.404745	0.280545	0.314710	
0.003521	0.053432	0.943047	
0.002116	0.016153	0.981731	
0.000383	0.006885	0.992732	
0.038233	0.699740	0.262027	
0.012318	0.418871	0.568812	
0.404438	0.400331	0.195231	
0.496972	0.326665	0.176363	
0.419573	0.482307	0.098120	
0.723464	0.228773	0.047763	
0.012448	0.241016	0.746535	
0.000729	0.005469	0.993802	
0.016411	0.562069	0.421520	
0.014549	0.227412	0.758040	
0.319967	0.381322	0.298711	
0.004485	0.051687	0.943828	
0.348383	0.469007	0.182609	
0.899398	0.090692	0.009910	
0.590992	0.290652	0.118355	
0.003256	0.573128	0.423616	
0.002575	0.248779	0.748646	
0.008806	0.657344	0.333851	
0.185116	0.359180	0.455704	
0.313873	0.382946	0.303181	
0.021083	0.424879	0.554038	
0.306182	0.416384	0.277433	
0.002070	0.022185	0.975745	
0.523331	0.324896	0.151773	
0.006390	0.448577	0.545033	
0.011490	0.173921	0.814589	
0.002421	0.430320	0.567259	
0.008011	0.037273	0.954716	
0.243482	0.557065	0.199453	
0.009525	0.365053	0.625423	
0.023430	0.058015	0.918555	
0.004370	0.025800	0.969830	
0.008109	0.058406	0.933485	
0.005024	0.588161	0.406814	
0.018846	0.080013	0.901140	
0.014645	0.238620	0.746735	
0.006095	0.130382	0.863522	
0.003691	0.539582	0.456728	
0.163099	0.417100	0.419801	
0.016285	0.344767	0.638948	
0.097719	0.216204	0.686077	
0.664420	0.259125	0.076455	
0.004316	0.325963	0.669721	
0.553867	0.318068	0.128066	
0.126821	0.443787	0.429392	
0.004598	0.749315	0.246087	
0.009107	0.677335	0.313558	
0.009572	0.300880	0.689548	
0.002088	0.251646	0.746266	
0.525749	0.300473	0.173778	
0.005047	0.559477	0.435476	
0.051925	0.340709	0.607367	
0.180750	0.507112	0.312139	
0.281934	0.370700	0.347366	
0.465071	0.387759	0.147170	
0.011899	0.474969	0.513132	
0.050790	0.612657	0.336553	
0.026172	0.060227	0.913601	
0.003036	0.033183	0.963781	
0.001332	0.029376	0.969292	
0.400392	0.477716	0.121892	
0.010645	0.738168	0.251188	
0.121449	0.619173	0.259379	
0.004840	0.183729	0.811431	
0.000188	0.008074	0.991739	
0.134858	0.464674	0.400467	
0.005995	0.302715	0.691290	
0.006341	0.251570	0.742088	
0.151263	0.261606	0.587131	
0.280559	0.373459	0.345983	
0.017720	0.717526	0.264755	
0.000874	0.009824	0.989302	
0.003695	0.774465	0.221840	
0.146363	0.511491	0.342146	
0.002287	0.314807	0.682907	
0.026143	0.104270	0.869588	
0.013853	0.441825	0.544322	
0.011692	0.316776	0.671531	
0.011524	0.460694	0.527782	
0.013400	0.234495	0.752105	
0.012491	0.404832	0.582677	
0.010699	0.596172	0.393129	
0.002345	0.778581	0.219074	
0.005319	0.514593	0.480088	
0.133081	0.627347	0.239572	
0.112788	0.622373	0.264839	
0.008476	0.205214	0.786310	
0.002160	0.181674	0.816166	
0.092863	0.352214	0.554923	
0.021929	0.473602	0.504468	
0.006158	0.070520	0.923322	
0.006078	0.705155	0.288767	
0.051422	0.227743	0.720834	
0.069962	0.577094	0.352944	
0.005277	0.539382	0.455341	
0.007198	0.285659	0.707143	
0.005260	0.109018	0.885723	
0.568902	0.201416	0.229682	
0.001954	0.021586	0.976460	
0.409605	0.444540	0.145855	
0.019344	0.290944	0.689712	
0.001905	0.018865	0.979231	
0.361384	0.463191	0.175425	
0.011502	0.569029	0.419469	
0.033901	0.621195	0.344904	
0.073289	0.578093	0.348617	
0.002054	0.253045	0.744901	
0.005251	0.793862	0.200887	
0.009566	0.071748	0.918686	
0.067478	0.400415	0.532107	
0.009330	0.346373	0.644297	
0.658484	0.269254	0.072262	
0.491284	0.324989	0.183727	
0.174591	0.484074	0.341335	
0.795527	0.178511	0.025962	
0.003849	0.059849	0.936302	
0.143212	0.187427	0.669362	
0.009035	0.174252	0.816713	
0.156095	0.623827	0.220078	
0.006629	0.706996	0.286375	
0.010562	0.638960	0.350478	
0.079625	0.704247	0.216127	
0.009413	0.213068	0.777518	
0.025340	0.431116	0.543544	
0.002642	0.064253	0.933105	
0.042077	0.529749	0.428173	
0.195596	0.326120	0.478284	
0.320573	0.552198	0.127229	
0.003965	0.068410	0.927625	
0.468243	0.339153	0.192604	
0.020177	0.432354	0.547469	
0.020650	0.483405	0.495945	
0.231406	0.370697	0.397897	
0.001392	0.019251	0.979357	
0.097729	0.449851	0.452420	
0.024874	0.311864	0.663262	
0.012906	0.408293	0.578800	
0.024385	0.690068	0.285547	
0.003986	0.265043	0.730971	
0.022343	0.650777	0.326880	
0.414567	0.369766	0.215667	
0.056064	0.339121	0.604814	
0.009491	0.642953	0.347557	
0.035851	0.528997	0.435152	
0.016031	0.636186	0.347784	
0.216769	0.495071	0.288160	
0.232654	0.442247	0.325099	
0.012012	0.433517	0.554471	
0.041312	0.651807	0.306881	
0.149785	0.219988	0.630227	
0.657836	0.252285	0.089879	
0.013719	0.055110	0.931171	
0.002178	0.355457	0.642365	
0.003525	0.151245	0.845230	
0.172407	0.481091	0.346502	
0.013772	0.641767	0.344461	
0.346645	0.417016	0.236339	
0.091045	0.430206	0.478748	
0.001754	0.119383	0.878863	
0.008819	0.071251	0.919930	
0.012658	0.199960	0.787383	
0.005864	0.131795	0.862341	
0.090186	0.406120	0.503695	
0.026283	0.254423	0.719294	
0.267293	0.502223	0.230484	
0.004653	0.185621	0.809725	
0.011924	0.217326	0.770750	
0.754978	0.198182	0.046840	
0.005433	0.579311	0.415256	
0.008415	0.205409	0.786176	
0.046844	0.376505	0.576651	
0.015541	0.533439	0.451020	
0.475225	0.407891	0.116884	
0.004270	0.376575	0.619155	
0.047074	0.521376	0.431550	
0.153338	0.391703	0.454959	
0.014592	0.255086	0.730321	
0.039777	0.438649	0.521574	
0.358367	0.453914	0.187719	
0.007585	0.144327	0.848088	
0.559906	0.252340	0.187753	
0.020191	0.335972	0.643836	
0.036626	0.230920	0.732453	
0.380278	0.491599	0.128123	
0.015792	0.293863	0.690346	
0.836929	0.137683	0.025388	
0.008958	0.273729	0.717313	
0.378802	0.514052	0.107146	
0.007628	0.087694	0.904678	
0.580392	0.301847	0.117761	
0.602872	0.266542	0.130586	
0.132538	0.284449	0.583013	
0.000891	0.023315	0.975794	
0.005715	0.399354	0.594931	
0.017592	0.688193	0.294215	
0.003597	0.429504	0.566899	
0.235370	0.469504	0.295127	
0.000099	0.001644	0.998257	
0.012004	0.615966	0.372030	
0.083756	0.206801	0.709443	
0.000096	0.002368	0.997536	
0.599799	0.314161	0.086040	
0.115291	0.298929	0.585779	
0.021717	0.217391	0.760892	
0.443272	0.399553	0.157176	
0.002143	0.033661	0.964196	
0.008707	0.434987	0.556306	
0.046992	0.440403	0.512605	
0.125461	0.638707	0.235831	
0.813266	0.146056	0.040678	
0.003495	0.421268	0.575237	
0.474201	0.349954	0.175845	
0.002891	0.038256	0.958853	
0.043399	0.413880	0.542721	
0.089484	0.399595	0.510921	
0.011358	0.066920	0.921722	
0.037795	0.078433	0.883772	
0.000358	0.010037	0.989605	
0.093295	0.149268	0.757437	
0.011712	0.073639	0.914649	
0.429114	0.395286	0.175599	
0.002047	0.106450	0.891503	
0.048057	0.371833	0.580110	
0.004018	0.152655	0.843327	
0.138511	0.495224	0.366264	
0.002924	0.019180	0.977896	
0.736902	0.214163	0.048936	
0.550544	0.325264	0.124192	
0.004547	0.061818	0.933635	
0.393794	0.416753	0.189453	
0.000987	0.008289	0.990723	
0.356046	0.456034	0.187920	
0.006904	0.047302	0.945794	
0.389240	0.316769	0.293991	
0.041852	0.195014	0.763135	
0.079194	0.585691	0.335115	
0.006570	0.550938	0.442492	
0.094225	0.312478	0.593297	
0.563085	0.320534	0.116381	
0.817515	0.153301	0.029184	
0.005151	0.051287	0.943561	
0.269852	0.380751	0.349396	
0.024207	0.352054	0.623739	
0.225901	0.386224	0.387876	
0.329778	0.405494	0.264728	
0.033757	0.118301	0.847942	
0.764497	0.198001	0.037502	
0.086749	0.197353	0.715898	
0.096223	0.426583	0.477194	
0.023108	0.558530	0.418362	
0.045959	0.540877	0.413164	
0.142613	0.534721	0.322666	
0.000199	0.002217	0.997584	
0.430400	0.395457	0.174143	
0.015624	0.395461	0.588914	
0.019998	0.366056	0.613945	
0.478662	0.294972	0.226366	
0.059576	0.550900	0.389524	
0.184346	0.449123	0.366531	
0.119439	0.481394	0.399167	
0.040821	0.530338	0.428841	
0.023606	0.468950	0.507443	
0.010035	0.462612	0.527354	
0.203432	0.339261	0.457307	
0.027211	0.424509	0.548280	
0.002599	0.053933	0.943469	
0.006038	0.224789	0.769173	
0.071475	0.549309	0.379216	
0.014802	0.360363	0.624835	
0.211836	0.497683	0.290481	
0.025320	0.333682	0.640998	
0.005444	0.036727	0.957829	
0.007655	0.132148	0.860197	
0.204724	0.403807	0.391469	
0.006108	0.054903	0.938989	
0.013727	0.660376	0.325897	
0.004222	0.129133	0.866645	
0.023865	0.360084	0.616051	
0.774809	0.192610	0.032580	
0.005280	0.435095	0.559626	
0.038633	0.550407	0.410961	
0.015397	0.687310	0.297292	
0.190020	0.355626	0.454354	
0.308568	0.302544	0.388888	
0.064418	0.666104	0.269478	
0.613317	0.294570	0.092114	
0.053696	0.239958	0.706345	
0.035475	0.533807	0.430718	
0.005872	0.091350	0.902778	
0.004407	0.122262	0.873331	
0.003241	0.063989	0.932770	
0.020177	0.432354	0.547469	
0.204375	0.403107	0.392518	
0.097356	0.337003	0.565641	
0.307212	0.354924	0.337864	
0.019301	0.491826	0.488873	
0.633720	0.262398	0.103882	
0.020520	0.267866	0.711614	
0.008124	0.043889	0.947987	
0.017235	0.177839	0.804926	
0.004939	0.026942	0.968119	
0.008310	0.116227	0.875462	
0.463372	0.371314	0.165314	
0.006293	0.335086	0.658620	
0.032140	0.446013	0.521847	
0.012130	0.161347	0.826523	
0.131716	0.168544	0.699741	
0.070927	0.509543	0.419529	
0.003683	0.126313	0.870003	
0.669698	0.242785	0.087517	
0.020900	0.686683	0.292417	
0.001555	0.132421	0.866023	
0.517005	0.328887	0.154108	
0.004485	0.042484	0.953031	
0.421429	0.451873	0.126698	
0.000383	0.007236	0.992380	
0.026949	0.342649	0.630402	
0.135623	0.620303	0.244074	
0.021300	0.237359	0.741341	
0.464541	0.396404	0.139055	
0.027849	0.452857	0.519294	
0.115899	0.304401	0.579700	
0.184460	0.289918	0.525622	
0.369562	0.437641	0.192797	
0.499838	0.352661	0.147501	
0.201283	0.490950	0.307767	
0.155870	0.298510	0.545620	
0.076302	0.487040	0.436658	
0.407010	0.390281	0.202709	
0.759173	0.195691	0.045136	
0.575194	0.311307	0.113499	
0.559948	0.339434	0.100617	
0.852749	0.131737	0.015514	
0.554606	0.355353	0.090041	
0.298868	0.442735	0.258397	
0.327051	0.430512	0.242437	
0.567263	0.323533	0.109205	
0.004273	0.030186	0.965541	
0.019292	0.278966	0.701743	
0.608669	0.297653	0.093678	
0.025587	0.703610	0.270802	
0.511540	0.342856	0.145604	
0.337373	0.469826	0.192801	
0.439280	0.359943	0.200777	
0.027854	0.675132	0.297014	
0.587660	0.296275	0.116065	
0.462549	0.388584	0.148867	
0.061423	0.626368	0.312209	
0.489939	0.287486	0.222576	
0.054527	0.501270	0.444203	
0.060883	0.375434	0.563684	
0.262243	0.513473	0.224284	
0.520108	0.343632	0.136260	
0.482315	0.345723	0.171962	
0.318682	0.342748	0.338570	
0.531397	0.376420	0.092183	
0.656123	0.275248	0.068629	
0.009001	0.035411	0.955588	
0.356657	0.313825	0.329519	
0.018632	0.108197	0.873171	
0.073098	0.598301	0.328601	
0.303623	0.458772	0.237605	
0.240607	0.456512	0.302881	
0.011066	0.041500	0.947434	
0.013883	0.690438	0.295679	
0.001049	0.041325	0.957626	
0.257543	0.384191	0.358266	
0.041470	0.515568	0.442963	
0.483074	0.383938	0.132988	
0.045948	0.337788	0.616264	
0.584185	0.311805	0.104010	
0.064664	0.614108	0.321228	
0.040943	0.556804	0.402253	
0.387296	0.316433	0.296272	
0.015007	0.622997	0.361996	
0.646980	0.241422	0.111598	
0.047991	0.581082	0.370927	
0.298611	0.449117	0.252272	
0.693402	0.247247	0.059351	
0.519201	0.376869	0.103930	
0.048451	0.535819	0.415730	
0.053615	0.565152	0.381233	
0.159884	0.495126	0.344990	
0.593537	0.277710	0.128754	
0.157830	0.269246	0.572924	
0.016747	0.628145	0.355108	
0.596775	0.316014	0.087211	
0.411023	0.443555	0.145422	
0.059987	0.513540	0.426473	
0.129640	0.699081	0.171279	
0.044265	0.708239	0.247496	
0.841795	0.151755	0.006450	
0.268053	0.586729	0.145218	
0.158687	0.526599	0.314714	
0.491810	0.352912	0.155278	
0.853057	0.136575	0.010367	
0.876173	0.115901	0.007926	
0.800965	0.174843	0.024192	
0.542429	0.413173	0.044398	
0.858222	0.132972	0.008806	
0.861636	0.126517	0.011846	
0.779534	0.204629	0.015837	
0.725859	0.244722	0.029420	
0.009868	0.030053	0.960079	
0.814018	0.172311	0.013671	
0.516370	0.370397	0.113232	
0.316459	0.567353	0.116188	
0.001817	0.014174	0.984009	
0.244359	0.685873	0.069768	
0.473260	0.423452	0.103288	
0.897034	0.095058	0.007908	
0.532379	0.414070	0.053551	
0.032540	0.761274	0.206187	
0.182535	0.650194	0.167271	
0.089329	0.718458	0.192213	
0.007891	0.856586	0.135523	
0.021909	0.699494	0.278597	
0.054355	0.631422	0.314223	
0.197712	0.714635	0.087653	
0.405975	0.497106	0.096919	
0.051030	0.718841	0.230129	
0.432203	0.420753	0.147044	
0.169090	0.449963	0.380946	
0.100020	0.728766	0.171215	
0.391710	0.512685	0.095606	
0.746328	0.218219	0.035453	
0.138279	0.708450	0.153271	
0.074772	0.537739	0.387489	
0.258764	0.628786	0.112451	
0.019979	0.725608	0.254413	
0.350810	0.549486	0.099704	
0.337449	0.461835	0.200716	
0.017453	0.329652	0.652895	
0.094348	0.166255	0.739397	
0.689688	0.267944	0.042368	
0.781635	0.189681	0.028684	
0.314154	0.604725	0.081121	
0.428141	0.480604	0.091255	
0.154455	0.746725	0.098820	
0.636850	0.341312	0.021838	
0.064269	0.768996	0.166735	
0.469882	0.464112	0.066005	
0.800951	0.184149	0.014900	
0.048696	0.732079	0.219225	
0.048962	0.819594	0.131443	
0.297043	0.639601	0.063356	
0.616195	0.288292	0.095513	
0.406226	0.433933	0.159841	
0.214082	0.692696	0.093222	
0.202281	0.641010	0.156709	
0.202895	0.707235	0.089870	
0.253147	0.637448	0.109406	
0.442943	0.436682	0.120375	
0.361890	0.556182	0.081928	
0.619730	0.316563	0.063707	
0.019203	0.755935	0.224862	
0.352441	0.383925	0.263634	
0.093477	0.730891	0.175632	
0.078312	0.614463	0.307225	
0.146622	0.693366	0.160012	
0.409757	0.423972	0.166271	
0.052149	0.669964	0.277887	
0.163172	0.313906	0.522922	
0.084544	0.789669	0.125787	
0.108912	0.301126	0.589962	
0.523077	0.405501	0.071422	
0.067433	0.619092	0.313475	
0.165031	0.699782	0.135187	
0.397560	0.500968	0.101472	
0.260774	0.687557	0.051669	
0.665508	0.266206	0.068286	
0.535958	0.369319	0.094723	
0.175310	0.231568	0.593122	
0.780394	0.198495	0.021111	
0.310012	0.500209	0.189779	
0.417942	0.361933	0.220125	
0.002855	0.624793	0.372352	
0.007001	0.654929	0.338070	
0.248536	0.434109	0.317355	
0.000240	0.003073	0.996688	
0.578682	0.292935	0.128383	
0.243304	0.470845	0.285851	
0.011781	0.710445	0.277774	
0.505790	0.372346	0.121865	
0.000078	0.001745	0.998177	
0.004014	0.138884	0.857102	
0.087074	0.500918	0.412007	
0.047703	0.417218	0.535079	
0.030919	0.653951	0.315131	
0.182557	0.574114	0.243329	
0.012240	0.511083	0.476678	
0.050159	0.624043	0.325798	
0.450916	0.395342	0.153742	
0.060479	0.661495	0.278026	
0.211733	0.496184	0.292083	
0.041892	0.497832	0.460276	
0.010124	0.590117	0.399759	
0.085422	0.518454	0.396124	
0.135069	0.482567	0.382364	
0.072241	0.612584	0.315175	
0.001867	0.279396	0.718738	
0.005958	0.685750	0.308293	
0.008920	0.600977	0.390104	
0.003540	0.337154	0.659306	
0.000504	0.007781	0.991715	
0.005878	0.554634	0.439489	
0.003773	0.168341	0.827887	
0.031136	0.073988	0.894877	
0.008424	0.244927	0.746650	
0.058275	0.401587	0.540137	
0.033545	0.484969	0.481485	
0.007347	0.220124	0.772528	
0.255864	0.505555	0.238581	
0.612528	0.289549	0.097923	
0.009497	0.098108	0.892395	
0.015278	0.683697	0.301025	
0.025103	0.631705	0.343192	
0.006003	0.400538	0.593459	
0.000495	0.237266	0.762238	
0.002265	0.660347	0.337388	
0.002043	0.043495	0.954462	
0.089977	0.494579	0.415443	
0.000954	0.528604	0.470442	
0.016911	0.392605	0.590484	
0.042022	0.502526	0.455452	
0.493897	0.327145	0.178958	
0.017995	0.245418	0.736588	
0.181664	0.252238	0.566098	
0.064157	0.329768	0.606075	
0.012752	0.396949	0.590299	
0.268406	0.458936	0.272658	
0.007671	0.734651	0.257678	
0.062403	0.622584	0.315013	
0.205843	0.500040	0.294117	
0.029571	0.520068	0.450360	
0.004114	0.599130	0.396756	
0.079859	0.635481	0.284659	
0.264330	0.445843	0.289827	
0.063555	0.202099	0.734346	
0.650454	0.261668	0.087879	
0.016285	0.312815	0.670899	
0.030924	0.523943	0.445133	
0.013625	0.167582	0.818793	
0.613997	0.282598	0.103405	
0.258958	0.419154	0.321888	
0.006515	0.645445	0.348040	
0.002153	0.676015	0.321832	
0.002075	0.256094	0.741831	
0.394796	0.416944	0.188260	
0.010818	0.574925	0.414257	
0.034316	0.459963	0.505721	
0.003034	0.601804	0.395163	
0.161744	0.529271	0.308985	
0.256004	0.457733	0.286262	
0.078508	0.673726	0.247766	
0.418488	0.398502	0.183011	
0.010673	0.057655	0.931672	
0.000170	0.009537	0.990292	
0.805418	0.167013	0.027569	
0.180188	0.451021	0.368791	
0.031665	0.545038	0.423297	
0.003644	0.081943	0.914413	
0.008404	0.530222	0.461373	
0.022101	0.489628	0.488272	
0.018410	0.156814	0.824776	
0.041848	0.312214	0.645938	
0.009807	0.414106	0.576088	
0.187899	0.404464	0.407637	
0.015870	0.516255	0.467875	
0.051742	0.466211	0.482047	
0.026189	0.417620	0.556191	
0.098156	0.383634	0.518211	
0.005657	0.522540	0.471803	
0.021867	0.118486	0.859647	
0.120134	0.613246	0.266620	
0.440208	0.389840	0.169952	
0.077010	0.607415	0.315575	
0.097015	0.473056	0.429929	
0.036932	0.369267	0.593801	
0.027095	0.664849	0.308056	
0.007248	0.646921	0.345830	
0.025833	0.129057	0.845110	
0.050250	0.528936	0.420813	
0.093016	0.473868	0.433117	
0.506600	0.351709	0.141691	
0.133279	0.544393	0.322329	
0.058872	0.408679	0.532449	
0.285445	0.498320	0.216235	
0.006167	0.080541	0.913292	
0.009440	0.301033	0.689527	
0.008592	0.386268	0.605141	
0.006348	0.068351	0.925301	
0.387776	0.380782	0.231442	
0.058448	0.466037	0.475515	
0.016730	0.391250	0.592019	
0.001381	0.063292	0.935328	
0.025024	0.262431	0.712546	
0.010619	0.506257	0.483124	
0.032681	0.614988	0.352331	
0.054549	0.601416	0.344035	
0.007556	0.722405	0.270039	
0.016036	0.607704	0.376260	
0.011728	0.572744	0.415528	
0.158742	0.607792	0.233466	
0.013740	0.321436	0.664824	
0.698733	0.233074	0.068193	
0.007786	0.419013	0.573201	
0.013867	0.681354	0.304779	
0.005294	0.635045	0.359662	
0.053196	0.541619	0.405185	
0.005689	0.423049	0.571263	
0.008467	0.353653	0.637879	
0.013205	0.724588	0.262208	
0.007478	0.508071	0.484451	
0.007098	0.741094	0.251809	
0.677767	0.270154	0.052079	
0.012707	0.377616	0.609677	
0.037164	0.354378	0.608458	
0.011127	0.078507	0.910366	
0.002067	0.020951	0.976982	
0.204500	0.515023	0.280477	
0.013812	0.440058	0.546129	
0.021073	0.561452	0.417475	
0.011397	0.088269	0.900334	
0.007492	0.455550	0.536958	
0.020392	0.076344	0.903264	
0.266239	0.399222	0.334539	
0.025736	0.194706	0.779559	
0.039363	0.447913	0.512724	
0.017545	0.426628	0.555827	
0.161439	0.462050	0.376511	
0.014690	0.475480	0.509830	
0.435856	0.302499	0.261646	
0.009113	0.118796	0.872091	
0.008251	0.570770	0.420979	
0.003457	0.229571	0.766972	
0.046684	0.656406	0.296910	
0.042930	0.533076	0.423994	
0.002859	0.645495	0.351646	
0.359244	0.494659	0.146098	
0.012726	0.402395	0.584880	
0.076084	0.528867	0.395048	
0.002664	0.511551	0.485785	
0.252466	0.522312	0.225223	
0.483702	0.389094	0.127203	
0.496829	0.367682	0.135489	
0.004808	0.073061	0.922131	
0.003593	0.232734	0.763674	
0.006175	0.378803	0.615023	
0.005700	0.042333	0.951967	
0.335512	0.383349	0.281139	
0.031057	0.564913	0.404031	
0.011480	0.433042	0.555478	
0.470837	0.389076	0.140087	
0.069442	0.280764	0.649793	
0.013017	0.340077	0.646906	
0.025260	0.385086	0.589655	
0.012699	0.429947	0.557355	
0.279610	0.497485	0.222905	
0.577729	0.326473	0.095798	
0.039862	0.471217	0.488920	
0.040477	0.438684	0.520839	
0.016426	0.668143	0.315431	
0.220762	0.343420	0.435817	
0.374283	0.401819	0.223898	
0.378534	0.489521	0.131945	
0.471842	0.348125	0.180033	
0.006710	0.577291	0.415999	
0.016929	0.690605	0.292466	
0.176193	0.539794	0.284013	
0.377285	0.407084	0.215631	
0.310561	0.526469	0.162969	
0.053128	0.582425	0.364447	
0.237348	0.513686	0.248967	
0.013661	0.538698	0.447641	
0.011867	0.056476	0.931657	
0.005125	0.304108	0.690767	
0.360980	0.439610	0.199409	
0.134198	0.323700	0.542102	
0.036814	0.410106	0.553080	
0.253646	0.508391	0.237964	
0.405934	0.401219	0.192847	
0.067779	0.586630	0.345591	
0.037216	0.213815	0.748968	
0.044995	0.426871	0.528134	
0.158569	0.193743	0.647689	
0.032353	0.281564	0.686084	
0.485182	0.351976	0.162843	
0.525811	0.334812	0.139377	
0.037956	0.219299	0.742745	
0.001850	0.042343	0.955807	
0.009719	0.638133	0.352148	
0.379274	0.354498	0.266228	
0.210956	0.594848	0.194196	
0.490214	0.361671	0.148115	
0.489375	0.374456	0.136170	
0.406924	0.422791	0.170285	
0.049673	0.255132	0.695195	
0.112448	0.494137	0.393415	
0.383703	0.367086	0.249212	
0.134182	0.475608	0.390210	
0.188453	0.326065	0.485482	
0.009314	0.778589	0.212097	
0.309925	0.392548	0.297528	
0.008572	0.522386	0.469043	
0.063588	0.514171	0.422241	
0.113959	0.686672	0.199368	
0.661148	0.266969	0.071883	
0.370866	0.288794	0.340341	
0.048122	0.169473	0.782405	
0.019063	0.558371	0.422566	
0.464019	0.351714	0.184267	
0.274272	0.537227	0.188501	
0.002222	0.744914	0.252865	
0.357615	0.495826	0.146559	
0.051150	0.603301	0.345549	
0.635545	0.295420	0.069035	
0.010821	0.730607	0.258572	
0.011826	0.435892	0.552282	
0.516354	0.359482	0.124164	
0.053553	0.704916	0.241531	
0.038162	0.336760	0.625078	
0.374150	0.501644	0.124206	
0.026416	0.606252	0.367332	
0.108675	0.119622	0.771703	
0.336598	0.380813	0.282588	
0.012666	0.375806	0.611528	
0.198769	0.559199	0.242032	
0.002010	0.732550	0.265440	
0.022812	0.649264	0.327924	
0.001687	0.067865	0.930449	
0.006361	0.684864	0.308775	
0.034442	0.521070	0.444487	
0.035966	0.155345	0.808689	
0.002010	0.568323	0.429667	
0.006340	0.037417	0.956243	
0.004587	0.717551	0.277862	
0.805810	0.172982	0.021208	
0.015997	0.812115	0.171888	
0.003017	0.392328	0.604655	
0.005913	0.637744	0.356343	
0.357199	0.511260	0.131541	
0.009358	0.681067	0.309575	
0.030372	0.402349	0.567279	
0.152244	0.482809	0.364948	
0.008856	0.370777	0.620367	
0.592771	0.284048	0.123180	
0.009019	0.696872	0.294109	
0.564724	0.356283	0.078993	
0.759429	0.195629	0.044942	
0.083615	0.653392	0.262993	
0.019553	0.543030	0.437417	
0.017599	0.771253	0.211148	
0.217195	0.582453	0.200352	
0.126107	0.531953	0.341940	
0.007714	0.619568	0.372718	
0.024557	0.173946	0.801497	
0.036749	0.132510	0.830741	
0.234942	0.415903	0.349155	
0.406681	0.358252	0.235067	
0.003485	0.135956	0.860558	
0.613033	0.274652	0.112315	
0.021248	0.685190	0.293561	
0.053579	0.293404	0.653017	
0.098888	0.651872	0.249240	
0.043303	0.475308	0.481389	
0.035461	0.569953	0.394585	
0.381547	0.423250	0.195203	
0.036417	0.107509	0.856074	
0.002447	0.033667	0.963886	
0.166692	0.465230	0.368078	
0.014250	0.200199	0.785551	
0.595912	0.300873	0.103215	
0.014799	0.787105	0.198097	
0.095575	0.586928	0.317497	
0.030050	0.135975	0.833975	
0.011732	0.052448	0.935820	
0.014882	0.436912	0.548206	
0.014101	0.425527	0.560372	
0.577146	0.316206	0.106648	
0.049515	0.082873	0.867612	
0.058991	0.211840	0.729169	
0.011879	0.523644	0.464477	
0.284535	0.478653	0.236812	
0.516845	0.357031	0.126124	
0.294865	0.449888	0.255247	
0.628052	0.284938	0.087009	
0.590151	0.325440	0.084409	
0.146418	0.436811	0.416771	
0.013357	0.576922	0.409721	
0.081402	0.170510	0.748087	
0.042788	0.509094	0.448118	
0.352742	0.365653	0.281605	
0.470057	0.431691	0.098253	
0.024326	0.294538	0.681136	
0.663565	0.265879	0.070555	
0.319433	0.366544	0.314023	
0.150049	0.543906	0.306046	
0.588106	0.324888	0.087006	
0.003147	0.041938	0.954915	
0.011796	0.657697	0.330507	
0.022899	0.278881	0.698221	
0.006367	0.441267	0.552367	
0.003860	0.691431	0.304709	
0.344851	0.387523	0.267626	
0.594161	0.294025	0.111814	
0.087577	0.338984	0.573439	
0.011597	0.665171	0.323232	
0.048008	0.624697	0.327294	
0.028813	0.601543	0.369645	
0.134202	0.218802	0.646996	
0.026732	0.517363	0.455905	
0.059592	0.514816	0.425592	
0.034143	0.312504	0.653353	
0.010039	0.408644	0.581317	
0.002092	0.021967	0.975942	
0.007926	0.026019	0.966055	
0.765802	0.204164	0.030034	
0.020388	0.146121	0.833491	
0.092957	0.477497	0.429546	
0.449336	0.357509	0.193155	
0.051949	0.406443	0.541608	
0.138765	0.311479	0.549756	
0.017360	0.614573	0.368068	
0.021302	0.593665	0.385034	
0.060505	0.384779	0.554717	
0.372020	0.374621	0.253358	
0.013362	0.397891	0.588746	
0.006828	0.198940	0.794233	
0.235251	0.472086	0.292663	
0.004767	0.045650	0.949584	
0.019539	0.261220	0.719240	
0.123149	0.532502	0.344350	
0.009937	0.720990	0.269074	
0.018148	0.116883	0.864968	
0.358348	0.283226	0.358426	
0.015286	0.314174	0.670539	
0.042315	0.582369	0.375315	
0.460789	0.321874	0.217337	
0.056426	0.437021	0.506553	
0.009253	0.564316	0.426431	
0.054069	0.126894	0.819037	
0.325904	0.394725	0.279372	
0.009857	0.283328	0.706815	
0.007631	0.062316	0.930053	
0.301035	0.488789	0.210176	
0.054400	0.330497	0.615103	
0.213721	0.515205	0.271075	
0.006823	0.592066	0.401111	
0.012726	0.297529	0.689745	
0.589062	0.288358	0.122580	
0.002192	0.022631	0.975177	
0.107514	0.412423	0.480063	
0.021370	0.363147	0.615483	
0.481181	0.370603	0.148216	
0.252463	0.583095	0.164442	
0.820656	0.163568	0.015776	
0.058630	0.456271	0.485099	
0.010797	0.480415	0.508788	
0.020777	0.515113	0.464110	
0.507219	0.399272	0.093509	
0.098052	0.340265	0.561683	
0.251859	0.445743	0.302398	
0.098187	0.386106	0.515707	
0.056001	0.635040	0.308959	
0.011017	0.341431	0.647552	
0.116451	0.147791	0.735757	
0.001964	0.524387	0.473649	
0.000312	0.012112	0.987576	
0.644101	0.299415	0.056484	
0.063256	0.522252	0.414492	
0.008090	0.293478	0.698433	
0.003170	0.021544	0.975286	
0.118306	0.263644	0.618050	
0.359250	0.442155	0.198595	
0.478036	0.322193	0.199771	
0.010171	0.476156	0.513673	
0.116292	0.259555	0.624153	
0.001242	0.016610	0.982147	
0.597440	0.300933	0.101627	
0.465504	0.430860	0.103636	
0.009063	0.144609	0.846327	
0.309343	0.335427	0.355230	
0.339941	0.361519	0.298539	
0.031560	0.069745	0.898695	
0.023419	0.106457	0.870123	
0.257421	0.520883	0.221696	
0.103677	0.507919	0.388403	
0.000123	0.001818	0.998059	
0.553937	0.300806	0.145257	
0.208510	0.373738	0.417753	
0.000442	0.007046	0.992512	
0.001523	0.126778	0.871699	
0.196258	0.197257	0.606485	
0.075695	0.481380	0.442925	
0.025694	0.358902	0.615404	
0.351854	0.300023	0.348123	
0.015540	0.081425	0.903035	
0.524160	0.363311	0.112529	
0.004204	0.078589	0.917208	
0.001571	0.011128	0.987302	
0.004352	0.036805	0.958843	
0.133633	0.618661	0.247706	
0.000754	0.013090	0.986157	
0.001996	0.021270	0.976734	
0.503566	0.343120	0.153314	
0.225760	0.583971	0.190269	
0.864183	0.117730	0.018087	
0.002843	0.084768	0.912389	
0.002274	0.075152	0.922574	
0.002187	0.426527	0.571286	
0.122782	0.688953	0.188265	
0.007938	0.276096	0.715967	
0.000330	0.024769	0.974900	
0.095062	0.224697	0.680241	
0.670792	0.260969	0.068239	
0.094595	0.553306	0.352098	
0.003968	0.308677	0.687356	
0.028600	0.614980	0.356420	
0.282456	0.416255	0.301289	
0.877773	0.108963	0.013264	
0.017404	0.115628	0.866968	
0.026491	0.544826	0.428683	
0.470598	0.313482	0.215920	
0.193713	0.324329	0.481957	
0.029294	0.157874	0.812831	
0.492856	0.364688	0.142455	
0.004433	0.112290	0.883276	
0.707702	0.231136	0.061162	
0.006200	0.314851	0.678949	
0.051150	0.637384	0.311466	
0.366612	0.485282	0.148105	
0.071911	0.736694	0.191395	
0.000337	0.002642	0.997021	
0.046783	0.514476	0.438742	
0.691139	0.264381	0.044480	
0.013450	0.036199	0.950351	
0.266245	0.573798	0.159957	
0.158333	0.293290	0.548377	
0.025768	0.773686	0.200546	
0.322797	0.515307	0.161896	
0.004687	0.711372	0.283941	
0.094460	0.638990	0.266550	
0.525481	0.387367	0.087152	
0.222028	0.659757	0.118215	
0.164563	0.613726	0.221711	
0.380814	0.476210	0.142975	
0.347149	0.492321	0.160530	
0.179203	0.678886	0.141912	
0.010750	0.210941	0.778310	
0.742007	0.227380	0.030613	
0.665947	0.281917	0.052136	
0.604221	0.334095	0.061684	
0.001868	0.052357	0.945775	
0.076293	0.526484	0.397223	
0.182591	0.480349	0.337059	
0.701196	0.255141	0.043663	
0.024081	0.790075	0.185844	
0.590336	0.297623	0.112042	
0.368687	0.489069	0.142244	
0.504253	0.434262	0.061484	
0.143448	0.265206	0.591345	
0.197171	0.694060	0.108769	
0.125331	0.287916	0.586753	
0.240906	0.377537	0.381558	
0.694132	0.256723	0.049146	
0.414525	0.325276	0.260200	
0.587250	0.350467	0.062283	
0.003698	0.134245	0.862057	
0.362940	0.546678	0.090382	
0.865179	0.127847	0.006974	
0.577099	0.372734	0.050167	
0.458347	0.332331	0.209322	
0.011158	0.538088	0.450754	
0.005137	0.712952	0.281910	
0.002218	0.582974	0.414808	
0.347690	0.516448	0.135862	
0.006666	0.746282	0.247053	
0.068216	0.579674	0.352110	
0.004382	0.542960	0.452658	
0.337763	0.515201	0.147036	
0.499061	0.315159	0.185780	
0.128852	0.512722	0.358426	
0.123785	0.223739	0.652476	
0.176413	0.657644	0.165943	
0.002595	0.155521	0.841884	
0.105332	0.779784	0.114884	
0.006756	0.686218	0.307026	
0.189044	0.542004	0.268952	
0.144670	0.369146	0.486183	
0.054403	0.802830	0.142767	
0.000152	0.006398	0.993450	
0.019543	0.653233	0.327223	
0.001774	0.027617	0.970609	
0.005071	0.682740	0.312190	
0.670963	0.260455	0.068583	
0.004166	0.281642	0.714191	
0.019299	0.578186	0.402515	
0.014336	0.784139	0.201526	
0.314936	0.480424	0.204640	
0.429911	0.447450	0.122639	
0.014116	0.339102	0.646783	
0.162563	0.614892	0.222545	
0.015268	0.746083	0.238650	
0.029828	0.781728	0.188444	
0.486703	0.447340	0.065956	
0.094157	0.157844	0.748000	
0.067565	0.703055	0.229380	
0.683023	0.264653	0.052324	
0.264376	0.515985	0.219639	
0.011137	0.097412	0.891451	
0.140457	0.191232	0.668310	
0.000855	0.032122	0.967024	
0.254309	0.658447	0.087244	
0.010900	0.749412	0.239689	
0.370710	0.485731	0.143559	
0.021499	0.237379	0.741122	
0.025131	0.821203	0.153666	
0.622814	0.328235	0.048951	
0.607343	0.295449	0.097208	
0.034805	0.419143	0.546051	
0.421506	0.418357	0.160137	
0.003755	0.397201	0.599044	
0.507127	0.356839	0.136034	
0.236332	0.618052	0.145616	
0.006172	0.742412	0.251416	
0.537763	0.372259	0.089978	
0.005665	0.121328	0.873007	
0.193394	0.416855	0.389751	
0.630728	0.290017	0.079255	
0.001103	0.010379	0.988518	
0.022230	0.592867	0.384902	
0.012218	0.449233	0.538549	
0.551824	0.338182	0.109994	
0.015841	0.595876	0.388283	
0.027444	0.578354	0.394202	
0.005861	0.246322	0.747817	
0.079905	0.372047	0.548048	
0.452162	0.339638	0.208200	
0.211480	0.242342	0.546178	
0.008319	0.672427	0.319254	
0.014878	0.373282	0.611840	
0.051813	0.644475	0.303712	
0.401741	0.487618	0.110641	
0.164499	0.406462	0.429039	
0.566093	0.323659	0.110248	
0.026543	0.311263	0.662193	
0.474512	0.366730	0.158758	
0.009732	0.505244	0.485024	
0.039062	0.547383	0.413555	
0.083922	0.513943	0.402135	
0.341954	0.487589	0.170456	
0.328119	0.354982	0.316899	
0.146984	0.212810	0.640206	
0.002592	0.046651	0.950758	
0.048702	0.428268	0.523030	
0.007288	0.396404	0.596309	
0.005373	0.055894	0.938733	
0.068363	0.431232	0.500405	
0.119649	0.389407	0.490945	
0.000894	0.248710	0.750397	
0.236114	0.459705	0.304182	
0.006036	0.156585	0.837379	
0.005348	0.345538	0.649114	
0.153052	0.378284	0.468663	
0.000185	0.002886	0.996929	
0.729280	0.241474	0.029246	
0.070990	0.328655	0.600355	
0.050681	0.462735	0.486584	
0.806988	0.162203	0.030810	
0.650892	0.285826	0.063282	
0.005774	0.461127	0.533099	
0.032231	0.189589	0.778181	
0.003218	0.518653	0.478129	
0.013914	0.306554	0.679532	
0.001841	0.050194	0.947965	
0.280511	0.523479	0.196010	
0.474429	0.370636	0.154935	
0.000907	0.597612	0.401481	
0.245695	0.505796	0.248509	
0.008339	0.416646	0.575015	
0.036392	0.575693	0.387914	
0.000825	0.007061	0.992114	
0.000413	0.008499	0.991087	
0.123818	0.511239	0.364943	
0.003496	0.103876	0.892629	
0.661794	0.275078	0.063128	
0.011279	0.354552	0.634169	
0.007540	0.562252	0.430208	
0.001345	0.017875	0.980780	
0.005205	0.349506	0.645289	
0.276993	0.402348	0.320659	
0.015397	0.374378	0.610225	
0.032534	0.420507	0.546959	
0.000913	0.014372	0.984716	
0.004827	0.668463	0.326710	
0.007067	0.641904	0.351028	
0.098809	0.593765	0.307426	
0.042943	0.344251	0.612806	
0.008039	0.144815	0.847146	
0.361112	0.427095	0.211793	
0.002596	0.240658	0.756746	
0.003571	0.708660	0.287769	
0.007556	0.769044	0.223400	
0.516635	0.372814	0.110550	
0.410153	0.471063	0.118783	
0.020783	0.653573	0.325644	
0.004837	0.594517	0.400646	
0.011633	0.154818	0.833549	
0.208478	0.532329	0.259193	
0.002869	0.058116	0.939015	
0.761265	0.160407	0.078328	
0.003126	0.293024	0.703851	
0.004523	0.528821	0.466656	
0.156204	0.308642	0.535153	
0.000210	0.015998	0.983792	
0.006577	0.289610	0.703813	
0.362030	0.203552	0.434417	
0.431304	0.269946	0.298750	
0.059344	0.788939	0.151718	
0.053062	0.517293	0.429645	
0.128871	0.330023	0.541106	
0.020604	0.193744	0.785652	
0.011949	0.111820	0.876230	
0.213475	0.364787	0.421738	
0.277899	0.529261	0.192840	
0.093329	0.387722	0.518949	
0.505724	0.311794	0.182483	
0.094565	0.657848	0.247587	
0.008413	0.419266	0.572322	
0.004603	0.026164	0.969233	
0.047054	0.711176	0.241770	
0.406473	0.512965	0.080562	
0.065851	0.836804	0.097345	
0.250624	0.622118	0.127257	
0.021106	0.491606	0.487288	
0.007120	0.319300	0.673579	
0.034509	0.208060	0.757432	
0.231176	0.517480	0.251344	
0.678986	0.269918	0.051097	
0.347504	0.458429	0.194067	
0.130002	0.332536	0.537462	
0.003446	0.016359	0.980195	
0.633062	0.296518	0.070420	
0.025215	0.236268	0.738517	
0.455775	0.421764	0.122461	
0.004188	0.686102	0.309709	
0.059508	0.708416	0.232076	
0.024046	0.651611	0.324343	
0.004719	0.625896	0.369385	
0.498334	0.396334	0.105332	
0.208795	0.708808	0.082398	
0.010325	0.364763	0.624913	
0.454830	0.418522	0.126648	
0.231742	0.548318	0.219940	
0.021665	0.090033	0.888302	
0.327747	0.533473	0.138780	
0.815837	0.168825	0.015338	
0.770648	0.210750	0.018601	
0.729612	0.209027	0.061360	
0.020004	0.460850	0.519146	
0.016340	0.699000	0.284660	
0.000157	0.001738	0.998104	
0.014812	0.254560	0.730627	
0.478864	0.414604	0.106532	
0.160842	0.656216	0.182942	
0.041492	0.179654	0.778854	
0.010090	0.201754	0.788157	
0.295558	0.455770	0.248672	
0.584766	0.333860	0.081374	
0.051746	0.337718	0.610536	
0.023862	0.187871	0.788267	
0.042913	0.717694	0.239392	
0.292547	0.547651	0.159803	
0.090735	0.799184	0.110081	
0.614701	0.311344	0.073954	
0.751353	0.212957	0.035690	
0.014138	0.478543	0.507319	
0.006402	0.392258	0.601339	
0.575247	0.320544	0.104209	
0.575820	0.315976	0.108205	
0.010606	0.792979	0.196415	
0.309066	0.587253	0.103681	
0.048781	0.761210	0.190010	
0.006668	0.020215	0.973117	
0.040141	0.564519	0.395340	
0.234560	0.337843	0.427596	
0.081908	0.202013	0.716078	
0.051208	0.667982	0.280810	
0.003184	0.690854	0.305962	
0.019734	0.717161	0.263105	
0.005537	0.554190	0.440273	
0.002696	0.655330	0.341974	
0.492702	0.396753	0.110545	
0.278705	0.438805	0.282490	
0.048711	0.300120	0.651169	
0.316190	0.566689	0.117121	
0.085093	0.594361	0.320546	
0.449175	0.360614	0.190211	
0.004137	0.505829	0.490033	
0.583963	0.303176	0.112861	
0.605635	0.292298	0.102067	
0.426587	0.363814	0.209600	
0.000075	0.002236	0.997689	
0.014484	0.749410	0.236105	
0.177116	0.681197	0.141687	
0.025558	0.050821	0.923621	
0.048144	0.158770	0.793086	
0.149005	0.256158	0.594836	
0.000244	0.002152	0.997605	
0.001528	0.012908	0.985564	
0.000974	0.018222	0.980805	
0.060611	0.324636	0.614753	
0.050184	0.147951	0.801865	
0.021039	0.363631	0.615330	
0.000932	0.007529	0.991539	
0.000748	0.008272	0.990980	
0.012018	0.418411	0.569571	
0.010913	0.256423	0.732664	
0.465899	0.355791	0.178310	
0.000326	0.003278	0.996397	
0.115251	0.217194	0.667555	
0.001633	0.010414	0.987953	
0.064721	0.385708	0.549571	
0.248827	0.311542	0.439631	
0.041891	0.248047	0.710063	
0.459180	0.319313	0.221507	
0.023767	0.284555	0.691678	
0.000261	0.002960	0.996779	
0.236525	0.383444	0.380030	
0.607640	0.295768	0.096592	
0.024407	0.550454	0.425140	
0.208182	0.293378	0.498441	
0.036016	0.186857	0.777128	
0.015671	0.430760	0.553569	
0.083235	0.169383	0.747382	
0.376832	0.397985	0.225183	
0.008225	0.184916	0.806858	
0.039980	0.100474	0.859546	
0.073703	0.225275	0.701022	
0.016802	0.484542	0.498656	
0.017677	0.143010	0.839314	
0.081676	0.333545	0.584779	
0.046507	0.406342	0.547151	
0.010990	0.321589	0.667422	
0.028498	0.083870	0.887632	
0.016386	0.309055	0.674559	
0.053809	0.445900	0.500291	
0.007592	0.065978	0.926430	
0.005120	0.369572	0.625308	
0.196050	0.304745	0.499205	
0.100500	0.329308	0.570191	
0.047568	0.185796	0.766636	
0.355868	0.357734	0.286398	
0.053651	0.490020	0.456329	
0.339727	0.414412	0.245861	
0.000582	0.007064	0.992354	
0.015100	0.205779	0.779121	
0.376970	0.474569	0.148461	
0.482426	0.312431	0.205143	
0.061598	0.167465	0.770937	
0.080956	0.273681	0.645363	
0.497320	0.367719	0.134962	
0.425457	0.426354	0.148189	
0.352116	0.329764	0.318119	
0.006792	0.190079	0.803128	
0.566039	0.328188	0.105773	
0.014642	0.413876	0.571482	
0.009379	0.193830	0.796791	
0.007379	0.082061	0.910560	
0.005118	0.657685	0.337197	
0.126574	0.401943	0.471483	
0.682683	0.248845	0.068473	
0.142497	0.437563	0.419940	
0.185136	0.531461	0.283402	
0.303175	0.438028	0.258797	
0.174879	0.340973	0.484148	
0.108552	0.183846	0.707602	
0.357980	0.482913	0.159107	
0.364409	0.358678	0.276913	
0.486109	0.337125	0.176767	
0.033970	0.536297	0.429733	
0.005281	0.289699	0.705020	
0.002080	0.305334	0.692585	
0.416476	0.396953	0.186570	
0.143422	0.326605	0.529973	
0.116120	0.580296	0.303584	
0.062385	0.417811	0.519803	
0.726058	0.217922	0.056020	
0.002051	0.076274	0.921675	
0.001241	0.012200	0.986559	
0.037213	0.385036	0.577751	
0.001105	0.015437	0.983458	
0.010603	0.346690	0.642707	
0.002539	0.089172	0.908289	
0.002140	0.036971	0.960889	
0.271782	0.382642	0.345576	
0.000869	0.051893	0.947239	
0.004659	0.089221	0.906120	
0.522427	0.323432	0.154141	
0.006216	0.105876	0.887908	
0.051514	0.171550	0.776936	
0.013393	0.284141	0.702465	
0.219468	0.286981	0.493552	
0.020913	0.149558	0.829530	
0.007226	0.223502	0.769272	
0.012408	0.484547	0.503045	
0.012749	0.205505	0.781746	
0.557504	0.319473	0.123022	
0.736747	0.216851	0.046402	
0.001280	0.392718	0.606002	
0.011221	0.094193	0.894586	
0.003283	0.424462	0.572255	
0.000698	0.196738	0.802564	
0.051998	0.163113	0.784890	
0.001068	0.025266	0.973666	
0.020452	0.479208	0.500340	
0.007029	0.304276	0.688695	
0.031779	0.294841	0.673380	
0.134756	0.260316	0.604928	
0.667912	0.230489	0.101598	
0.009748	0.153431	0.836821	
0.014301	0.724648	0.261051	
0.005413	0.162676	0.831911	
0.002389	0.582019	0.415592	
0.013885	0.094633	0.891482	
0.001430	0.056973	0.941597	
0.442358	0.335034	0.222608	
0.002673	0.305200	0.692127	
0.038440	0.098980	0.862579	
0.003544	0.045041	0.951415	
0.049410	0.223435	0.727155	
0.009601	0.057282	0.933116	
0.014582	0.051598	0.933820	
0.006351	0.286695	0.706954	
0.000097	0.003258	0.996645	
0.396321	0.416525	0.187154	
0.001765	0.027452	0.970783	
0.001057	0.033421	0.965521	
0.020157	0.098556	0.881287	
0.006046	0.330579	0.663375	
0.001493	0.022547	0.975961	
0.007700	0.338761	0.653538	
0.410508	0.424375	0.165116	
0.026018	0.439296	0.534686	
0.002235	0.052921	0.944844	
0.010603	0.439094	0.550303	
0.010998	0.120930	0.868072	
0.143384	0.237002	0.619613	
0.002881	0.082755	0.914365	
0.242246	0.448929	0.308825	
0.004120	0.179746	0.816135	
0.001788	0.038530	0.959682	
0.047201	0.362001	0.590799	
0.002111	0.278285	0.719604	
0.009021	0.086914	0.904065	
0.000627	0.008807	0.990566	
0.001398	0.006868	0.991734	
0.040240	0.445281	0.514478	
