0.332642	0.520866	0.146493	
0.123242	0.432356	0.444402	
0.121917	0.295715	0.582368	
0.012709	0.579920	0.407371	
0.006034	0.765564	0.228403	
0.024867	0.644289	0.330844	
0.214220	0.545689	0.240091	
0.208595	0.327012	0.464393	
0.080212	0.601895	0.317893	
0.487686	0.372654	0.139660	
0.079282	0.264938	0.655779	
0.001730	0.395563	0.602707	
0.007070	0.501598	0.491332	
0.007426	0.048644	0.943930	
0.001942	0.820382	0.177676	
0.121293	0.298825	0.579882	
0.000763	0.328880	0.670357	
0.005985	0.469103	0.524912	
0.033352	0.444405	0.522243	
0.103258	0.577988	0.318754	
0.036824	0.670250	0.292926	
0.717493	0.191570	0.090936	
0.267822	0.466734	0.265444	
0.000484	0.032478	0.967039	
0.004174	0.094102	0.901724	
0.000885	0.546118	0.452997	
0.009605	0.514867	0.475527	
0.015558	0.852411	0.132031	
0.198701	0.648405	0.152893	
0.333350	0.485505	0.181144	
0.002606	0.069969	0.927424	
0.749965	0.197569	0.052466	
0.312231	0.515009	0.172761	
0.001125	0.042665	0.956210	
0.016474	0.590687	0.392839	
0.651548	0.289324	0.059129	
0.337091	0.463641	0.199268	
0.003386	0.532782	0.463832	
0.058877	0.455134	0.485990	
0.049303	0.618041	0.332655	
0.002148	0.615554	0.382298	
0.163586	0.465007	0.371407	
0.003290	0.635843	0.360867	
0.003796	0.618267	0.377937	
0.530567	0.372817	0.096616	
0.345775	0.546513	0.107712	
0.445085	0.241022	0.313893	
0.126372	0.722920	0.150707	
0.279980	0.589394	0.130626	
0.519175	0.419356	0.061469	
0.377811	0.390943	0.231247	
0.000486	0.234758	0.764757	
0.012394	0.301951	0.685654	
0.006309	0.104096	0.889595	
0.131797	0.681704	0.186499	
0.005281	0.529325	0.465394	
0.011336	0.325148	0.663516	
0.075726	0.508369	0.415905	
0.021466	0.518178	0.460356	
0.299585	0.373163	0.327251	
0.010058	0.051877	0.938065	
0.048842	0.591400	0.359758	
0.000239	0.010086	0.989675	
0.046249	0.514934	0.438817	
0.019978	0.422517	0.557505	
0.001113	0.298544	0.700343	
0.063501	0.568228	0.368271	
0.006947	0.467656	0.525397	
0.004894	0.282024	0.713081	
0.466265	0.287731	0.246004	
0.005641	0.633592	0.360767	
0.005230	0.446649	0.548121	
0.011136	0.305900	0.682964	
0.567411	0.365544	0.067046	
0.504364	0.323128	0.172509	
0.000885	0.406395	0.592720	
0.010215	0.553796	0.435989	
0.073535	0.224227	0.702237	
0.003512	0.231180	0.765308	
0.018308	0.746993	0.234698	
0.005131	0.231696	0.763173	
0.019520	0.448323	0.532157	
0.235649	0.605727	0.158624	
0.000876	0.349068	0.650056	
0.206827	0.588568	0.204605	
0.001141	0.180813	0.818046	
0.009313	0.099992	0.890695	
0.256372	0.557590	0.186038	
0.000371	0.115419	0.884210	
0.003198	0.140421	0.856382	
0.020233	0.715837	0.263930	
0.000113	0.024431	0.975457	
0.145420	0.568021	0.286559	
0.106685	0.436512	0.456803	
0.002981	0.106890	0.890128	
0.000511	0.144343	0.855146	
0.092393	0.446725	0.460881	
0.000671	0.040759	0.958570	
0.003538	0.112067	0.884395	
0.188465	0.449230	0.362306	
0.204212	0.506577	0.289211	
0.000215	0.095397	0.904388	
0.004712	0.077914	0.917373	
0.001549	0.381563	0.616888	
0.022887	0.506925	0.470188	
0.001142	0.204749	0.794109	
0.105380	0.390330	0.504291	
0.000050	0.142395	0.857555	
0.005568	0.129726	0.864705	
0.002760	0.487670	0.509570	
0.245857	0.484462	0.269682	
0.759435	0.165927	0.074638	
0.001288	0.090735	0.907977	
0.001833	0.032985	0.965182	
0.008142	0.418953	0.572905	
0.003691	0.377070	0.619239	
0.001056	0.312937	0.686007	
0.000685	0.040908	0.958407	
0.039685	0.170529	0.789786	
0.006577	0.274112	0.719311	
0.018256	0.198352	0.783392	
0.008515	0.195856	0.795629	
0.025538	0.621955	0.352507	
0.007446	0.214317	0.778237	
0.002773	0.022509	0.974719	
0.008575	0.232082	0.759343	
0.416024	0.487947	0.096029	
0.068551	0.130108	0.801342	
0.000702	0.251512	0.747786	
0.000596	0.014013	0.985391	
0.001210	0.025012	0.973778	
0.000895	0.477605	0.521499	
0.002395	0.148015	0.849590	
0.000800	0.249962	0.749237	
0.003074	0.291525	0.705402	
0.011132	0.074377	0.914492	
0.010727	0.535548	0.453725	
0.000018	0.005454	0.994528	
0.000150	0.014523	0.985327	
0.340336	0.272254	0.387410	
0.002924	0.445862	0.551215	
0.000445	0.106416	0.893139	
0.040542	0.235865	0.723593	
0.001531	0.087736	0.910733	
0.000984	0.109775	0.889241	
0.001698	0.264650	0.733652	
0.000707	0.148341	0.850952	
0.054427	0.308540	0.637033	
0.011991	0.213498	0.774512	
0.378774	0.269581	0.351645	
0.001539	0.098023	0.900439	
0.016428	0.401133	0.582439	
0.001208	0.305241	0.693551	
0.001941	0.434824	0.563236	
0.004036	0.306798	0.689167	
0.046235	0.114843	0.838922	
0.000918	0.284245	0.714837	
0.008200	0.343692	0.648108	
0.000535	0.093266	0.906199	
0.000183	0.019456	0.980360	
0.014535	0.193995	0.791469	
0.001403	0.108258	0.890339	
0.002353	0.210468	0.787179	
0.072786	0.264861	0.662353	
0.000533	0.365590	0.633877	
0.046929	0.377019	0.576052	
0.001122	0.031413	0.967466	
0.000297	0.013864	0.985838	
0.412500	0.458586	0.128914	
0.000732	0.224895	0.774373	
0.006760	0.091773	0.901467	
0.002256	0.425899	0.571845	
0.000551	0.070487	0.928962	
0.005525	0.093467	0.901007	
0.000888	0.111163	0.887949	
0.090684	0.445885	0.463431	
0.000537	0.115167	0.884296	
0.009835	0.371084	0.619081	
0.006400	0.555494	0.438106	
0.001072	0.267214	0.731714	
0.000052	0.003230	0.996718	
0.002090	0.226824	0.771086	
0.015002	0.157191	0.827806	
0.101712	0.592025	0.306263	
0.530018	0.318020	0.151962	
0.049936	0.720279	0.229785	
0.019675	0.562869	0.417456	
0.010011	0.393279	0.596709	
0.000214	0.067062	0.932725	
0.012535	0.317205	0.670261	
0.602477	0.293988	0.103535	
0.015945	0.736997	0.247058	
0.414882	0.486545	0.098573	
0.289824	0.500660	0.209517	
0.022326	0.128299	0.849375	
0.058333	0.629278	0.312390	
0.021370	0.519516	0.459114	
0.054650	0.456986	0.488364	
0.067754	0.770838	0.161408	
0.036996	0.707881	0.255123	
0.114987	0.508274	0.376739	
0.002385	0.417015	0.580600	
0.013798	0.444993	0.541209	
0.011993	0.170713	0.817295	
0.001941	0.035642	0.962417	
0.025558	0.337729	0.636713	
0.003866	0.047855	0.948278	
0.027564	0.812890	0.159546	
0.335231	0.229840	0.434929	
0.353882	0.373122	0.272997	
0.026626	0.822554	0.150821	
0.071700	0.181052	0.747249	
0.036225	0.323123	0.640651	
0.001445	0.070333	0.928222	
0.001048	0.322299	0.676653	
0.002701	0.049429	0.947870	
0.005113	0.243936	0.750951	
0.086040	0.456646	0.457314	
0.111003	0.741532	0.147465	
0.177683	0.561405	0.260911	
0.536392	0.299534	0.164074	
0.010600	0.051350	0.938051	
0.007945	0.043327	0.948729	
0.254572	0.636976	0.108453	
0.015411	0.331297	0.653292	
0.004160	0.072359	0.923481	
0.050913	0.685877	0.263210	
0.011360	0.191189	0.797451	
0.264518	0.655139	0.080343	
0.103418	0.497111	0.399471	
0.036021	0.674395	0.289584	
0.010091	0.477592	0.512317	
0.022954	0.660629	0.316417	
0.122466	0.694757	0.182777	
0.110953	0.673913	0.215134	
0.513744	0.378705	0.107551	
0.020296	0.741018	0.238685	
0.047745	0.500700	0.451555	
0.032391	0.670198	0.297410	
0.036309	0.743625	0.220066	
0.003127	0.041303	0.955570	
0.004832	0.504511	0.490657	
0.030502	0.534303	0.435195	
0.000687	0.029456	0.969857	
0.012110	0.634122	0.353768	
0.007149	0.530936	0.461915	
0.028250	0.436436	0.535315	
0.045044	0.594763	0.360193	
0.441758	0.374201	0.184041	
0.866604	0.113832	0.019564	
0.083286	0.610463	0.306251	
0.008753	0.458601	0.532646	
0.450016	0.316363	0.233621	
0.206859	0.522162	0.270979	
0.002964	0.045635	0.951400	
0.100708	0.360036	0.539256	
0.286157	0.526497	0.187346	
0.034424	0.296680	0.668895	
0.215266	0.498986	0.285748	
0.043689	0.342834	0.613477	
0.134459	0.676753	0.188789	
0.002151	0.074267	0.923583	
0.305667	0.567939	0.126394	
0.014740	0.467066	0.518193	
0.000173	0.009968	0.989859	
0.010094	0.308560	0.681346	
0.049690	0.752016	0.198294	
0.062611	0.584091	0.353298	
0.001684	0.015080	0.983236	
0.079417	0.652401	0.268183	
0.043886	0.571872	0.384242	
0.018323	0.086432	0.895245	
0.078543	0.626101	0.295355	
0.044206	0.680306	0.275488	
0.211219	0.581342	0.207439	
0.000525	0.028320	0.971156	
0.003398	0.144181	0.852421	
0.074862	0.191924	0.733213	
0.457653	0.346160	0.196187	
0.292116	0.444991	0.262892	
0.145530	0.298474	0.555996	
0.067602	0.590420	0.341977	
0.672131	0.215771	0.112098	
0.012949	0.169194	0.817857	
0.313112	0.493676	0.193212	
0.074651	0.094290	0.831059	
0.018356	0.202389	0.779256	
0.144458	0.588515	0.267027	
0.652137	0.258262	0.089601	
0.002023	0.326789	0.671188	
0.179493	0.641336	0.179171	
0.683891	0.256140	0.059969	
0.195954	0.552553	0.251493	
0.000065	0.008437	0.991498	
0.295261	0.486023	0.218716	
0.038534	0.646463	0.315003	
0.043679	0.100894	0.855427	
0.498611	0.327855	0.173534	
0.093297	0.601882	0.304821	
0.022237	0.511693	0.466070	
0.058531	0.623105	0.318364	
0.611812	0.265378	0.122810	
0.043104	0.784433	0.172462	
0.031908	0.085055	0.883037	
0.002804	0.049793	0.947403	
0.035711	0.512827	0.451462	
0.475355	0.345428	0.179217	
0.427745	0.379010	0.193245	
0.011536	0.210043	0.778421	
0.601410	0.292030	0.106559	
0.919496	0.070828	0.009675	
0.479547	0.376757	0.143696	
0.794696	0.166240	0.039064	
0.918281	0.071635	0.010084	
0.171369	0.272809	0.555822	
0.452535	0.425654	0.121811	
0.006424	0.586428	0.407147	
0.436576	0.390120	0.173304	
0.088803	0.420782	0.490415	
0.376759	0.416462	0.206779	
0.026682	0.453966	0.519352	
0.050204	0.507048	0.442749	
0.027308	0.628062	0.344630	
0.036054	0.258416	0.705530	
0.784633	0.180917	0.034450	
0.187003	0.560921	0.252077	
0.520077	0.373777	0.106147	
0.601802	0.328357	0.069841	
0.217380	0.440073	0.342548	
0.834033	0.152108	0.013859	
0.644575	0.268755	0.086671	
0.027736	0.698401	0.273863	
0.800466	0.165370	0.034164	
0.266624	0.558273	0.175104	
0.007175	0.128932	0.863893	
0.656281	0.272169	0.071550	
0.052675	0.726887	0.220438	
0.056383	0.487755	0.455862	
0.618941	0.280155	0.100904	
0.214322	0.522605	0.263072	
0.025606	0.164338	0.810056	
0.005264	0.218148	0.776587	
0.411751	0.460077	0.128172	
0.084210	0.564364	0.351426	
0.276258	0.435735	0.288007	
0.002380	0.285674	0.711946	
0.028007	0.583825	0.388168	
0.339856	0.525832	0.134313	
0.057955	0.202121	0.739924	
0.145084	0.640103	0.214813	
0.036189	0.724208	0.239603	
0.162097	0.632169	0.205734	
0.141144	0.593284	0.265571	
0.415524	0.462079	0.122397	
0.000091	0.026087	0.973822	
0.068253	0.552829	0.378919	
0.125948	0.645459	0.228593	
0.054851	0.102252	0.842898	
0.019385	0.378282	0.602333	
0.213062	0.587499	0.199440	
0.003133	0.169261	0.827606	
0.011595	0.445418	0.542987	
0.006047	0.502088	0.491865	
0.012982	0.381080	0.605938	
0.003721	0.151252	0.845028	
0.205752	0.535099	0.259150	
0.004536	0.406622	0.588842	
0.058408	0.463446	0.478146	
0.000960	0.092970	0.906070	
0.360578	0.433452	0.205970	
0.077599	0.171160	0.751241	
0.001350	0.218250	0.780399	
0.001171	0.034368	0.964462	
0.504467	0.335021	0.160513	
0.001351	0.097336	0.901313	
0.002626	0.024176	0.973198	
0.006738	0.061757	0.931505	
0.103302	0.365328	0.531369	
0.038372	0.169497	0.792132	
0.103767	0.267779	0.628454	
0.248157	0.313663	0.438179	
0.003192	0.251063	0.745745	
0.001319	0.049332	0.949348	
0.000007	0.000900	0.999094	
0.014017	0.076884	0.909099	
0.008803	0.436511	0.554687	
0.044215	0.496891	0.458894	
0.019692	0.073202	0.907106	
0.036393	0.485959	0.477648	
0.000272	0.037964	0.961764	
0.004630	0.199815	0.795555	
0.858373	0.120647	0.020980	
0.190398	0.409294	0.400308	
0.003937	0.425856	0.570207	
0.010303	0.251822	0.737874	
0.560893	0.317403	0.121704	
0.290111	0.327753	0.382136	
0.130063	0.546629	0.323308	
0.016101	0.338483	0.645416	
0.000224	0.007821	0.991955	
0.062126	0.355938	0.581937	
0.001116	0.099582	0.899302	
0.004327	0.122707	0.872966	
0.012064	0.420664	0.567272	
0.538534	0.327584	0.133882	
0.003590	0.274515	0.721894	
0.001322	0.034615	0.964063	
0.000330	0.009671	0.989999	
0.617339	0.242566	0.140095	
0.017724	0.111510	0.870767	
0.009962	0.316633	0.673405	
0.004547	0.346502	0.648952	
0.007883	0.283412	0.708705	
0.007930	0.197735	0.794335	
0.022886	0.337883	0.639231	
0.587830	0.266668	0.145502	
0.016268	0.562447	0.421285	
0.005215	0.275102	0.719683	
0.431293	0.346372	0.222335	
0.054282	0.498327	0.447391	
0.037171	0.346558	0.616271	
0.006219	0.295534	0.698246	
0.003884	0.252588	0.743528	
0.011829	0.175554	0.812617	
0.149573	0.474713	0.375713	
0.000357	0.035384	0.964258	
0.026239	0.688817	0.284945	
0.001622	0.101267	0.897111	
0.001017	0.227049	0.771934	
0.009515	0.343540	0.646946	
0.019849	0.474906	0.505245	
0.009374	0.057651	0.932975	
0.001261	0.021463	0.977276	
0.007677	0.149786	0.842537	
0.001171	0.201252	0.797578	
0.010002	0.397611	0.592387	
0.000453	0.036108	0.963440	
0.038024	0.552043	0.409933	
0.013518	0.477660	0.508822	
0.203698	0.415356	0.380946	
0.326286	0.451793	0.221921	
0.086869	0.372542	0.540589	
0.000222	0.008521	0.991258	
0.093439	0.312576	0.593985	
0.545587	0.324017	0.130396	
0.007966	0.677893	0.314141	
0.001376	0.084293	0.914332	
0.001172	0.023650	0.975178	
0.004861	0.022297	0.972841	
0.001408	0.064241	0.934351	
0.002188	0.240039	0.757772	
0.005991	0.040804	0.953205	
0.000584	0.018735	0.980680	
0.649563	0.264562	0.085875	
0.002513	0.147235	0.850252	
0.000556	0.017839	0.981605	
0.000453	0.012433	0.987114	
0.007215	0.051858	0.940927	
0.002034	0.467445	0.530522	
0.005329	0.364711	0.629960	
0.001545	0.019646	0.978809	
0.719264	0.212816	0.067921	
0.029200	0.437507	0.533292	
0.000490	0.224035	0.775475	
0.006600	0.577800	0.415600	
0.075862	0.384682	0.539456	
0.002647	0.032152	0.965201	
0.018987	0.209435	0.771577	
0.008480	0.319281	0.672238	
0.461815	0.280911	0.257274	
0.002778	0.159874	0.837348	
0.001080	0.016834	0.982086	
0.055340	0.126212	0.818448	
0.098074	0.552541	0.349385	
0.010534	0.285231	0.704236	
0.003078	0.160070	0.836851	
0.015561	0.045968	0.938471	
0.000329	0.008855	0.990816	
0.153097	0.426343	0.420560	
0.000498	0.016278	0.983224	
0.156879	0.356743	0.486378	
0.009794	0.799340	0.190866	
0.033078	0.066362	0.900560	
0.002719	0.303998	0.693283	
0.111838	0.311991	0.576172	
0.005069	0.425650	0.569281	
0.000326	0.172068	0.827606	
0.014506	0.356806	0.628688	
0.005598	0.837073	0.157329	
0.221731	0.561863	0.216406	
0.000899	0.032419	0.966682	
0.020596	0.075064	0.904340	
0.003253	0.019078	0.977668	
0.013166	0.042176	0.944659	
0.019314	0.104503	0.876183	
0.232556	0.477594	0.289850	
0.360698	0.235799	0.403503	
0.009377	0.135541	0.855083	
0.032767	0.790721	0.176512	
0.029815	0.770910	0.199276	
0.006455	0.628512	0.365034	
0.003488	0.552426	0.444086	
0.047324	0.360557	0.592119	
0.007848	0.690516	0.301636	
0.003123	0.473081	0.523796	
0.023522	0.361650	0.614828	
0.004906	0.117032	0.878062	
0.006897	0.605253	0.387850	
0.014763	0.406363	0.578874	
0.024063	0.448796	0.527140	
0.515029	0.383963	0.101007	
0.434044	0.334755	0.231202	
0.000918	0.257745	0.741337	
0.011447	0.355579	0.632974	
0.000462	0.026585	0.972953	
0.041392	0.226494	0.732113	
0.338005	0.333687	0.328307	
0.689769	0.246217	0.064014	
0.002010	0.359430	0.638560	
0.005003	0.172355	0.822642	
0.008067	0.155144	0.836789	
0.002529	0.020318	0.977153	
0.001641	0.415166	0.583193	
0.732360	0.215394	0.052246	
0.535903	0.335666	0.128431	
0.077319	0.324861	0.597820	
0.003346	0.195035	0.801619	
0.155166	0.465426	0.379408	
0.432648	0.375221	0.192132	
0.355833	0.481675	0.162491	
0.837352	0.130455	0.032193	
0.009272	0.286037	0.704690	
0.071514	0.168770	0.759716	
0.001493	0.263605	0.734901	
0.180071	0.311157	0.508772	
0.389471	0.357688	0.252841	
0.742464	0.192364	0.065172	
0.040859	0.654942	0.304199	
0.033396	0.394072	0.572532	
0.010948	0.634437	0.354615	
0.350572	0.386068	0.263360	
0.833142	0.119618	0.047240	
0.118250	0.631235	0.250515	
0.000153	0.214674	0.785173	
0.451216	0.373420	0.175364	
0.006186	0.367343	0.626472	
0.540913	0.358117	0.100970	
0.002423	0.139791	0.857786	
0.792184	0.155972	0.051844	
0.381233	0.403380	0.215387	
0.804389	0.153318	0.042292	
0.314070	0.488262	0.197668	
0.647515	0.265866	0.086619	
0.523061	0.371589	0.105350	
0.646959	0.253985	0.099056	
0.000193	0.006113	0.993694	
0.123163	0.549091	0.327746	
0.001452	0.238555	0.759993	
0.550000	0.310983	0.139017	
0.271136	0.551635	0.177229	
0.469279	0.375486	0.155235	
0.162765	0.589862	0.247373	
0.075515	0.416481	0.508004	
0.931761	0.061962	0.006277	
0.001000	0.329741	0.669258	
0.750277	0.189249	0.060474	
0.002433	0.071997	0.925570	
0.002840	0.661750	0.335410	
0.006332	0.272411	0.721257	
0.005086	0.207420	0.787494	
0.073756	0.384507	0.541737	
0.475408	0.377292	0.147300	
0.259595	0.491631	0.248775	
0.403948	0.363855	0.232197	
0.002510	0.098498	0.898992	
0.000194	0.011223	0.988583	
0.101478	0.240883	0.657640	
0.009270	0.131571	0.859158	
0.009366	0.035862	0.954772	
0.001528	0.346558	0.651914	
0.001579	0.401126	0.597295	
0.031344	0.533943	0.434712	
0.292538	0.356383	0.351080	
0.001801	0.157301	0.840898	
0.006985	0.272591	0.720424	
0.295582	0.514682	0.189736	
0.567616	0.262371	0.170013	
0.348754	0.377215	0.274031	
0.042139	0.383517	0.574344	
0.000437	0.020693	0.978870	
0.610125	0.332732	0.057143	
0.608072	0.297328	0.094600	
0.024060	0.720263	0.255678	
0.829883	0.139286	0.030831	
0.029068	0.594621	0.376311	
0.089322	0.628867	0.281811	
0.014621	0.360294	0.625085	
0.272361	0.384706	0.342933	
0.359151	0.529570	0.111279	
0.037251	0.513717	0.449032	
0.337105	0.338492	0.324402	
0.003712	0.201871	0.794417	
0.054098	0.390610	0.555292	
0.002145	0.334534	0.663321	
0.070393	0.610872	0.318735	
0.507250	0.355928	0.136823	
0.006311	0.112272	0.881417	
0.183626	0.276651	0.539723	
0.001351	0.048539	0.950110	
0.001184	0.223433	0.775383	
0.000145	0.003592	0.996264	
0.000013	0.001017	0.998971	
0.000324	0.022859	0.976817	
0.000148	0.020742	0.979110	
0.001962	0.088055	0.909983	
0.054671	0.326738	0.618591	
0.000069	0.049171	0.950760	
0.003528	0.045883	0.950589	
0.000030	0.003167	0.996803	
0.002538	0.045678	0.951784	
0.003152	0.112654	0.884193	
0.000193	0.004952	0.994855	
0.095002	0.213842	0.691156	
0.007850	0.125516	0.866634	
0.000336	0.013469	0.986195	
0.409365	0.413944	0.176691	
0.000813	0.018646	0.980541	
0.015539	0.186200	0.798261	
0.000353	0.021406	0.978241	
0.000316	0.039322	0.960362	
0.000033	0.002527	0.997439	
0.000938	0.066756	0.932306	
0.000095	0.002529	0.997376	
0.000061	0.002677	0.997262	
0.119946	0.197513	0.682541	
0.114202	0.325906	0.559892	
0.000071	0.014387	0.985542	
0.003596	0.139525	0.856879	
0.000191	0.008564	0.991245	
0.000072	0.006864	0.993064	
0.816237	0.149468	0.034295	
0.000048	0.003296	0.996656	
0.141029	0.194320	0.664651	
0.005268	0.199647	0.795086	
0.005725	0.022647	0.971627	
0.041525	0.281363	0.677113	
0.039995	0.140082	0.819923	
0.002604	0.055412	0.941984	
0.002578	0.085253	0.912169	
0.000034	0.003095	0.996872	
0.000006	0.000565	0.999429	
0.000261	0.030921	0.968819	
0.342873	0.315227	0.341900	
0.437354	0.281265	0.281382	
0.000409	0.092954	0.906637	
0.000160	0.012940	0.986900	
0.000351	0.039028	0.960621	
0.002904	0.075416	0.921680	
0.000643	0.009454	0.989903	
0.008046	0.032263	0.959690	
0.000050	0.004927	0.995024	
0.002277	0.133371	0.864352	
0.000432	0.013715	0.985854	
0.000905	0.047580	0.951514	
0.004331	0.044457	0.951212	
0.034908	0.230972	0.734120	
0.000066	0.004389	0.995546	
0.030005	0.068122	0.901873	
0.000060	0.003668	0.996271	
0.001819	0.049671	0.948510	
0.000011	0.001795	0.998194	
0.000141	0.004871	0.994988	
0.000171	0.008741	0.991087	
0.000463	0.044031	0.955506	
0.000316	0.044755	0.954928	
0.209601	0.275790	0.514609	
0.002537	0.086943	0.910519	
0.050485	0.143370	0.806145	
0.003684	0.017101	0.979216	
0.000276	0.019101	0.980622	
0.000027	0.001866	0.998107	
0.031862	0.273493	0.694645	
0.000554	0.052511	0.946935	
0.000775	0.025721	0.973504	
0.000061	0.003002	0.996937	
0.001274	0.072977	0.925749	
0.034815	0.400204	0.564981	
0.009932	0.174718	0.815350	
0.005671	0.197066	0.797263	
0.000010	0.003241	0.996749	
0.030775	0.436420	0.532805	
0.381653	0.451882	0.166466	
0.000266	0.379967	0.619767	
0.494640	0.406318	0.099042	
0.200287	0.243851	0.555863	
0.624331	0.260246	0.115424	
0.001282	0.024835	0.973883	
0.006532	0.163789	0.829679	
0.001637	0.080591	0.917772	
0.007019	0.702245	0.290736	
0.001211	0.088135	0.910654	
0.066963	0.699138	0.233899	
0.071364	0.560923	0.367712	
0.293390	0.378549	0.328062	
0.338533	0.552237	0.109229	
0.000445	0.432552	0.567003	
0.019591	0.699843	0.280566	
0.295992	0.507044	0.196964	
0.003173	0.479501	0.517326	
0.012918	0.169874	0.817208	
0.001481	0.748733	0.249786	
0.007443	0.057651	0.934906	
0.000799	0.192692	0.806510	
0.013750	0.363365	0.622885	
0.011746	0.300606	0.687649	
0.020585	0.462257	0.517158	
0.003070	0.611930	0.385000	
0.003575	0.040702	0.955723	
0.002134	0.230868	0.766999	
0.025777	0.615046	0.359177	
0.015302	0.647870	0.336829	
0.151680	0.296722	0.551598	
0.009793	0.371724	0.618483	
0.086080	0.277768	0.636153	
0.004449	0.063671	0.931881	
0.515161	0.346682	0.138157	
0.015576	0.465219	0.519206	
0.004895	0.333349	0.661756	
0.121010	0.341595	0.537396	
0.192930	0.382107	0.424963	
0.009170	0.172027	0.818803	
0.000402	0.017794	0.981804	
0.001482	0.067182	0.931336	
0.634449	0.275435	0.090116	
0.087410	0.147426	0.765164	
0.494973	0.351597	0.153431	
0.458572	0.418430	0.122997	
0.373401	0.446092	0.180506	
0.107057	0.642059	0.250884	
0.067717	0.666314	0.265969	
0.244608	0.497483	0.257909	
0.783011	0.175097	0.041892	
0.631665	0.278856	0.089479	
0.045151	0.383688	0.571160	
0.002425	0.049536	0.948039	
0.107892	0.683847	0.208261	
0.002600	0.347597	0.649803	
0.002501	0.411930	0.585569	
0.043834	0.507133	0.449033	
0.003917	0.283063	0.713021	
0.003707	0.244472	0.751821	
0.104110	0.746687	0.149203	
0.019339	0.315295	0.665366	
0.200144	0.634705	0.165152	
0.291210	0.281676	0.427114	
0.004291	0.096872	0.898837	
0.004213	0.153150	0.842638	
0.345724	0.440439	0.213837	
0.529345	0.335206	0.135449	
0.007879	0.408997	0.583124	
0.072345	0.747941	0.179714	
0.414295	0.258791	0.326914	
0.279767	0.430380	0.289853	
0.283726	0.544543	0.171731	
0.102361	0.469031	0.428608	
0.393284	0.416564	0.190152	
0.004087	0.432042	0.563872	
0.077971	0.136850	0.785179	
0.233492	0.289183	0.477325	
0.307438	0.514198	0.178364	
0.001896	0.488945	0.509159	
0.017446	0.288893	0.693661	
0.339944	0.529453	0.130603	
0.201937	0.547852	0.250211	
0.020308	0.177367	0.802325	
0.003891	0.203184	0.792925	
0.006067	0.482878	0.511055	
0.011034	0.245591	0.743376	
0.034770	0.212218	0.753013	
0.203495	0.519177	0.277328	
0.524591	0.360063	0.115346	
0.141322	0.189356	0.669322	
0.028161	0.654122	0.317717	
0.005189	0.040699	0.954112	
0.543694	0.319555	0.136751	
0.001764	0.066699	0.931538	
0.090641	0.591816	0.317543	
0.582419	0.275444	0.142137	
0.110423	0.577536	0.312041	
0.064988	0.645198	0.289815	
0.093867	0.647985	0.258149	
0.000305	0.174694	0.825002	
0.106703	0.538540	0.354757	
0.473315	0.367231	0.159454	
0.145319	0.143944	0.710737	
0.004649	0.081711	0.913641	
0.171962	0.412006	0.416032	
0.212216	0.560068	0.227715	
0.049860	0.166510	0.783631	
0.197636	0.630496	0.171868	
0.673381	0.271049	0.055571	
0.011337	0.101772	0.886892	
0.049879	0.748324	0.201797	
0.012330	0.650286	0.337384	
0.340518	0.399455	0.260027	
0.484732	0.336929	0.178339	
0.219144	0.218042	0.562814	
0.401050	0.461059	0.137890	
0.427623	0.427765	0.144612	
0.014394	0.200666	0.784940	
0.283668	0.283350	0.432982	
0.013162	0.134123	0.852715	
0.004951	0.683074	0.311975	
0.326314	0.394731	0.278955	
0.039293	0.444828	0.515879	
0.081598	0.117690	0.800712	
0.004824	0.045589	0.949587	
0.051578	0.155818	0.792604	
0.070692	0.623530	0.305778	
0.444539	0.470844	0.084616	
0.003620	0.208270	0.788110	
0.594170	0.265330	0.140500	
0.010044	0.640006	0.349950	
0.001751	0.085265	0.912985	
0.000278	0.007982	0.991739	
0.142695	0.346113	0.511192	
0.080343	0.397763	0.521895	
0.210795	0.482303	0.306901	
0.572257	0.364637	0.063106	
0.001058	0.011445	0.987497	
0.046069	0.179393	0.774538	
0.003152	0.145264	0.851584	
0.184743	0.670871	0.144386	
0.067192	0.142709	0.790099	
0.524723	0.283446	0.191831	
0.097952	0.752859	0.149188	
0.008900	0.752591	0.238509	
0.060620	0.356211	0.583169	
0.400932	0.366168	0.232900	
0.094705	0.420467	0.484827	
0.695453	0.267533	0.037014	
0.012028	0.458739	0.529233	
0.163130	0.625979	0.210891	
0.048848	0.266848	0.684304	
0.656689	0.268658	0.074652	
0.035513	0.076575	0.887912	
0.089760	0.528747	0.381493	
0.680435	0.236375	0.083190	
0.468849	0.334235	0.196915	
0.230025	0.451206	0.318769	
0.058279	0.729209	0.212512	
0.013053	0.112716	0.874232	
0.208943	0.570041	0.221016	
0.289280	0.606937	0.103783	
0.054996	0.082591	0.862412	
0.042318	0.099733	0.857949	
0.003991	0.050327	0.945682	
0.000488	0.011537	0.987975	
0.002339	0.283037	0.714625	
0.014731	0.092058	0.893211	
0.092542	0.615541	0.291917	
0.064444	0.459646	0.475909	
0.702002	0.243325	0.054674	
0.258452	0.466031	0.275518	
0.003813	0.072709	0.923478	
0.000884	0.310878	0.688238	
0.033422	0.779507	0.187071	
0.003102	0.280273	0.716626	
0.018143	0.149394	0.832463	
0.093193	0.471177	0.435630	
0.341513	0.474511	0.183976	
0.000544	0.046454	0.953002	
0.012081	0.251904	0.736014	
0.014199	0.596052	0.389749	
0.003824	0.090486	0.905690	
0.576765	0.327000	0.096235	
0.001470	0.455588	0.542942	
0.013293	0.055877	0.930830	
0.028287	0.321149	0.650565	
0.017876	0.061276	0.920848	
0.025987	0.304079	0.669935	
0.000674	0.298789	0.700537	
0.305908	0.394933	0.299159	
0.003168	0.827182	0.169650	
0.258581	0.352564	0.388855	
0.110340	0.757334	0.132325	
0.167823	0.649199	0.182978	
0.037651	0.249798	0.712551	
0.199950	0.708261	0.091789	
0.212687	0.690540	0.096773	
0.904511	0.085831	0.009658	
0.420959	0.504681	0.074360	
0.614332	0.333332	0.052336	
0.656781	0.275595	0.067623	
0.510551	0.429369	0.060080	
0.712483	0.218728	0.068789	
0.144420	0.685084	0.170496	
0.196456	0.645803	0.157740	
0.695855	0.242120	0.062025	
0.602012	0.310193	0.087794	
0.587488	0.351701	0.060811	
0.008171	0.034218	0.957611	
0.235114	0.538748	0.226138	
0.509529	0.432400	0.058072	
0.251240	0.621781	0.126979	
0.637409	0.287786	0.074805	
0.602320	0.315431	0.082249	
0.241144	0.591992	0.166864	
0.618532	0.344438	0.037030	
0.714762	0.225649	0.059589	
0.498004	0.387860	0.114136	
0.026756	0.162072	0.811172	
0.375337	0.446283	0.178379	
0.008104	0.803301	0.188596	
0.464360	0.470950	0.064690	
0.402113	0.462700	0.135186	
0.821237	0.157206	0.021558	
0.007177	0.762121	0.230701	
0.260890	0.499624	0.239486	
0.522078	0.371074	0.106848	
0.500906	0.388560	0.110534	
0.350996	0.528683	0.120321	
0.452984	0.461276	0.085740	
0.551455	0.348756	0.099788	
0.791377	0.153790	0.054833	
0.519095	0.390423	0.090483	
0.572471	0.322626	0.104903	
0.754155	0.226194	0.019651	
0.080860	0.737974	0.181166	
0.842100	0.144904	0.012995	
0.539146	0.381804	0.079050	
0.534730	0.355302	0.109968	
0.298449	0.600128	0.101422	
0.331542	0.410545	0.257913	
0.372164	0.469240	0.158596	
0.717980	0.250008	0.032013	
0.371155	0.503445	0.125399	
0.355278	0.512789	0.131934	
0.192488	0.666341	0.141171	
0.247185	0.431748	0.321067	
0.699605	0.255701	0.044694	
0.631038	0.318804	0.050158	
0.014718	0.139628	0.845654	
0.455923	0.384793	0.159284	
0.457193	0.312034	0.230773	
0.153089	0.591717	0.255194	
0.335669	0.456094	0.208237	
0.438656	0.434763	0.126581	
0.014753	0.806899	0.178348	
0.156872	0.731542	0.111586	
0.456504	0.417829	0.125667	
0.122866	0.637362	0.239772	
0.508986	0.431760	0.059254	
0.008349	0.363914	0.627736	
0.439555	0.448141	0.112305	
0.757095	0.195851	0.047054	
0.812828	0.164456	0.022716	
0.798763	0.170902	0.030335	
0.378227	0.521147	0.100625	
0.142312	0.730395	0.127293	
0.343914	0.485323	0.170763	
0.654261	0.273088	0.072651	
0.606153	0.338680	0.055167	
0.730590	0.224257	0.045152	
0.006589	0.036131	0.957280	
0.682016	0.237073	0.080911	
0.612722	0.337419	0.049859	
0.654420	0.260026	0.085554	
0.077614	0.746797	0.175589	
0.089313	0.510845	0.399842	
0.863647	0.123508	0.012846	
0.300114	0.520608	0.179278	
0.262880	0.424890	0.312230	
0.427628	0.485283	0.087089	
0.376078	0.425928	0.197994	
0.609776	0.335067	0.055156	
0.508192	0.338513	0.153296	
0.321768	0.513789	0.164443	
0.591798	0.352145	0.056057	
0.058913	0.365630	0.575457	
0.550626	0.362874	0.086500	
0.002595	0.050099	0.947306	
0.687080	0.268964	0.043956	
0.603675	0.327383	0.068942	
0.639175	0.283774	0.077052	
0.217130	0.535898	0.246972	
0.435626	0.462116	0.102258	
0.533321	0.314907	0.151772	
0.314355	0.476113	0.209532	
0.638602	0.313009	0.048390	
0.562982	0.385011	0.052007	
0.108760	0.738325	0.152915	
0.012275	0.064804	0.922921	
0.027249	0.784561	0.188189	
0.032140	0.203396	0.764464	
0.002000	0.041575	0.956425	
0.055235	0.832608	0.112157	
0.116391	0.644572	0.239037	
0.264412	0.563563	0.172025	
0.004891	0.051244	0.943865	
0.630188	0.285085	0.084726	
0.024610	0.110222	0.865167	
0.150504	0.567688	0.281808	
0.026769	0.071609	0.901622	
0.489130	0.395068	0.115802	
0.628070	0.285038	0.086892	
0.774424	0.202082	0.023494	
0.281849	0.542500	0.175652	
0.506652	0.341787	0.151561	
0.002225	0.132609	0.865166	
0.566516	0.314332	0.119152	
0.116177	0.591912	0.291912	
0.679552	0.278016	0.042431	
0.034528	0.224835	0.740637	
0.013474	0.140617	0.845909	
0.044665	0.556991	0.398345	
0.386640	0.433131	0.180229	
0.000114	0.007615	0.992271	
0.660802	0.298914	0.040285	
0.203786	0.624656	0.171559	
0.115149	0.689454	0.195396	
0.857574	0.110700	0.031726	
0.622635	0.330227	0.047138	
0.173766	0.644436	0.181798	
0.011648	0.081695	0.906657	
0.001894	0.050006	0.948100	
0.206250	0.369215	0.424535	
0.086000	0.272706	0.641295	
0.916274	0.077033	0.006693	
0.502088	0.417540	0.080372	
0.078394	0.591780	0.329826	
0.000881	0.029775	0.969344	
0.103951	0.740760	0.155289	
0.453414	0.330947	0.215639	
0.425305	0.488373	0.086322	
0.528896	0.344730	0.126374	
0.457311	0.417163	0.125526	
0.472829	0.422627	0.104544	
0.312665	0.285810	0.401524	
0.030359	0.157197	0.812444	
0.212861	0.253313	0.533826	
0.007950	0.061607	0.930443	
0.360181	0.387079	0.252740	
0.089791	0.808876	0.101334	
0.138868	0.429994	0.431138	
0.774332	0.183054	0.042615	
0.605823	0.314441	0.079736	
0.099635	0.713297	0.187067	
0.059603	0.485829	0.454569	
0.619197	0.311443	0.069360	
0.065069	0.423751	0.511179	
0.759203	0.214682	0.026115	
0.103127	0.729121	0.167751	
0.142388	0.239273	0.618339	
0.455769	0.345775	0.198457	
0.249013	0.444087	0.306900	
0.105386	0.179535	0.715080	
0.021694	0.730971	0.247335	
0.764375	0.205284	0.030341	
0.554211	0.340286	0.105503	
0.769710	0.196145	0.034145	
0.406137	0.435989	0.157874	
0.087833	0.165448	0.746718	
0.492980	0.416794	0.090227	
0.355947	0.335051	0.309002	
0.507444	0.438894	0.053662	
0.228975	0.371100	0.399925	
0.429307	0.467138	0.103555	
0.217451	0.357552	0.424996	
0.038155	0.691279	0.270565	
0.226201	0.555420	0.218379	
0.004464	0.734038	0.261498	
0.285942	0.594085	0.119973	
0.248554	0.533972	0.217474	
0.407953	0.405407	0.186640	
0.689404	0.237770	0.072826	
0.120512	0.338704	0.540785	
0.101813	0.285756	0.612431	
0.668177	0.297051	0.034773	
0.549336	0.365281	0.085383	
0.039710	0.759675	0.200615	
0.265774	0.540040	0.194186	
0.397431	0.465554	0.137015	
0.237860	0.622415	0.139725	
0.250345	0.266356	0.483300	
0.067419	0.711720	0.220861	
0.015538	0.792185	0.192277	
0.287503	0.399631	0.312866	
0.025779	0.847174	0.127047	
0.045378	0.800289	0.154333	
0.009609	0.370676	0.619715	
0.406137	0.459597	0.134266	
0.074524	0.238952	0.686524	
0.078776	0.852180	0.069044	
0.029994	0.766667	0.203339	
0.221292	0.626114	0.152594	
0.005175	0.378596	0.616229	
0.014872	0.841510	0.143618	
0.048590	0.822899	0.128511	
0.122261	0.757279	0.120460	
0.021540	0.790969	0.187491	
0.692721	0.244868	0.062411	
0.838626	0.136878	0.024496	
0.105737	0.788967	0.105296	
0.703132	0.257010	0.039859	
0.241198	0.653508	0.105294	
0.030417	0.799059	0.170523	
0.463547	0.385658	0.150795	
0.694269	0.243319	0.062412	
0.490175	0.435898	0.073927	
0.546258	0.361138	0.092604	
0.091822	0.792785	0.115393	
0.197273	0.455588	0.347138	
0.718269	0.230594	0.051137	
0.703307	0.243572	0.053121	
0.119783	0.624057	0.256160	
0.404928	0.484896	0.110176	
0.478714	0.352127	0.169159	
0.425409	0.405954	0.168636	
0.534886	0.383877	0.081238	
0.212770	0.576746	0.210484	
0.022627	0.852322	0.125050	
0.066787	0.639508	0.293705	
0.157309	0.720598	0.122092	
0.175870	0.550817	0.273313	
0.104634	0.743271	0.152096	
0.218996	0.558926	0.222078	
0.697479	0.263875	0.038646	
0.249753	0.573665	0.176582	
0.205446	0.495315	0.299240	
0.007475	0.726189	0.266336	
0.129628	0.697458	0.172914	
0.089687	0.744727	0.165586	
0.075446	0.823470	0.101084	
0.009558	0.785599	0.204843	
0.184340	0.570752	0.244907	
0.016105	0.553234	0.430660	
0.102149	0.620276	0.277575	
0.052931	0.764898	0.182172	
0.365726	0.530372	0.103902	
0.257808	0.638487	0.103705	
0.171026	0.596394	0.232579	
0.446862	0.423340	0.129798	
0.058695	0.304811	0.636493	
0.733093	0.223410	0.043497	
0.612015	0.351441	0.036543	
0.258433	0.624353	0.117215	
0.163828	0.441454	0.394718	
0.296562	0.607304	0.096134	
0.553212	0.369337	0.077451	
0.180295	0.700309	0.119396	
0.444009	0.403799	0.152192	
0.008411	0.465299	0.526290	
0.218743	0.416414	0.364843	
0.447508	0.481645	0.070847	
0.362345	0.485207	0.152448	
0.041352	0.541681	0.416967	
0.011865	0.629413	0.358722	
0.110323	0.758632	0.131045	
0.252341	0.272880	0.474780	
0.187087	0.681829	0.131084	
0.198831	0.674213	0.126956	
0.535463	0.393612	0.070925	
0.353751	0.299025	0.347223	
0.437662	0.492171	0.070167	
0.274746	0.626673	0.098581	
0.002478	0.358335	0.639187	
0.526754	0.365861	0.107385	
0.631272	0.328384	0.040343	
0.528748	0.380736	0.090516	
0.245174	0.654141	0.100685	
0.303486	0.515178	0.181335	
0.268626	0.241369	0.490004	
0.256587	0.618110	0.125302	
0.009470	0.427781	0.562748	
0.556405	0.379252	0.064343	
0.014561	0.790719	0.194720	
0.413307	0.456251	0.130443	
0.358323	0.476272	0.165405	
0.802810	0.163695	0.033495	
0.210100	0.686282	0.103617	
0.160781	0.671887	0.167332	
0.520660	0.337316	0.142024	
0.645990	0.317506	0.036505	
0.134170	0.367813	0.498017	
0.591899	0.287046	0.121055	
0.666275	0.281074	0.052651	
0.636078	0.317363	0.046559	
0.083260	0.613199	0.303541	
0.015669	0.071041	0.913290	
0.002110	0.024329	0.973561	
0.019579	0.142031	0.838390	
0.469253	0.426341	0.104406	
0.499626	0.463913	0.036461	
0.074250	0.742481	0.183269	
0.747779	0.213919	0.038302	
0.155701	0.590885	0.253413	
0.588745	0.349040	0.062215	
0.691038	0.253059	0.055903	
0.533122	0.400928	0.065950	
0.063877	0.569682	0.366441	
0.019028	0.332392	0.648580	
0.230890	0.515297	0.253813	
0.527759	0.413861	0.058380	
0.378689	0.509252	0.112059	
0.776415	0.202168	0.021417	
0.212687	0.690540	0.096773	
0.848414	0.136097	0.015489	
0.021008	0.782195	0.196798	
0.276572	0.555502	0.167926	
0.711762	0.247112	0.041125	
0.309902	0.521080	0.169017	
0.336771	0.551895	0.111334	
0.619356	0.356077	0.024567	
0.637409	0.287786	0.074805	
0.283642	0.569709	0.146649	
0.401536	0.472787	0.125677	
0.013221	0.132919	0.853860	
0.325276	0.506162	0.168562	
0.757719	0.200764	0.041517	
0.395293	0.463274	0.141432	
0.738397	0.225513	0.036090	
0.014062	0.649603	0.336335	
0.548707	0.394420	0.056873	
0.671187	0.279757	0.049056	
0.354633	0.506550	0.138817	
0.654483	0.280275	0.065241	
0.069661	0.819060	0.111279	
0.814900	0.162089	0.023011	
0.356564	0.525503	0.117933	
0.347766	0.561411	0.090823	
0.435874	0.412973	0.151153	
0.069861	0.758115	0.172024	
0.846613	0.139879	0.013507	
0.171149	0.681765	0.147087	
0.085341	0.733053	0.181606	
0.637032	0.302071	0.060897	
0.009818	0.051907	0.938274	
0.696356	0.249737	0.053907	
0.832161	0.136623	0.031217	
0.496479	0.399906	0.103614	
0.082507	0.658314	0.259179	
0.631874	0.312468	0.055658	
0.244060	0.509858	0.246082	
0.317732	0.580099	0.102169	
0.308575	0.594778	0.096647	
0.403469	0.490774	0.105757	
0.030087	0.130168	0.839744	
0.029508	0.263695	0.706797	
0.114735	0.662485	0.222780	
0.000093	0.012014	0.987893	
0.120049	0.612762	0.267189	
0.000081	0.003021	0.996898	
0.009812	0.648323	0.341866	
0.013887	0.396670	0.589444	
0.003576	0.131682	0.864743	
0.476306	0.294187	0.229507	
0.000694	0.057692	0.941614	
0.587696	0.332300	0.080003	
0.116667	0.228108	0.655225	
0.027256	0.439505	0.533238	
0.002456	0.031852	0.965692	
0.000080	0.010637	0.989284	
0.020652	0.600803	0.378544	
0.012915	0.504546	0.482539	
0.672544	0.211432	0.116024	
0.003605	0.299763	0.696632	
0.493354	0.438857	0.067789	
0.002040	0.343521	0.654439	
0.033955	0.085258	0.880788	
0.019640	0.598357	0.382004	
0.004073	0.080712	0.915214	
0.002904	0.073245	0.923851	
0.001537	0.074344	0.924119	
0.001250	0.053917	0.944833	
0.002893	0.104832	0.892275	
0.434096	0.349736	0.216167	
0.506373	0.316238	0.177389	
0.051392	0.206471	0.742137	
0.003424	0.509402	0.487174	
0.010060	0.077158	0.912783	
0.000407	0.027573	0.972020	
0.004290	0.226916	0.768794	
0.097687	0.628481	0.273832	
0.003292	0.526764	0.469943	
0.032921	0.273111	0.693968	
0.034881	0.295199	0.669920	
0.055190	0.387674	0.557136	
0.006018	0.308845	0.685137	
0.424985	0.319586	0.255429	
0.002692	0.349832	0.647476	
0.001461	0.160526	0.838013	
0.003116	0.290903	0.705981	
0.000475	0.040999	0.958526	
0.113043	0.483226	0.403731	
0.005869	0.201082	0.793049	
0.213564	0.561659	0.224777	
0.000257	0.012367	0.987376	
0.231744	0.460436	0.307820	
0.535142	0.380733	0.084125	
0.003177	0.313289	0.683534	
0.326420	0.502550	0.171030	
0.055139	0.480023	0.464839	
0.001606	0.081212	0.917183	
0.245948	0.489742	0.264309	
0.001288	0.031053	0.967659	
0.009773	0.491738	0.498490	
0.506033	0.292703	0.201264	
0.000316	0.012965	0.986719	
0.004566	0.192278	0.803156	
0.010141	0.111308	0.878551	
0.004043	0.081946	0.914010	
0.004580	0.264393	0.731027	
0.005814	0.187638	0.806548	
0.628817	0.294071	0.077112	
0.002400	0.078125	0.919475	
0.115964	0.408217	0.475819	
0.196843	0.391480	0.411677	
0.144649	0.601156	0.254194	
0.055584	0.520720	0.423696	
0.643273	0.257551	0.099176	
0.004075	0.399958	0.595968	
0.010974	0.673743	0.315283	
0.156010	0.658178	0.185812	
0.753419	0.190142	0.056439	
0.001995	0.531146	0.466859	
0.442169	0.306385	0.251446	
0.074392	0.617819	0.307788	
0.004582	0.679915	0.315503	
0.004680	0.287540	0.707779	
0.016181	0.186685	0.797134	
0.084190	0.376796	0.539013	
0.010489	0.057227	0.932283	
0.818537	0.155425	0.026038	
0.001384	0.398742	0.599874	
0.009016	0.280789	0.710195	
0.031236	0.181690	0.787074	
0.441881	0.397977	0.160141	
0.008316	0.588582	0.403102	
0.193127	0.449329	0.357544	
0.006684	0.388417	0.604900	
0.023239	0.342631	0.634130	
0.754119	0.200655	0.045226	
0.432181	0.414845	0.152973	
0.062452	0.702679	0.234868	
0.394795	0.297293	0.307913	
0.001682	0.042738	0.955580	
0.007169	0.094431	0.898399	
0.028817	0.313074	0.658109	
0.048189	0.309746	0.642065	
0.005237	0.014630	0.980133	
0.001048	0.456894	0.542058	
0.019677	0.706091	0.274231	
0.004435	0.075477	0.920088	
0.043007	0.362499	0.594494	
0.286349	0.386845	0.326806	
0.551785	0.352620	0.095596	
0.019207	0.451510	0.529283	
0.003436	0.359557	0.637008	
0.622516	0.275751	0.101733	
0.063894	0.495392	0.440714	
0.041592	0.498482	0.459926	
0.028899	0.400648	0.570452	
0.000799	0.014665	0.984535	
0.001720	0.054638	0.943642	
0.011296	0.322635	0.666069	
0.014355	0.846691	0.138954	
0.000312	0.007783	0.991905	
0.124989	0.380135	0.494876	
0.436125	0.402815	0.161060	
0.112963	0.485756	0.401280	
0.023766	0.322297	0.653937	
0.353078	0.402890	0.244032	
0.000888	0.024465	0.974647	
0.067558	0.439224	0.493218	
0.001329	0.056655	0.942016	
0.231206	0.371234	0.397559	
0.002227	0.054353	0.943420	
0.031429	0.262480	0.706091	
0.021568	0.455479	0.522953	
0.007126	0.095596	0.897278	
0.003822	0.038390	0.957788	
0.078373	0.819515	0.102112	
0.235376	0.586950	0.177674	
0.012952	0.639313	0.347735	
0.136932	0.310510	0.552558	
0.003872	0.390783	0.605345	
0.331026	0.436702	0.232272	
0.016334	0.292107	0.691559	
0.000352	0.010458	0.989190	
0.018380	0.804199	0.177421	
0.032224	0.320237	0.647539	
0.001276	0.036241	0.962483	
0.081900	0.580163	0.337937	
0.002618	0.237994	0.759387	
0.022386	0.410225	0.567389	
0.017291	0.224108	0.758601	
0.001309	0.036940	0.961751	
0.001743	0.242049	0.756207	
0.832366	0.143267	0.024367	
0.030504	0.120271	0.849225	
0.048182	0.508815	0.443002	
0.028753	0.376159	0.595088	
0.356163	0.422624	0.221212	
0.005420	0.015867	0.978713	
0.070075	0.629995	0.299929	
0.001289	0.042025	0.956687	
0.025492	0.219887	0.754621	
0.203496	0.557355	0.239149	
0.100090	0.195112	0.704798	
0.002624	0.050788	0.946588	
0.010185	0.030331	0.959483	
0.027654	0.346421	0.625926	
0.370003	0.269908	0.360089	
0.001678	0.017377	0.980945	
0.035724	0.221475	0.742801	
0.002279	0.082784	0.914936	
0.028049	0.455906	0.516045	
0.001992	0.034520	0.963487	
0.640716	0.267211	0.092073	
0.005789	0.392591	0.601620	
0.046578	0.219287	0.734134	
0.002426	0.094398	0.903177	
0.017536	0.105844	0.876620	
0.104659	0.300657	0.594685	
0.003915	0.323714	0.672371	
0.091715	0.280922	0.627363	
0.007403	0.158824	0.833774	
