0.049079	0.132823	0.818098	
0.621165	0.243220	0.135616	
0.002983	0.670000	0.327017	
0.381224	0.375523	0.243252	
0.246128	0.522453	0.231420	
0.646106	0.265704	0.088190	
0.005187	0.179085	0.815728	
0.656035	0.276245	0.067719	
0.003532	0.090674	0.905794	
0.705404	0.207717	0.086879	
0.130596	0.651371	0.218033	
0.345054	0.476103	0.178843	
0.003837	0.546569	0.449594	
0.272474	0.455678	0.271848	
0.002677	0.624304	0.373019	
0.052485	0.742180	0.205335	
0.725356	0.214271	0.060373	
0.009206	0.522379	0.468414	
0.010091	0.157895	0.832014	
0.771230	0.174077	0.054693	
0.000812	0.032508	0.966680	
0.006871	0.276157	0.716972	
0.001689	0.048541	0.949770	
0.035115	0.494525	0.470361	
0.246569	0.599894	0.153538	
0.708859	0.220293	0.070847	
0.101366	0.590775	0.307860	
0.172194	0.241549	0.586258	
0.040303	0.721562	0.238135	
0.145976	0.645583	0.208441	
0.027467	0.702492	0.270041	
0.832598	0.139835	0.027568	
0.562680	0.323332	0.113988	
0.028636	0.243927	0.727437	
0.000427	0.010775	0.988797	
0.000322	0.255682	0.743996	
0.535949	0.378195	0.085856	
0.301333	0.506799	0.191868	
0.000084	0.009257	0.990659	
0.000931	0.022662	0.976407	
0.730385	0.210098	0.059517	
0.503605	0.373669	0.122727	
0.695876	0.263822	0.040302	
0.023159	0.335027	0.641814	
0.007712	0.075192	0.917096	
0.001035	0.445501	0.553464	
0.001788	0.531345	0.466867	
0.431008	0.443205	0.125788	
0.056943	0.575513	0.367544	
0.467707	0.341505	0.190788	
0.020386	0.664354	0.315260	
0.001106	0.071043	0.927851	
0.017248	0.437273	0.545479	
0.065386	0.286398	0.648216	
0.004957	0.108891	0.886152	
0.577600	0.325508	0.096892	
0.724395	0.208996	0.066609	
0.798752	0.159687	0.041561	
0.190762	0.433845	0.375393	
0.021862	0.088719	0.889418	
0.003132	0.156783	0.840085	
0.706888	0.223163	0.069949	
0.390424	0.376772	0.232804	
0.013076	0.450799	0.536124	
0.093904	0.585481	0.320615	
0.374829	0.294585	0.330586	
0.001130	0.039873	0.958996	
0.000164	0.008694	0.991142	
0.000523	0.018486	0.980991	
0.198661	0.470125	0.331214	
0.009518	0.562946	0.427536	
0.214795	0.609633	0.175572	
0.562195	0.281088	0.156717	
0.290445	0.551744	0.157810	
0.777440	0.174952	0.047608	
0.005376	0.241383	0.753240	
0.000114	0.004977	0.994908	
0.066439	0.673773	0.259788	
0.003768	0.171243	0.824988	
0.100868	0.438118	0.461013	
0.000572	0.021393	0.978035	
0.453917	0.392165	0.153918	
0.820410	0.146469	0.033121	
0.368965	0.402018	0.229017	
0.004442	0.420497	0.575061	
0.002636	0.086069	0.911294	
0.017898	0.723966	0.258136	
0.027535	0.181631	0.790834	
0.324548	0.453145	0.222307	
0.016301	0.437845	0.545854	
0.417249	0.403537	0.179214	
0.001040	0.024002	0.974959	
0.258360	0.426924	0.314716	
0.002593	0.440793	0.556614	
0.022401	0.122933	0.854666	
0.002716	0.326973	0.670311	
0.001045	0.048534	0.950421	
0.133418	0.604383	0.262199	
0.003113	0.169628	0.827259	
0.010560	0.029852	0.959588	
0.001823	0.032640	0.965537	
0.002138	0.040784	0.957078	
0.002654	0.538351	0.458996	
0.006883	0.108366	0.884751	
0.003249	0.200214	0.796537	
0.006670	0.062050	0.931280	
0.003786	0.247058	0.749156	
0.041385	0.558477	0.400138	
0.015265	0.173782	0.810953	
0.043979	0.165535	0.790487	
0.635733	0.288925	0.075342	
0.003121	0.252531	0.744348	
0.361900	0.411094	0.227006	
0.076911	0.461630	0.461459	
0.016823	0.701652	0.281525	
0.009802	0.643154	0.347044	
0.002590	0.201150	0.796260	
0.000605	0.136965	0.862430	
0.213623	0.395917	0.390460	
0.002749	0.446799	0.550452	
0.016605	0.544531	0.438864	
0.018862	0.391969	0.589169	
0.201607	0.417105	0.381288	
0.550171	0.325100	0.124729	
0.007141	0.471139	0.521720	
0.024668	0.673982	0.301350	
0.010394	0.046898	0.942708	
0.000461	0.030211	0.969328	
0.000957	0.039016	0.960027	
0.154559	0.738524	0.106917	
0.003339	0.767726	0.228935	
0.106039	0.527641	0.366320	
0.000501	0.081563	0.917936	
0.000026	0.008528	0.991445	
0.212219	0.454129	0.333652	
0.000768	0.223066	0.776166	
0.000474	0.224087	0.775439	
0.036378	0.322885	0.640737	
0.050655	0.452741	0.496604	
0.057225	0.648680	0.294096	
0.000130	0.004799	0.995071	
0.004439	0.719831	0.275730	
0.054714	0.441101	0.504185	
0.002146	0.368613	0.629241	
0.004340	0.093035	0.902625	
0.003483	0.542150	0.454367	
0.006213	0.162411	0.831376	
0.005091	0.323840	0.671069	
0.002173	0.301620	0.696207	
0.011234	0.493550	0.495216	
0.004719	0.438006	0.557275	
0.009555	0.745410	0.245035	
0.000449	0.450080	0.549471	
0.051609	0.605432	0.342960	
0.190996	0.602179	0.206825	
0.000307	0.103932	0.895761	
0.002988	0.281144	0.715868	
0.035729	0.129129	0.835142	
0.017653	0.474018	0.508329	
0.001894	0.072672	0.925434	
0.005549	0.675071	0.319380	
0.026027	0.159319	0.814654	
0.032006	0.378388	0.589606	
0.007303	0.725874	0.266823	
0.003226	0.348680	0.648094	
0.001054	0.144963	0.853982	
0.592775	0.187556	0.219669	
0.000568	0.022882	0.976550	
0.114124	0.653173	0.232704	
0.005112	0.181495	0.813393	
0.000634	0.016313	0.983053	
0.119309	0.576197	0.304494	
0.030839	0.393550	0.575611	
0.065909	0.514389	0.419703	
0.023861	0.525650	0.450488	
0.001300	0.221673	0.777027	
0.004455	0.771427	0.224119	
0.002395	0.035225	0.962380	
0.019664	0.292395	0.687941	
0.001466	0.271701	0.726833	
0.650050	0.238201	0.111749	
0.459880	0.321508	0.218612	
0.167843	0.522395	0.309763	
0.724269	0.207550	0.068181	
0.004583	0.085606	0.909811	
0.048246	0.160795	0.790959	
0.001855	0.155832	0.842312	
0.158512	0.584380	0.257108	
0.007726	0.730540	0.261735	
0.064372	0.522333	0.413295	
0.111099	0.750916	0.137985	
0.006976	0.115186	0.877838	
0.013573	0.263420	0.723007	
0.001637	0.056234	0.942129	
0.005094	0.596934	0.397972	
0.196016	0.409841	0.394143	
0.238267	0.616493	0.145241	
0.000460	0.057293	0.942248	
0.413841	0.409514	0.176644	
0.032070	0.354228	0.613702	
0.018101	0.538933	0.442966	
0.150703	0.424742	0.424556	
0.000156	0.010899	0.988944	
0.042454	0.438094	0.519452	
0.036293	0.304534	0.659174	
0.013361	0.604638	0.382001	
0.011612	0.710049	0.278339	
0.001396	0.307257	0.691346	
0.028620	0.640130	0.331250	
0.174429	0.369092	0.456479	
0.043894	0.304578	0.651528	
0.030129	0.615161	0.354710	
0.040177	0.484515	0.475308	
0.010778	0.684348	0.304874	
0.181083	0.540010	0.278907	
0.341585	0.420486	0.237928	
0.008636	0.368927	0.622437	
0.039965	0.690556	0.269480	
0.011603	0.089783	0.898614	
0.447504	0.432151	0.120344	
0.011574	0.043910	0.944515	
0.004327	0.308041	0.687632	
0.001785	0.121525	0.876690	
0.064377	0.551426	0.384196	
0.032803	0.460838	0.506359	
0.466179	0.415705	0.118115	
0.143641	0.444040	0.412320	
0.000222	0.082432	0.917346	
0.003880	0.097865	0.898255	
0.004909	0.162518	0.832573	
0.004929	0.131682	0.863389	
0.246693	0.362011	0.391295	
0.009205	0.184654	0.806141	
0.045473	0.608353	0.346174	
0.002162	0.221500	0.776337	
0.011240	0.296711	0.692049	
0.698101	0.229089	0.072811	
0.015752	0.399133	0.585115	
0.001288	0.130021	0.868692	
0.014804	0.324810	0.660386	
0.015591	0.582685	0.401723	
0.356802	0.443240	0.199958	
0.001437	0.183020	0.815543	
0.068737	0.588844	0.342419	
0.014691	0.410215	0.575094	
0.006105	0.221436	0.772459	
0.111220	0.473518	0.415262	
0.137944	0.733775	0.128281	
0.001169	0.085093	0.913738	
0.558587	0.291069	0.150345	
0.020634	0.467946	0.511420	
0.018860	0.324988	0.656152	
0.214717	0.617453	0.167830	
0.001743	0.194670	0.803587	
0.837944	0.132322	0.029734	
0.002398	0.201101	0.796501	
0.168603	0.669706	0.161691	
0.000647	0.036528	0.962825	
0.535743	0.323346	0.140911	
0.406406	0.336662	0.256931	
0.088575	0.187168	0.724257	
0.000502	0.048133	0.951365	
0.008101	0.391026	0.600873	
0.017649	0.703882	0.278469	
0.002472	0.255105	0.742424	
0.218223	0.418040	0.363737	
0.000142	0.002315	0.997544	
0.011698	0.736065	0.252238	
0.008056	0.055111	0.936833	
0.000020	0.003965	0.996015	
0.603702	0.299559	0.096740	
0.078544	0.335905	0.585550	
0.009760	0.244392	0.745848	
0.353896	0.470980	0.175123	
0.001297	0.022955	0.975748	
0.005232	0.448195	0.546573	
0.103665	0.354643	0.541692	
0.189000	0.527586	0.283413	
0.870515	0.108287	0.021198	
0.002870	0.411310	0.585820	
0.100361	0.386404	0.513236	
0.001721	0.038710	0.959570	
0.109449	0.425663	0.464888	
0.103184	0.423874	0.472941	
0.017087	0.065598	0.917315	
0.011131	0.046347	0.942521	
0.000533	0.013815	0.985652	
0.057010	0.148687	0.794303	
0.010148	0.059560	0.930291	
0.343970	0.471532	0.184497	
0.001791	0.152067	0.846141	
0.006918	0.335898	0.657184	
0.002095	0.105284	0.892622	
0.070405	0.623025	0.306569	
0.000376	0.011096	0.988527	
0.662574	0.253878	0.083548	
0.596479	0.325964	0.077557	
0.008591	0.142197	0.849212	
0.367235	0.436377	0.196389	
0.000961	0.019092	0.979947	
0.156736	0.435681	0.407584	
0.005032	0.049434	0.945533	
0.291372	0.304198	0.404429	
0.005741	0.166669	0.827590	
0.186865	0.507634	0.305501	
0.006297	0.474758	0.518945	
0.029485	0.325798	0.644718	
0.483269	0.340945	0.175787	
0.848023	0.124957	0.027020	
0.001839	0.030312	0.967849	
0.245619	0.481008	0.273374	
0.038230	0.397543	0.564228	
0.481427	0.338452	0.180121	
0.290318	0.422494	0.287188	
0.074118	0.161307	0.764575	
0.728709	0.209868	0.061423	
0.045710	0.129637	0.824654	
0.035090	0.620902	0.344009	
0.046389	0.558611	0.395000	
0.181357	0.588084	0.230559	
0.104637	0.423386	0.471977	
0.000067	0.001802	0.998131	
0.269596	0.444932	0.285472	
0.028245	0.411126	0.560630	
0.005873	0.158793	0.835335	
0.351295	0.375215	0.273490	
0.196412	0.529712	0.273877	
0.230918	0.521356	0.247725	
0.154032	0.482650	0.363319	
0.039266	0.482036	0.478699	
0.081646	0.514444	0.403910	
0.015585	0.398622	0.585793	
0.258095	0.269634	0.472271	
0.019398	0.558024	0.422578	
0.004439	0.052879	0.942682	
0.007730	0.508224	0.484046	
0.054308	0.386542	0.559150	
0.005906	0.310296	0.683798	
0.215028	0.630624	0.154348	
0.009781	0.254693	0.735526	
0.017860	0.059330	0.922810	
0.003185	0.078111	0.918704	
0.100438	0.383588	0.515974	
0.002076	0.057387	0.940537	
0.013122	0.684264	0.302614	
0.007613	0.155704	0.836683	
0.007164	0.415863	0.576973	
0.820855	0.154433	0.024712	
0.006817	0.400643	0.592541	
0.064285	0.632674	0.303041	
0.014678	0.640898	0.344424	
0.284055	0.417660	0.298285	
0.179634	0.258004	0.562362	
0.111821	0.654889	0.233290	
0.496164	0.370893	0.132943	
0.066891	0.198533	0.734577	
0.007696	0.301498	0.690806	
0.004939	0.071205	0.923856	
0.003015	0.189813	0.807172	
0.000455	0.031112	0.968433	
0.032070	0.354228	0.613702	
0.263936	0.467273	0.268790	
0.053003	0.238617	0.708380	
0.123974	0.411862	0.464163	
0.124430	0.595626	0.279944	
0.593276	0.262539	0.144185	
0.065968	0.303975	0.630056	
0.004094	0.044726	0.951180	
0.040836	0.331132	0.628032	
0.001354	0.019261	0.979385	
0.005873	0.077055	0.917072	
0.196489	0.494948	0.308563	
0.017527	0.344992	0.637481	
0.029004	0.291278	0.679718	
0.004278	0.107990	0.887733	
0.016195	0.045431	0.938374	
0.242134	0.454234	0.303632	
0.006655	0.148117	0.845229	
0.674034	0.217789	0.108177	
0.278416	0.471389	0.250195	
0.000791	0.127035	0.872175	
0.588246	0.312900	0.098854	
0.007064	0.057381	0.935555	
0.602603	0.324555	0.072842	
0.000694	0.015672	0.983634	
0.044278	0.323432	0.632290	
0.101771	0.691419	0.206809	
0.016125	0.193996	0.789879	
0.389123	0.372243	0.238634	
0.015980	0.333347	0.650673	
0.062017	0.241019	0.696964	
0.120655	0.275915	0.603430	
0.246990	0.501350	0.251661	
0.465298	0.401427	0.133275	
0.095543	0.677390	0.227067	
0.042316	0.356156	0.601528	
0.105979	0.448352	0.445669	
0.229886	0.461583	0.308531	
0.760609	0.190093	0.049299	
0.677991	0.242924	0.079084	
0.594415	0.307781	0.097804	
0.823149	0.146679	0.030173	
0.647370	0.266312	0.086317	
0.139096	0.534311	0.326594	
0.122861	0.424695	0.452444	
0.611302	0.296783	0.091915	
0.003474	0.061697	0.934830	
0.019242	0.181745	0.799013	
0.633102	0.288168	0.078730	
0.047809	0.534494	0.417697	
0.609864	0.303246	0.086890	
0.383701	0.430161	0.186138	
0.521071	0.334061	0.144868	
0.046908	0.575729	0.377363	
0.582614	0.303880	0.113506	
0.508093	0.380870	0.111037	
0.015446	0.547646	0.436908	
0.619290	0.246548	0.134162	
0.343859	0.302905	0.353236	
0.078648	0.257817	0.663534	
0.227386	0.524311	0.248303	
0.508222	0.321177	0.170602	
0.444731	0.339261	0.216008	
0.138604	0.331407	0.529989	
0.534363	0.310829	0.154808	
0.626008	0.273121	0.100871	
0.002326	0.027089	0.970585	
0.513256	0.258979	0.227765	
0.011167	0.117343	0.871489	
0.106722	0.671509	0.221769	
0.338013	0.401068	0.260919	
0.042285	0.686494	0.271220	
0.003754	0.034119	0.962128	
0.019018	0.552166	0.428817	
0.000505	0.017852	0.981643	
0.093098	0.317694	0.589207	
0.087973	0.642365	0.269662	
0.264334	0.446574	0.289092	
0.011160	0.350519	0.638321	
0.609960	0.299951	0.090089	
0.068919	0.631395	0.299686	
0.012568	0.461687	0.525746	
0.406587	0.290457	0.302955	
0.025187	0.460804	0.514009	
0.614091	0.232089	0.153820	
0.063955	0.484284	0.451761	
0.246791	0.536603	0.216606	
0.679798	0.280118	0.040085	
0.512036	0.383495	0.104469	
0.073215	0.484084	0.442702	
0.065142	0.627022	0.307837	
0.091850	0.442863	0.465288	
0.684083	0.240754	0.075163	
0.259880	0.259839	0.480281	
0.076362	0.566740	0.356898	
0.156513	0.674525	0.168962	
0.416735	0.448300	0.134965	
0.035419	0.402488	0.562093	
0.047350	0.795784	0.156867	
0.138265	0.596257	0.265478	
0.653994	0.323905	0.022101	
0.187475	0.699309	0.113216	
0.108454	0.492398	0.399147	
0.616434	0.306682	0.076885	
0.713943	0.247394	0.038663	
0.805107	0.170066	0.024827	
0.852904	0.129995	0.017101	
0.293917	0.583646	0.122437	
0.553795	0.384458	0.061747	
0.723589	0.227609	0.048802	
0.635515	0.308101	0.056384	
0.823608	0.156928	0.019464	
0.006339	0.023217	0.970444	
0.703640	0.261103	0.035257	
0.223808	0.481410	0.294783	
0.277603	0.596734	0.125663	
0.000299	0.011501	0.988200	
0.109188	0.747370	0.143443	
0.477011	0.416104	0.106886	
0.810530	0.158357	0.031113	
0.320577	0.572093	0.107330	
0.057992	0.773562	0.168446	
0.025127	0.826176	0.148697	
0.055454	0.784832	0.159714	
0.005817	0.893650	0.100533	
0.016774	0.611497	0.371730	
0.036142	0.515262	0.448596	
0.071163	0.849509	0.079329	
0.258213	0.586918	0.154869	
0.066346	0.724879	0.208775	
0.309189	0.473202	0.217609	
0.146532	0.569240	0.284229	
0.102812	0.734324	0.162864	
0.053635	0.835458	0.110907	
0.647630	0.313407	0.038962	
0.129461	0.760280	0.110258	
0.040979	0.475227	0.483794	
0.102429	0.797636	0.099935	
0.005444	0.799667	0.194888	
0.240224	0.663671	0.096105	
0.230464	0.600341	0.169195	
0.003445	0.129851	0.866703	
0.033770	0.150582	0.815648	
0.607003	0.342288	0.050708	
0.761742	0.195530	0.042728	
0.075136	0.792268	0.132596	
0.235538	0.651696	0.112766	
0.041278	0.809545	0.149177	
0.766379	0.210747	0.022874	
0.041888	0.709016	0.249096	
0.128176	0.759866	0.111958	
0.701655	0.249432	0.048913	
0.026317	0.795647	0.178036	
0.022627	0.835916	0.141456	
0.127967	0.737660	0.134372	
0.589360	0.326405	0.084236	
0.418562	0.447090	0.134348	
0.190062	0.719318	0.090620	
0.033554	0.762192	0.204253	
0.139278	0.745400	0.115322	
0.476089	0.405243	0.118668	
0.331587	0.550691	0.117722	
0.513038	0.443479	0.043483	
0.641450	0.306116	0.052434	
0.036560	0.689521	0.273918	
0.357634	0.360181	0.282185	
0.149426	0.744787	0.105787	
0.012120	0.446780	0.541100	
0.196969	0.683794	0.119236	
0.267718	0.452427	0.279855	
0.211408	0.573497	0.215095	
0.134346	0.600683	0.264971	
0.024206	0.680054	0.295739	
0.082929	0.296764	0.620307	
0.680437	0.293116	0.026446	
0.009824	0.774358	0.215818	
0.088276	0.724436	0.187289	
0.432973	0.488129	0.078898	
0.325999	0.608885	0.065115	
0.402172	0.281752	0.316076	
0.298322	0.549606	0.152072	
0.081160	0.159551	0.759289	
0.823689	0.157231	0.019079	
0.092994	0.715508	0.191498	
0.165540	0.277027	0.557434	
0.001176	0.600360	0.398464	
0.008129	0.591228	0.400643	
0.393518	0.433917	0.172564	
0.000055	0.004089	0.995856	
0.256187	0.541787	0.202025	
0.119636	0.615126	0.265238	
0.011707	0.853150	0.135142	
0.223779	0.478028	0.298193	
0.000051	0.005235	0.994714	
0.004925	0.124158	0.870917	
0.089643	0.551040	0.359317	
0.024449	0.451836	0.523715	
0.078910	0.641885	0.279205	
0.443652	0.459563	0.096785	
0.009978	0.655684	0.334338	
0.002874	0.606756	0.390370	
0.078987	0.618666	0.302347	
0.103779	0.687548	0.208673	
0.176281	0.599770	0.223950	
0.056146	0.344200	0.599654	
0.010006	0.472753	0.517241	
0.134059	0.618176	0.247765	
0.045771	0.387433	0.566797	
0.033915	0.479067	0.487017	
0.002436	0.085785	0.911778	
0.006171	0.626343	0.367486	
0.010938	0.675760	0.313302	
0.000396	0.431368	0.568236	
0.000249	0.011978	0.987773	
0.006562	0.696399	0.297039	
0.002290	0.182321	0.815390	
0.006684	0.049839	0.943477	
0.004173	0.218764	0.777063	
0.012569	0.217298	0.770132	
0.012555	0.403124	0.584321	
0.000895	0.196695	0.802410	
0.217372	0.505902	0.276726	
0.483382	0.361089	0.155530	
0.004433	0.053177	0.942390	
0.041714	0.653398	0.304888	
0.041404	0.686228	0.272368	
0.000819	0.343265	0.655915	
0.000228	0.126221	0.873551	
0.004056	0.747142	0.248802	
0.001879	0.138178	0.859942	
0.034210	0.343323	0.622467	
0.000636	0.396041	0.603323	
0.008004	0.266734	0.725262	
0.096730	0.704321	0.198949	
0.405707	0.311312	0.282980	
0.018144	0.238866	0.742990	
0.191966	0.276283	0.531751	
0.048433	0.273594	0.677973	
0.012068	0.231736	0.756196	
0.059890	0.545880	0.394230	
0.009501	0.664880	0.325619	
0.064578	0.621886	0.313535	
0.167854	0.603338	0.228809	
0.013416	0.318820	0.667764	
0.008933	0.687276	0.303791	
0.021684	0.666027	0.312288	
0.278696	0.514741	0.206563	
0.087685	0.277237	0.635078	
0.290947	0.509660	0.199392	
0.026122	0.289744	0.684134	
0.039746	0.300725	0.659529	
0.004358	0.178950	0.816692	
0.441959	0.430162	0.127879	
0.039165	0.386578	0.574257	
0.019442	0.687438	0.293119	
0.004319	0.542603	0.453077	
0.006205	0.267122	0.726673	
0.412313	0.441322	0.146365	
0.030918	0.435845	0.533237	
0.022306	0.573937	0.403757	
0.002763	0.398063	0.599174	
0.152081	0.552654	0.295265	
0.322851	0.411430	0.265720	
0.135570	0.527405	0.337025	
0.403659	0.426405	0.169936	
0.009307	0.069417	0.921277	
0.000053	0.005097	0.994849	
0.774999	0.181328	0.043674	
0.067874	0.489394	0.442732	
0.039715	0.642553	0.317733	
0.004442	0.089083	0.906474	
0.006020	0.514390	0.479590	
0.037282	0.548993	0.413725	
0.024812	0.116867	0.858321	
0.011789	0.230014	0.758197	
0.002183	0.256784	0.741032	
0.139125	0.497663	0.363212	
0.006037	0.426085	0.567879	
0.010401	0.275162	0.714437	
0.009229	0.464635	0.526136	
0.025796	0.294457	0.679747	
0.003609	0.296821	0.699570	
0.003748	0.152601	0.843651	
0.074993	0.638777	0.286229	
0.251965	0.547011	0.201024	
0.241837	0.527728	0.230435	
0.100946	0.576054	0.323001	
0.024256	0.494138	0.481606	
0.028631	0.642617	0.328752	
0.007032	0.772653	0.220316	
0.018832	0.137372	0.843796	
0.125399	0.555961	0.318639	
0.022078	0.390359	0.587563	
0.384510	0.405247	0.210243	
0.199607	0.504613	0.295780	
0.018109	0.449031	0.532860	
0.200740	0.496701	0.302559	
0.001216	0.081546	0.917238	
0.001386	0.375647	0.622966	
0.005833	0.341894	0.652273	
0.018722	0.165654	0.815624	
0.246636	0.514365	0.238999	
0.019339	0.555303	0.425358	
0.009176	0.367812	0.623012	
0.000304	0.054780	0.944916	
0.009414	0.246390	0.744196	
0.011538	0.399607	0.588856	
0.014570	0.649254	0.336176	
0.087743	0.458831	0.453425	
0.012171	0.642456	0.345373	
0.022323	0.392385	0.585292	
0.098567	0.416135	0.485298	
0.056369	0.638358	0.305274	
0.002222	0.176270	0.821508	
0.648210	0.257756	0.094034	
0.001688	0.511048	0.487265	
0.018138	0.699693	0.282169	
0.013634	0.522163	0.464203	
0.028102	0.484731	0.487166	
0.001259	0.267735	0.731006	
0.017034	0.244355	0.738611	
0.058834	0.681436	0.259730	
0.002886	0.393646	0.603468	
0.003543	0.554096	0.442361	
0.521066	0.339774	0.139161	
0.006608	0.255144	0.738248	
0.003819	0.216881	0.779299	
0.001286	0.050054	0.948660	
0.000295	0.009837	0.989868	
0.178326	0.492394	0.329280	
0.021987	0.509851	0.468162	
0.021314	0.607683	0.371003	
0.012629	0.092307	0.895063	
0.002644	0.402467	0.594889	
0.011610	0.046076	0.942314	
0.377429	0.406300	0.216270	
0.023300	0.175296	0.801404	
0.024521	0.475196	0.500283	
0.021220	0.477980	0.500800	
0.038838	0.551597	0.409565	
0.002396	0.225612	0.771993	
0.291199	0.347494	0.361308	
0.013590	0.168343	0.818067	
0.003257	0.422216	0.574527	
0.001647	0.175712	0.822642	
0.045098	0.705942	0.248960	
0.076964	0.519212	0.403823	
0.003355	0.599148	0.397496	
0.122045	0.742658	0.135297	
0.006526	0.246931	0.746544	
0.202384	0.576611	0.221005	
0.000616	0.395622	0.603762	
0.297294	0.421842	0.280865	
0.116654	0.640788	0.242558	
0.608183	0.284639	0.107178	
0.002293	0.032060	0.965646	
0.000391	0.134009	0.865600	
0.008081	0.276390	0.715529	
0.001935	0.034081	0.963984	
0.261039	0.466596	0.272365	
0.005728	0.457064	0.537208	
0.008841	0.579175	0.411984	
0.277410	0.484934	0.237656	
0.108149	0.364434	0.527417	
0.005999	0.330907	0.663094	
0.013123	0.236922	0.749955	
0.039217	0.538070	0.422713	
0.074329	0.615038	0.310633	
0.348697	0.530478	0.120826	
0.036352	0.556197	0.407451	
0.045482	0.623354	0.331164	
0.042755	0.726457	0.230788	
0.023901	0.680987	0.295112	
0.204769	0.391442	0.403789	
0.365855	0.466976	0.167168	
0.496678	0.368810	0.134513	
0.003391	0.562371	0.434238	
0.033631	0.796558	0.169810	
0.198444	0.598691	0.202865	
0.046977	0.651682	0.301340	
0.245045	0.624011	0.130944	
0.053156	0.746323	0.200520	
0.216007	0.614434	0.169559	
0.055344	0.407324	0.537332	
0.009759	0.075229	0.915012	
0.004654	0.208236	0.787110	
0.265086	0.493531	0.241383	
0.026214	0.224210	0.749576	
0.029497	0.312260	0.658243	
0.416948	0.504865	0.078186	
0.510563	0.344904	0.144533	
0.055687	0.678627	0.265686	
0.017143	0.189539	0.793318	
0.075057	0.623635	0.301308	
0.092803	0.236878	0.670319	
0.030344	0.245621	0.724035	
0.448000	0.429490	0.122511	
0.078345	0.743553	0.178102	
0.014084	0.124762	0.861154	
0.000631	0.021998	0.977371	
0.018416	0.749724	0.231861	
0.174158	0.387648	0.438194	
0.192816	0.681409	0.125775	
0.419780	0.479770	0.100451	
0.269018	0.550921	0.180061	
0.212282	0.688496	0.099222	
0.025182	0.275416	0.699402	
0.038647	0.418613	0.542740	
0.191285	0.521116	0.287599	
0.229194	0.542970	0.227835	
0.177932	0.425969	0.396100	
0.007108	0.777559	0.215333	
0.061046	0.594327	0.344627	
0.005922	0.734333	0.259745	
0.040148	0.476702	0.483150	
0.053437	0.795126	0.151437	
0.596096	0.312736	0.091168	
0.196521	0.215791	0.587687	
0.013458	0.108294	0.878248	
0.019288	0.717287	0.263425	
0.279385	0.516325	0.204290	
0.086811	0.767341	0.145848	
0.003969	0.589961	0.406069	
0.162047	0.657934	0.180019	
0.008637	0.729453	0.261911	
0.250041	0.604586	0.145373	
0.018156	0.622273	0.359571	
0.009744	0.589342	0.400914	
0.266376	0.512385	0.221239	
0.072427	0.735876	0.191698	
0.037404	0.480528	0.482068	
0.076157	0.678677	0.245166	
0.042154	0.593702	0.364144	
0.150465	0.225774	0.623761	
0.060070	0.522543	0.417387	
0.002753	0.493552	0.503695	
0.480961	0.371753	0.147286	
0.004363	0.775523	0.220113	
0.031515	0.550581	0.417904	
0.000221	0.082103	0.917677	
0.002745	0.697708	0.299547	
0.017391	0.549430	0.433179	
0.004388	0.107250	0.888362	
0.000833	0.354121	0.645046	
0.004076	0.038633	0.957291	
0.003594	0.800838	0.195569	
0.771318	0.208271	0.020411	
0.047269	0.728038	0.224692	
0.001312	0.448084	0.550603	
0.008656	0.649964	0.341379	
0.237417	0.607448	0.155135	
0.041842	0.755939	0.202219	
0.035447	0.242677	0.721876	
0.169931	0.492545	0.337524	
0.014508	0.507547	0.477946	
0.593026	0.316053	0.090921	
0.016430	0.755521	0.228048	
0.446733	0.395350	0.157916	
0.746056	0.193761	0.060184	
0.107708	0.602707	0.289585	
0.003855	0.370128	0.626017	
0.025432	0.820540	0.154028	
0.113877	0.545032	0.341091	
0.022313	0.469540	0.508146	
0.009098	0.649966	0.340937	
0.013700	0.144771	0.841529	
0.022532	0.163461	0.814008	
0.138671	0.537556	0.323773	
0.020181	0.272107	0.707711	
0.000221	0.153423	0.846357	
0.659497	0.222851	0.117652	
0.023771	0.586888	0.389341	
0.017474	0.133938	0.848588	
0.029661	0.651931	0.318408	
0.084771	0.576751	0.338478	
0.048247	0.433569	0.518184	
0.141638	0.614309	0.244054	
0.015860	0.140311	0.843829	
0.001381	0.021253	0.977365	
0.077605	0.328153	0.594242	
0.005068	0.218615	0.776317	
0.539897	0.353571	0.106532	
0.033838	0.836113	0.130048	
0.092076	0.589050	0.318874	
0.019954	0.103244	0.876801	
0.006016	0.039202	0.954782	
0.003992	0.588348	0.407660	
0.019411	0.337965	0.642623	
0.464688	0.406279	0.129034	
0.015341	0.051316	0.933343	
0.012742	0.149805	0.837453	
0.019555	0.249252	0.731193	
0.395201	0.451498	0.153302	
0.613008	0.284621	0.102371	
0.119599	0.631977	0.248424	
0.468041	0.369475	0.162485	
0.540467	0.343965	0.115568	
0.086171	0.384590	0.529239	
0.025925	0.438498	0.535577	
0.014607	0.057777	0.927616	
0.006180	0.465416	0.528404	
0.218147	0.519040	0.262813	
0.410126	0.512094	0.077780	
0.006006	0.222266	0.771727	
0.565797	0.356097	0.078107	
0.163664	0.500619	0.335717	
0.102337	0.770271	0.127392	
0.503589	0.424693	0.071718	
0.000980	0.032734	0.966286	
0.016976	0.517034	0.465990	
0.005073	0.148575	0.846353	
0.005677	0.488682	0.505641	
0.008979	0.607600	0.383421	
0.289344	0.448463	0.262192	
0.372569	0.456730	0.170701	
0.042313	0.361214	0.596473	
0.018274	0.764792	0.216934	
0.050715	0.541266	0.408019	
0.010708	0.417975	0.571318	
0.020741	0.132514	0.846745	
0.020903	0.581864	0.397233	
0.041381	0.586486	0.372133	
0.027837	0.134232	0.837931	
0.004535	0.245083	0.750382	
0.000417	0.020836	0.978747	
0.002719	0.020887	0.976394	
0.747102	0.216450	0.036447	
0.007829	0.057714	0.934457	
0.027383	0.397249	0.575369	
0.411234	0.464040	0.124726	
0.008457	0.360299	0.631243	
0.015584	0.303654	0.680762	
0.003117	0.479239	0.517644	
0.026186	0.568020	0.405794	
0.060083	0.394106	0.545812	
0.507803	0.288227	0.203970	
0.013621	0.215910	0.770469	
0.004736	0.254436	0.740829	
0.189223	0.554734	0.256043	
0.005583	0.127695	0.866722	
0.040631	0.282484	0.676885	
0.087222	0.629345	0.283433	
0.078395	0.557575	0.364030	
0.003472	0.057849	0.938679	
0.223093	0.253155	0.523752	
0.003842	0.213544	0.782614	
0.017780	0.478879	0.503340	
0.447221	0.347019	0.205760	
0.059355	0.579897	0.360748	
0.001384	0.223283	0.775333	
0.013362	0.053846	0.932792	
0.372537	0.374519	0.252944	
0.009330	0.137809	0.852861	
0.006258	0.031357	0.962385	
0.213069	0.656428	0.130502	
0.043291	0.166426	0.790283	
0.161383	0.472118	0.366499	
0.006282	0.795915	0.197802	
0.007607	0.148687	0.843706	
0.391556	0.386839	0.221605	
0.001021	0.023629	0.975351	
0.035020	0.214966	0.750013	
0.013384	0.338452	0.648164	
0.368663	0.468101	0.163236	
0.092502	0.597017	0.310481	
0.784280	0.184238	0.031482	
0.053558	0.411506	0.534935	
0.010434	0.386572	0.602993	
0.048113	0.425791	0.526096	
0.222400	0.619120	0.158480	
0.036375	0.463545	0.500081	
0.437756	0.363849	0.198395	
0.089841	0.314579	0.595580	
0.024198	0.781088	0.194713	
0.004417	0.284475	0.711108	
0.023128	0.062111	0.914761	
0.004889	0.740489	0.254622	
0.000031	0.005837	0.994132	
0.724508	0.223299	0.052193	
0.073050	0.637126	0.289824	
0.002418	0.220458	0.777125	
0.000602	0.017804	0.981594	
0.016605	0.186376	0.797019	
0.137592	0.595798	0.266610	
0.516083	0.296455	0.187462	
0.001419	0.152005	0.846575	
0.139056	0.297741	0.563203	
0.000228	0.010576	0.989196	
0.327936	0.482086	0.189978	
0.548012	0.362212	0.089776	
0.003864	0.179265	0.816871	
0.341095	0.271788	0.387118	
0.123491	0.314664	0.561845	
0.004573	0.028541	0.966886	
0.009359	0.079892	0.910749	
0.132805	0.631894	0.235302	
0.032569	0.611721	0.355709	
0.000046	0.003627	0.996327	
0.381733	0.402413	0.215853	
0.065107	0.373688	0.561206	
0.000210	0.007577	0.992213	
0.000557	0.060932	0.938512	
0.187143	0.181155	0.631702	
0.045249	0.421938	0.532814	
0.016526	0.281587	0.701887	
0.200448	0.434603	0.364949	
0.043558	0.103054	0.853388	
0.219097	0.566382	0.214521	
0.000612	0.025777	0.973612	
0.000591	0.019475	0.979934	
0.001808	0.055799	0.942394	
0.040424	0.646527	0.313049	
0.000048	0.004882	0.995070	
0.004632	0.047669	0.947699	
0.468989	0.379093	0.151918	
0.238009	0.561289	0.200702	
0.790871	0.166631	0.042498	
0.000491	0.017181	0.982328	
0.000818	0.082365	0.916817	
0.003709	0.406735	0.589556	
0.254349	0.424410	0.321241	
0.002457	0.336137	0.661406	
0.000068	0.025868	0.974064	
0.032475	0.157226	0.810299	
0.660802	0.251181	0.088017	
0.079129	0.514056	0.406815	
0.010942	0.473893	0.515165	
0.045787	0.444639	0.509575	
0.298402	0.464345	0.237253	
0.776166	0.183614	0.040220	
0.016141	0.085806	0.898053	
0.016022	0.608067	0.375911	
0.483799	0.286781	0.229420	
0.132700	0.399470	0.467830	
0.027032	0.083913	0.889055	
0.470376	0.384176	0.145448	
0.000934	0.057438	0.941627	
0.539174	0.266823	0.194003	
0.003122	0.360039	0.636839	
0.072865	0.431084	0.496051	
0.296377	0.528799	0.174824	
0.169491	0.630593	0.199916	
0.000052	0.003230	0.996718	
0.041267	0.500503	0.458230	
0.709030	0.219579	0.071391	
0.004367	0.040957	0.954676	
0.268560	0.611945	0.119496	
0.210886	0.243037	0.546077	
0.024757	0.817156	0.158088	
0.129001	0.724719	0.146280	
0.007458	0.842574	0.149968	
0.196042	0.674998	0.128960	
0.414863	0.455720	0.129417	
0.135820	0.757710	0.106470	
0.347298	0.411671	0.241031	
0.496464	0.453932	0.049604	
0.347519	0.561556	0.090926	
0.088576	0.712351	0.199074	
0.006482	0.217386	0.776132	
0.706024	0.247042	0.046934	
0.701681	0.253090	0.045228	
0.538608	0.377608	0.083784	
0.000809	0.075256	0.923935	
0.076422	0.668999	0.254579	
0.305060	0.426707	0.268233	
0.575078	0.358940	0.065982	
0.017433	0.842373	0.140194	
0.448115	0.387270	0.164616	
0.091171	0.858011	0.050818	
0.456930	0.465123	0.077946	
0.009461	0.309307	0.681231	
0.112819	0.779691	0.107489	
0.035414	0.302179	0.662408	
0.160651	0.579539	0.259810	
0.705110	0.227489	0.067401	
0.288773	0.265682	0.445545	
0.464705	0.453923	0.081371	
0.001239	0.094252	0.904508	
0.475621	0.452205	0.072175	
0.731715	0.235082	0.033203	
0.663761	0.299313	0.036926	
0.417483	0.345439	0.237078	
0.014077	0.280779	0.705144	
0.005284	0.730459	0.264258	
0.001918	0.558834	0.439248	
0.328980	0.521634	0.149386	
0.019838	0.682716	0.297446	
0.221137	0.596878	0.181985	
0.005205	0.706812	0.287984	
0.148911	0.650564	0.200525	
0.446050	0.386315	0.167635	
0.066926	0.460931	0.472143	
0.044941	0.267252	0.687807	
0.057005	0.836583	0.106411	
0.001070	0.183335	0.815595	
0.267475	0.649573	0.082952	
0.012439	0.713774	0.273787	
0.091672	0.691446	0.216882	
0.183548	0.379589	0.436864	
0.040720	0.824367	0.134913	
0.000086	0.007960	0.991953	
0.030551	0.677781	0.291668	
0.000491	0.022432	0.977077	
0.006951	0.878724	0.114325	
0.707200	0.248760	0.044040	
0.000961	0.126311	0.872727	
0.059696	0.478828	0.461476	
0.076174	0.691325	0.232501	
0.094223	0.711124	0.194653	
0.415649	0.478781	0.105569	
0.014167	0.210424	0.775409	
0.169775	0.642848	0.187377	
0.043671	0.613809	0.342521	
0.020658	0.764320	0.215022	
0.503440	0.405395	0.091166	
0.055582	0.118959	0.825458	
0.013987	0.761405	0.224608	
0.367244	0.483126	0.149630	
0.212045	0.657845	0.130110	
0.013703	0.212610	0.773687	
0.080187	0.160535	0.759278	
0.000311	0.029625	0.970064	
0.337269	0.566892	0.095839	
0.024813	0.758714	0.216473	
0.314343	0.546052	0.139606	
0.009053	0.124789	0.866158	
0.007567	0.866905	0.125528	
0.547335	0.384927	0.067738	
0.659720	0.252900	0.087380	
0.019317	0.551793	0.428890	
0.363019	0.445139	0.191843	
0.002842	0.219192	0.777966	
0.193845	0.621780	0.184374	
0.287965	0.575891	0.136144	
0.002458	0.803129	0.194412	
0.606046	0.307857	0.086098	
0.002731	0.106777	0.890492	
0.312984	0.424156	0.262860	
0.497792	0.318870	0.183338	
0.001174	0.018230	0.980597	
0.008232	0.522049	0.469719	
0.031099	0.467670	0.501231	
0.579969	0.320240	0.099791	
0.070908	0.510489	0.418603	
0.077262	0.441466	0.481272	
0.007579	0.175847	0.816574	
0.160120	0.369968	0.469912	
0.509148	0.343727	0.147125	
0.113857	0.148228	0.737915	
0.005572	0.403144	0.591284	
0.029964	0.275378	0.694658	
0.020379	0.627997	0.351624	
0.300571	0.491609	0.207820	
0.322576	0.387067	0.290357	
0.128094	0.265165	0.606741	
0.018602	0.343004	0.638394	
0.432669	0.362115	0.205216	
0.026116	0.410304	0.563579	
0.189057	0.560526	0.250417	
0.056294	0.734670	0.209036	
0.276142	0.487829	0.236030	
0.203743	0.368061	0.428197	
0.216652	0.295697	0.487651	
0.000953	0.020704	0.978344	
0.073381	0.526443	0.400175	
0.004809	0.457948	0.537243	
0.001919	0.035229	0.962852	
0.055947	0.547552	0.396502	
0.128548	0.314162	0.557290	
0.000943	0.266449	0.732608	
0.085563	0.589384	0.325054	
0.001503	0.143819	0.854677	
0.005535	0.397086	0.597378	
0.042325	0.440676	0.516999	
0.000241	0.004996	0.994764	
0.683460	0.247566	0.068974	
0.021807	0.159267	0.818926	
0.020460	0.553683	0.425857	
0.579439	0.335351	0.085210	
0.678491	0.252913	0.068596	
0.004126	0.424163	0.571711	
0.010724	0.089886	0.899390	
0.001816	0.383972	0.614213	
0.008793	0.297175	0.694032	
0.000652	0.038039	0.961309	
0.320044	0.475854	0.204102	
0.449042	0.394762	0.156196	
0.000518	0.403207	0.596275	
0.201474	0.482096	0.316430	
0.004850	0.208403	0.786747	
0.128007	0.697999	0.173994	
0.000449	0.006977	0.992573	
0.000521	0.016356	0.983123	
0.083537	0.620129	0.296335	
0.001264	0.067594	0.931142	
0.490928	0.342551	0.166521	
0.005750	0.229474	0.764776	
0.028658	0.504265	0.467078	
0.000285	0.014054	0.985661	
0.011187	0.360106	0.628707	
0.090490	0.412834	0.496676	
0.005761	0.351030	0.643209	
0.004432	0.487302	0.508266	
0.000373	0.009566	0.990061	
0.007535	0.620462	0.372003	
0.030808	0.627195	0.341997	
0.115374	0.684484	0.200141	
0.087861	0.345947	0.566192	
0.002965	0.125827	0.871208	
0.295650	0.506465	0.197884	
0.002705	0.172379	0.824916	
0.004905	0.578846	0.416248	
0.009278	0.796534	0.194188	
0.571383	0.325285	0.103331	
0.367608	0.515965	0.116427	
0.007784	0.367759	0.624458	
0.025503	0.533737	0.440760	
0.007522	0.112408	0.880070	
0.099726	0.728832	0.171442	
0.002128	0.055743	0.942129	
0.693873	0.189314	0.116813	
0.001799	0.201179	0.797022	
0.001634	0.565840	0.432526	
0.254916	0.363030	0.382053	
0.000040	0.012131	0.987829	
0.004398	0.212799	0.782803	
0.419439	0.246465	0.334096	
0.542015	0.266206	0.191779	
0.061264	0.739507	0.199229	
0.048862	0.325740	0.625398	
0.118709	0.327717	0.553574	
0.020987	0.183685	0.795328	
0.002759	0.066930	0.930311	
0.101045	0.197539	0.701416	
0.131919	0.672015	0.196066	
0.121607	0.357302	0.521091	
0.740762	0.191874	0.067364	
0.105892	0.607004	0.287105	
0.008295	0.477949	0.513756	
0.000915	0.026019	0.973066	
0.037228	0.416721	0.546051	
0.308465	0.540307	0.151228	
0.017635	0.902436	0.079929	
0.329685	0.560476	0.109838	
0.009892	0.323255	0.666853	
0.001683	0.182027	0.816291	
0.011071	0.149587	0.839342	
0.227430	0.565591	0.206979	
0.641108	0.277996	0.080896	
0.253152	0.491762	0.255086	
0.079300	0.315235	0.605464	
0.000775	0.016657	0.982568	
0.702198	0.244467	0.053335	
0.029062	0.285369	0.685569	
0.165965	0.596394	0.237641	
0.009406	0.641589	0.349006	
0.031135	0.568719	0.400145	
0.038087	0.318372	0.643540	
0.005742	0.573212	0.421046	
0.415008	0.426859	0.158134	
0.118967	0.740185	0.140848	
0.023990	0.233027	0.742983	
0.669562	0.249898	0.080541	
0.339875	0.434737	0.225388	
0.002143	0.032480	0.965376	
0.362618	0.460634	0.176748	
0.621979	0.330194	0.047826	
0.724494	0.244856	0.030650	
0.625316	0.271145	0.103539	
0.009809	0.529809	0.460383	
0.012261	0.661740	0.325998	
0.000175	0.004498	0.995327	
0.003365	0.243444	0.753191	
0.222856	0.504728	0.272416	
0.111878	0.621829	0.266293	
0.005181	0.059381	0.935438	
0.006077	0.127478	0.866445	
0.052074	0.291599	0.656327	
0.687725	0.240820	0.071455	
0.026523	0.295006	0.678471	
0.013431	0.090278	0.896291	
0.034811	0.797296	0.167893	
0.230486	0.623718	0.145796	
0.030470	0.700076	0.269454	
0.476995	0.444045	0.078960	
0.747665	0.217329	0.035006	
0.007993	0.434947	0.557061	
0.005330	0.286476	0.708194	
0.534996	0.340331	0.124673	
0.728600	0.210528	0.060871	
0.003173	0.683866	0.312961	
0.226156	0.633587	0.140257	
0.063373	0.555992	0.380634	
0.003149	0.018179	0.978672	
0.026964	0.403068	0.569968	
0.445252	0.298061	0.256687	
0.069458	0.277057	0.653485	
0.035786	0.582795	0.381419	
0.001750	0.715579	0.282671	
0.020967	0.716866	0.262168	
0.023022	0.687396	0.289581	
0.008289	0.762138	0.229572	
0.090033	0.781766	0.128200	
0.113508	0.445313	0.441179	
0.056830	0.408532	0.534638	
0.084230	0.780399	0.135371	
0.050263	0.387069	0.562668	
0.346723	0.272225	0.381051	
0.007076	0.528133	0.464792	
0.525796	0.334590	0.139615	
0.611015	0.272133	0.116852	
0.158517	0.406328	0.435154	
0.000026	0.002274	0.997701	
0.002469	0.559051	0.438481	
0.059741	0.698350	0.241909	
0.007158	0.029434	0.963408	
0.004671	0.077542	0.917787	
0.168241	0.305845	0.525914	
0.000073	0.005043	0.994884	
0.000710	0.020994	0.978297	
0.000754	0.020739	0.978507	
0.009454	0.287452	0.703094	
0.005592	0.066708	0.927700	
0.026121	0.406438	0.567442	
0.000075	0.004300	0.995624	
0.000053	0.005737	0.994210	
0.005601	0.322077	0.672321	
0.004279	0.192677	0.803044	
0.223042	0.438134	0.338824	
0.000151	0.007365	0.992484	
0.031092	0.161700	0.807208	
0.000337	0.011858	0.987805	
0.031369	0.362063	0.606568	
0.081245	0.182001	0.736754	
0.006687	0.150271	0.843042	
0.521593	0.272840	0.205567	
0.009707	0.167625	0.822668	
0.000170	0.004457	0.995373	
0.089833	0.314886	0.595281	
0.678001	0.253135	0.068864	
0.015813	0.439084	0.545103	
0.042482	0.240539	0.716979	
0.007623	0.106602	0.885776	
0.004897	0.249979	0.745124	
0.005134	0.070864	0.924002	
0.245149	0.497362	0.257489	
0.002063	0.154195	0.843742	
0.012014	0.049028	0.938957	
0.038850	0.294491	0.666660	
0.009209	0.487248	0.503543	
0.009030	0.082536	0.908434	
0.008624	0.256604	0.734772	
0.053074	0.416895	0.530031	
0.020851	0.249542	0.729607	
0.005392	0.053371	0.941236	
0.022795	0.405379	0.571826	
0.088562	0.438005	0.473433	
0.002770	0.039182	0.958048	
0.001641	0.295009	0.703350	
0.032239	0.184996	0.782766	
0.108245	0.307026	0.584730	
0.030841	0.140312	0.828847	
0.488332	0.328416	0.183251	
0.030662	0.258421	0.710917	
0.278641	0.432073	0.289287	
0.000171	0.005407	0.994422	
0.001314	0.107050	0.891636	
0.418806	0.444859	0.136336	
0.199206	0.339458	0.461336	
0.015992	0.060904	0.923104	
0.035879	0.117115	0.847006	
0.190972	0.468652	0.340377	
0.391785	0.418877	0.189338	
0.206012	0.267878	0.526110	
0.001502	0.085418	0.913079	
0.491140	0.389781	0.119080	
0.021764	0.346243	0.631993	
0.012931	0.116509	0.870560	
0.002348	0.041357	0.956295	
0.004135	0.540311	0.455554	
0.040799	0.423236	0.535965	
0.612772	0.265554	0.121674	
0.209337	0.431627	0.359036	
0.130752	0.624139	0.245109	
0.077685	0.370511	0.551804	
0.013248	0.172363	0.814389	
0.072161	0.137457	0.790382	
0.489337	0.414551	0.096112	
0.423545	0.390756	0.185699	
0.594047	0.254544	0.151409	
0.042047	0.680079	0.277874	
0.002771	0.133201	0.864028	
0.000906	0.290021	0.709072	
0.481307	0.344201	0.174492	
0.031317	0.268144	0.700539	
0.050793	0.474931	0.474275	
0.021785	0.325821	0.652394	
0.676924	0.248999	0.074077	
0.000534	0.079194	0.920272	
0.000091	0.004147	0.995762	
0.082557	0.312204	0.605239	
0.000239	0.011609	0.988152	
0.002541	0.312996	0.684464	
0.000307	0.047496	0.952197	
0.001358	0.028880	0.969762	
0.346882	0.355109	0.298009	
0.000643	0.075594	0.923762	
0.009689	0.071434	0.918878	
0.559167	0.324375	0.116457	
0.001787	0.051689	0.946524	
0.005793	0.068338	0.925870	
0.037529	0.236778	0.725693	
0.096935	0.341769	0.561296	
0.008609	0.095524	0.895867	
0.001422	0.120547	0.878032	
0.016266	0.253131	0.730604	
0.008479	0.183709	0.807812	
0.514198	0.368583	0.117219	
0.311694	0.447607	0.240699	
0.001163	0.325275	0.673561	
0.000278	0.017236	0.982486	
0.005876	0.452022	0.542102	
0.000588	0.247661	0.751750	
0.020777	0.225189	0.754034	
0.000376	0.023024	0.976600	
0.022663	0.411919	0.565418	
0.001152	0.196072	0.802776	
0.007171	0.124315	0.868514	
0.076331	0.141688	0.781982	
0.199149	0.329332	0.471519	
0.005264	0.075562	0.919174	
0.003495	0.676723	0.319782	
0.002659	0.113063	0.884278	
0.002702	0.474720	0.522578	
0.018396	0.094826	0.886778	
0.000210	0.023780	0.976010	
0.394394	0.336104	0.269502	
0.001636	0.172408	0.825956	
0.037284	0.088260	0.874456	
0.000184	0.017582	0.982234	
0.088035	0.237613	0.674353	
0.010142	0.066752	0.923106	
0.002818	0.025377	0.971805	
0.001069	0.136527	0.862404	
0.000033	0.003701	0.996267	
0.305443	0.426107	0.268450	
0.000624	0.021533	0.977843	
0.000327	0.053108	0.946565	
0.008527	0.053078	0.938395	
0.017738	0.467727	0.514535	
0.000371	0.012948	0.986682	
0.001330	0.488404	0.510266	
0.139754	0.508447	0.351799	
0.021072	0.242141	0.736787	
0.000251	0.045930	0.953819	
0.002241	0.280013	0.717746	
0.013858	0.115794	0.870349	
0.146161	0.198519	0.655320	
0.000695	0.052171	0.947134	
0.123003	0.486923	0.390074	
0.003854	0.201727	0.794419	
0.000651	0.014692	0.984657	
0.038080	0.206446	0.755473	
0.000302	0.078477	0.921221	
0.002365	0.066517	0.931118	
0.000031	0.003414	0.996554	
0.002900	0.015610	0.981490	
0.008837	0.215249	0.775914	
