0.759033	0.203706	0.037261	
0.611019	0.290835	0.098146	
0.793423	0.178439	0.028138	
0.749423	0.208479	0.042098	
0.809079	0.168393	0.022528	
0.746278	0.213561	0.040162	
0.568896	0.308513	0.122590	
0.774291	0.190574	0.035134	
0.771566	0.192931	0.035503	
0.380581	0.423523	0.195897	
0.762864	0.184260	0.052877	
0.747043	0.208805	0.044152	
0.745841	0.212848	0.041311	
0.752226	0.207707	0.040067	
0.799331	0.172662	0.028008	
0.659186	0.267803	0.073011	
0.737096	0.217931	0.044973	
0.721138	0.227643	0.051218	
0.780651	0.187253	0.032096	
0.750766	0.207807	0.041427	
0.245362	0.300261	0.454376	
0.665434	0.255776	0.078790	
0.751370	0.207230	0.041399	
0.728424	0.227451	0.044125	
0.758750	0.203734	0.037516	
0.736314	0.220483	0.043203	
0.789941	0.180129	0.029931	
0.720503	0.230220	0.049277	
0.677327	0.248968	0.073704	
0.532111	0.342947	0.124942	
0.609247	0.293729	0.097023	
0.721195	0.240510	0.038295	
0.617232	0.281397	0.101371	
0.767773	0.194717	0.037511	
0.744864	0.215027	0.040109	
0.593725	0.300222	0.106053	
0.840700	0.140004	0.019295	
0.837832	0.144905	0.017263	
0.795852	0.177435	0.026714	
0.754719	0.207949	0.037332	
0.704845	0.242301	0.052854	
0.684513	0.252668	0.062818	
0.740308	0.212739	0.046953	
0.625985	0.289699	0.084317	
0.760802	0.202851	0.036348	
0.678352	0.257589	0.064059	
0.591198	0.295464	0.113339	
0.739118	0.219723	0.041159	
0.719044	0.231691	0.049265	
0.687341	0.255777	0.056882	
0.721038	0.231590	0.047372	
0.690356	0.248460	0.061184	
0.612875	0.286937	0.100188	
0.790423	0.179010	0.030567	
0.541945	0.276619	0.181436	
0.622884	0.289639	0.087478	
0.726253	0.225803	0.047944	
0.741209	0.218772	0.040019	
0.710555	0.234037	0.055408	
0.737176	0.217957	0.044867	
0.795343	0.178225	0.026432	
0.738868	0.215227	0.045905	
0.864780	0.122425	0.012795	
0.802316	0.173516	0.024168	
0.857130	0.128934	0.013936	
0.756030	0.204331	0.039639	
0.720838	0.220579	0.058583	
0.659229	0.269106	0.071666	
0.798000	0.174465	0.027535	
0.537211	0.296785	0.166005	
0.779269	0.188637	0.032094	
0.723420	0.228311	0.048269	
0.722222	0.225299	0.052479	
0.556818	0.323818	0.119364	
0.630421	0.294869	0.074710	
0.763985	0.200038	0.035977	
0.741922	0.216244	0.041834	
0.760081	0.200285	0.039634	
0.512415	0.347721	0.139864	
0.726534	0.223758	0.049708	
0.603231	0.283259	0.113510	
0.740230	0.211925	0.047846	
0.640672	0.281099	0.078229	
0.765861	0.199553	0.034587	
0.580989	0.314605	0.104406	
0.568040	0.303263	0.128697	
0.774014	0.190705	0.035281	
0.753847	0.205398	0.040755	
0.710934	0.233544	0.055522	
0.628711	0.287901	0.083388	
0.765169	0.200222	0.034608	
0.764736	0.197321	0.037943	
0.759003	0.200458	0.040540	
0.687994	0.252820	0.059185	
0.549828	0.322169	0.128003	
0.537194	0.338611	0.124195	
0.695781	0.248014	0.056205	
0.573256	0.296792	0.129952	
0.734806	0.216277	0.048918	
0.690514	0.250638	0.058848	
0.734462	0.216283	0.049255	
0.621154	0.291318	0.087529	
0.722756	0.226314	0.050930	
0.766348	0.198211	0.035441	
0.774096	0.191720	0.034185	
0.720350	0.227738	0.051911	
0.669254	0.262125	0.068621	
0.479629	0.355457	0.164914	
0.823137	0.155569	0.021294	
0.724739	0.224182	0.051079	
0.788212	0.180364	0.031423	
0.708649	0.234358	0.056993	
0.767232	0.197178	0.035591	
0.660527	0.268795	0.070678	
0.708814	0.236932	0.054254	
0.699086	0.240226	0.060688	
0.760687	0.202053	0.037260	
0.800613	0.174020	0.025367	
0.755140	0.207850	0.037010	
0.773850	0.192806	0.033344	
0.761462	0.203296	0.035242	
0.736246	0.220383	0.043371	
0.768689	0.194391	0.036920	
0.698710	0.242076	0.059214	
0.799269	0.173793	0.026938	
0.653405	0.244264	0.102331	
0.599939	0.297510	0.102551	
0.740919	0.218237	0.040845	
0.778485	0.188924	0.032591	
0.784178	0.185751	0.030071	
0.715220	0.230198	0.054582	
0.764690	0.200467	0.034843	
0.688413	0.243439	0.068149	
0.646406	0.273636	0.079959	
0.665716	0.265822	0.068462	
0.772889	0.195244	0.031867	
0.771363	0.193705	0.034932	
0.671651	0.264418	0.063931	
0.739037	0.221700	0.039262	
0.675242	0.262021	0.062737	
0.692524	0.244324	0.063152	
0.725387	0.225045	0.049568	
0.774515	0.190621	0.034863	
0.726061	0.228939	0.045000	
0.728225	0.225156	0.046620	
0.765325	0.200762	0.033912	
0.619441	0.301448	0.079111	
0.821636	0.157815	0.020549	
0.736136	0.220851	0.043012	
0.733119	0.222486	0.044394	
0.762586	0.191295	0.046119	
0.715587	0.218407	0.066006	
0.379123	0.325398	0.295479	
0.284809	0.243467	0.471724	
0.682072	0.253532	0.064396	
0.734127	0.217261	0.048612	
0.622368	0.283488	0.094144	
0.738615	0.213194	0.048190	
0.773730	0.191418	0.034853	
0.680106	0.258186	0.061708	
0.773303	0.191582	0.035116	
0.795437	0.174970	0.029593	
0.774423	0.191050	0.034527	
0.740551	0.216273	0.043176	
0.744168	0.212180	0.043652	
0.712436	0.234008	0.053556	
0.812006	0.163895	0.024099	
0.790834	0.181483	0.027683	
0.826547	0.152965	0.020488	
0.805892	0.169708	0.024401	
0.750142	0.208143	0.041716	
0.751577	0.205921	0.042502	
0.629873	0.284353	0.085774	
0.779312	0.187692	0.032996	
0.662229	0.262223	0.075548	
0.717867	0.228442	0.053692	
0.852604	0.134064	0.013332	
0.741357	0.214363	0.044279	
0.572579	0.318755	0.108666	
0.738786	0.216434	0.044780	
0.745341	0.212009	0.042651	
0.789872	0.178789	0.031340	
0.784273	0.183962	0.031765	
0.699108	0.244940	0.055951	
0.794717	0.175382	0.029901	
0.627022	0.278535	0.094443	
0.738832	0.209096	0.052073	
0.761351	0.203291	0.035358	
0.789070	0.181272	0.029658	
0.660583	0.264781	0.074637	
0.724654	0.226795	0.048551	
0.747885	0.209501	0.042614	
0.762277	0.199614	0.038110	
0.755084	0.201144	0.043771	
0.792895	0.180180	0.026925	
0.709426	0.236696	0.053878	
0.688668	0.246538	0.064794	
0.602276	0.298856	0.098868	
0.775020	0.190055	0.034925	
0.764288	0.196694	0.039018	
0.772456	0.192851	0.034693	
0.679031	0.256791	0.064178	
0.772919	0.194272	0.032809	
0.473932	0.295074	0.230994	
0.765371	0.200164	0.034464	
0.713476	0.235275	0.051249	
0.646920	0.274542	0.078538	
0.792680	0.178925	0.028395	
0.716371	0.235309	0.048320	
0.816790	0.161823	0.021387	
0.696147	0.237471	0.066382	
0.639692	0.282543	0.077764	
0.666805	0.261370	0.071825	
0.785919	0.185331	0.028749	
0.194992	0.520953	0.284055	
0.689785	0.246860	0.063356	
0.604519	0.297124	0.098358	
0.653758	0.269546	0.076696	
0.759763	0.202332	0.037906	
0.735504	0.205824	0.058673	
0.801175	0.169304	0.029521	
0.679958	0.254020	0.066022	
0.764178	0.198829	0.036993	
0.697114	0.244349	0.058537	
0.721764	0.225392	0.052843	
0.749040	0.205400	0.045560	
0.740236	0.209590	0.050174	
0.809124	0.166544	0.024332	
0.744073	0.215372	0.040556	
0.799314	0.174074	0.026613	
0.785103	0.182038	0.032860	
0.776762	0.189585	0.033653	
0.504408	0.407800	0.087792	
0.761739	0.201183	0.037079	
0.768009	0.194935	0.037056	
0.661704	0.253527	0.084769	
0.678797	0.256976	0.064227	
0.796266	0.176056	0.027678	
0.707865	0.239790	0.052345	
0.778080	0.189369	0.032551	
0.734790	0.217899	0.047310	
0.691929	0.251822	0.056249	
0.780725	0.189090	0.030186	
0.736781	0.219815	0.043404	
0.495339	0.349926	0.154736	
0.697216	0.241592	0.061193	
0.726755	0.229211	0.044034	
0.775430	0.190069	0.034502	
0.740158	0.215491	0.044351	
0.622499	0.293117	0.084383	
