0.442874	0.364948	0.192177	
0.497646	0.358714	0.143639	
0.310849	0.443839	0.245311	
0.342976	0.457672	0.199352	
0.334951	0.381335	0.283714	
0.400030	0.405281	0.194689	
0.234693	0.380311	0.384996	
0.306049	0.451829	0.242122	
0.362568	0.417372	0.220060	
0.305220	0.382530	0.312249	
0.372946	0.394260	0.232793	
0.615735	0.299477	0.084788	
0.368711	0.428730	0.202560	
0.337253	0.400945	0.261802	
0.314974	0.435861	0.249166	
0.419214	0.404401	0.176385	
0.456102	0.366559	0.177339	
0.466619	0.370729	0.162651	
0.294096	0.440896	0.265008	
0.453972	0.367783	0.178246	
0.538967	0.336700	0.124333	
0.482198	0.362135	0.155666	
0.362127	0.364282	0.273591	
0.331515	0.383019	0.285467	
0.413031	0.373337	0.213632	
0.332037	0.409957	0.258006	
0.190066	0.309636	0.500297	
0.308697	0.325391	0.365911	
0.320727	0.368127	0.311145	
0.628322	0.294933	0.076746	
0.384146	0.479428	0.136426	
0.325084	0.387859	0.287057	
0.451807	0.369048	0.179145	
0.032628	0.378455	0.588917	
0.381046	0.377172	0.241782	
0.174653	0.308812	0.516535	
0.413110	0.373838	0.213052	
0.342507	0.405637	0.251856	
0.305651	0.395325	0.299024	
0.344280	0.491969	0.163751	
0.201118	0.373186	0.425696	
0.352310	0.381323	0.266368	
0.235116	0.474002	0.290882	
0.287214	0.360284	0.352502	
0.403265	0.384971	0.211764	
0.219772	0.508303	0.271925	
0.021474	0.356357	0.622168	
0.246941	0.385099	0.367960	
0.308107	0.434557	0.257335	
0.308437	0.362762	0.328801	
0.232482	0.531882	0.235636	
0.586985	0.315912	0.097103	
0.449151	0.403563	0.147285	
0.174908	0.601544	0.223548	
0.354990	0.397002	0.248009	
0.056197	0.648530	0.295274	
0.329402	0.392115	0.278483	
0.195608	0.555535	0.248856	
0.558645	0.320622	0.120733	
0.316226	0.419184	0.264590	
0.016785	0.630928	0.352286	
0.391097	0.385289	0.223613	
0.325881	0.392736	0.281383	
0.042527	0.678771	0.278701	
0.527393	0.341411	0.131196	
0.408901	0.374285	0.216814	
0.486033	0.381746	0.132221	
0.242384	0.503816	0.253799	
0.007914	0.652126	0.339960	
0.273911	0.396982	0.329107	
0.328500	0.403657	0.267843	
0.261601	0.396580	0.341819	
0.243347	0.499565	0.257088	
0.419210	0.366297	0.214493	
0.327824	0.409180	0.262996	
0.254390	0.526712	0.218898	
0.298385	0.342567	0.359049	
0.229493	0.469335	0.301173	
0.539638	0.327384	0.132978	
0.630325	0.311397	0.058278	
0.491399	0.409250	0.099351	
0.110969	0.604055	0.284976	
0.280867	0.561451	0.157682	
0.262905	0.381376	0.355719	
0.435919	0.376776	0.187305	
0.334117	0.384437	0.281446	
0.279530	0.495852	0.224617	
0.488778	0.351345	0.159877	
0.038226	0.643983	0.317791	
0.360263	0.438576	0.201161	
0.094811	0.375447	0.529742	
0.484634	0.355629	0.159737	
0.298601	0.429273	0.272126	
0.309971	0.378216	0.311813	
0.032217	0.728214	0.239569	
0.357006	0.389600	0.253394	
0.460685	0.376946	0.162369	
0.199931	0.488264	0.311806	
0.525587	0.366340	0.108073	
0.417303	0.388734	0.193963	
0.213948	0.397048	0.389004	
0.368648	0.384545	0.246807	
0.177037	0.561686	0.261277	
0.313128	0.390822	0.296050	
0.354330	0.408921	0.236749	
0.375086	0.384758	0.240157	
0.386369	0.390858	0.222773	
0.387567	0.393270	0.219163	
0.344653	0.392080	0.263267	
0.192870	0.532268	0.274863	
0.434430	0.433115	0.132454	
0.185455	0.528850	0.285695	
0.506613	0.377162	0.116225	
0.300419	0.376836	0.322745	
0.535866	0.351394	0.112740	
0.126561	0.507819	0.365621	
0.358315	0.426144	0.215541	
0.454878	0.362818	0.182305	
0.171167	0.528088	0.300745	
0.509054	0.352937	0.138009	
0.509902	0.371197	0.118901	
0.445859	0.375238	0.178904	
0.195510	0.595634	0.208856	
0.286191	0.377092	0.336716	
0.142612	0.641340	0.216048	
0.251397	0.517019	0.231584	
0.143747	0.527789	0.328464	
0.380917	0.379597	0.239486	
0.421448	0.398343	0.180209	
0.282763	0.372092	0.345145	
0.322728	0.373598	0.303674	
0.188117	0.599400	0.212483	
0.307416	0.390177	0.302407	
0.411838	0.390348	0.197814	
0.137375	0.593110	0.269515	
0.258487	0.394118	0.347395	
0.369114	0.423683	0.207203	
0.366004	0.400669	0.233327	
0.363202	0.372576	0.264222	
0.270222	0.415816	0.313962	
0.403414	0.404203	0.192384	
0.532690	0.337409	0.129902	
0.365569	0.385596	0.248834	
0.511116	0.348037	0.140847	
0.320067	0.390360	0.289573	
0.501689	0.340606	0.157705	
0.389122	0.395530	0.215348	
0.036700	0.638389	0.324911	
0.258892	0.549787	0.191321	
0.507395	0.359329	0.133276	
0.381082	0.435360	0.183558	
0.424339	0.401899	0.173762	
0.351714	0.389248	0.259038	
0.448982	0.372524	0.178494	
0.214579	0.470241	0.315180	
0.328483	0.463738	0.207779	
0.536206	0.328739	0.135055	
0.454025	0.380048	0.165928	
0.315302	0.506207	0.178490	
0.474563	0.351429	0.174008	
0.373762	0.413711	0.212526	
0.373663	0.415493	0.210844	
0.643735	0.278916	0.077349	
0.378734	0.382470	0.238796	
0.258506	0.444226	0.297268	
0.140079	0.544653	0.315268	
0.325821	0.426099	0.248080	
0.357283	0.391800	0.250917	
0.468493	0.369142	0.162365	
0.281017	0.399338	0.319645	
0.456362	0.384208	0.159430	
0.351387	0.478922	0.169692	
0.703694	0.236447	0.059859	
0.503263	0.354624	0.142113	
0.055621	0.621725	0.322654	
0.012667	0.420844	0.566488	
0.426557	0.372651	0.200791	
0.444771	0.406689	0.148540	
0.099041	0.497098	0.403861	
0.141965	0.620622	0.237413	
0.364162	0.423990	0.211848	
0.360775	0.416361	0.222864	
0.062984	0.346392	0.590623	
0.270428	0.477327	0.252245	
0.297275	0.392810	0.309915	
0.299922	0.396579	0.303499	
0.255755	0.500655	0.243590	
0.326303	0.386416	0.287281	
0.455050	0.392539	0.152411	
0.320292	0.381950	0.297758	
0.170401	0.531712	0.297886	
0.251345	0.373928	0.374726	
0.554361	0.326783	0.118856	
0.231377	0.500932	0.267691	
0.273722	0.423671	0.302607	
0.344341	0.427209	0.228450	
0.348203	0.426585	0.225211	
0.134165	0.497772	0.368063	
0.476699	0.357694	0.165607	
0.458654	0.396789	0.144557	
0.473448	0.378429	0.148123	
0.414414	0.384927	0.200660	
0.221309	0.340584	0.438107	
0.357882	0.391474	0.250644	
0.287200	0.512707	0.200093	
0.593995	0.305414	0.100591	
0.321751	0.475627	0.202621	
0.417498	0.382692	0.199810	
0.197824	0.294655	0.507521	
0.434811	0.368592	0.196597	
0.426833	0.372032	0.201135	
0.147424	0.509231	0.343345	
0.319588	0.496104	0.184308	
0.220749	0.539972	0.239279	
0.359010	0.408608	0.232383	
0.220072	0.544193	0.235735	
0.461792	0.366698	0.171509	
0.721029	0.237033	0.041938	
0.210808	0.475609	0.313582	
0.337277	0.407380	0.255343	
0.488095	0.385899	0.126006	
0.436879	0.386351	0.176771	
0.181106	0.565176	0.253718	
0.364467	0.389916	0.245618	
0.286989	0.523140	0.189872	
0.416248	0.392289	0.191463	
0.430239	0.400338	0.169423	
0.288604	0.380639	0.330757	
0.368419	0.405328	0.226254	
0.344610	0.445963	0.209426	
0.370696	0.379406	0.249898	
0.483304	0.341494	0.175202	
0.306934	0.387378	0.305689	
0.387718	0.403782	0.208499	
0.480182	0.376072	0.143746	
0.232574	0.467982	0.299444	
0.286715	0.522936	0.190349	
0.364986	0.389338	0.245676	
0.239005	0.379952	0.381043	
0.401129	0.431397	0.167474	
0.455301	0.388039	0.156660	
0.209869	0.467748	0.322383	
0.254982	0.424333	0.320685	
0.299738	0.483735	0.216527	
0.262996	0.510682	0.226322	
0.437151	0.373900	0.188949	
0.253116	0.357761	0.389123	
0.416349	0.423014	0.160637	
0.418933	0.380481	0.200586	
0.131249	0.372125	0.496626	
