0.788873	0.186960	0.024167	
0.752927	0.208327	0.038746	
0.855764	0.129851	0.014385	
0.249214	0.532364	0.218422	
0.501659	0.355732	0.142609	
0.848920	0.136742	0.014339	
0.728107	0.233055	0.038839	
0.813816	0.163685	0.022498	
0.705152	0.232791	0.062057	
0.561139	0.319209	0.119652	
0.763439	0.203565	0.032996	
0.516540	0.357919	0.125542	
0.364516	0.367455	0.268029	
0.860411	0.126229	0.013360	
0.632266	0.284568	0.083165	
0.566252	0.319013	0.114735	
0.783740	0.184822	0.031438	
0.767333	0.198243	0.034424	
0.484045	0.345933	0.170022	
0.807857	0.167931	0.024212	
0.649190	0.277332	0.073478	
0.699938	0.241612	0.058450	
0.433031	0.394247	0.172722	
0.787141	0.184520	0.028340	
0.637287	0.277356	0.085357	
0.558235	0.330786	0.110979	
0.749358	0.210141	0.040501	
0.727891	0.227091	0.045019	
0.756628	0.205365	0.038008	
0.819497	0.158093	0.022410	
0.692874	0.249404	0.057722	
0.686553	0.253136	0.060311	
0.835744	0.145590	0.018666	
0.785753	0.184247	0.030000	
0.483243	0.409487	0.107270	
0.859828	0.125748	0.014424	
0.679985	0.260055	0.059960	
0.581984	0.318195	0.099820	
0.730347	0.220918	0.048735	
0.533619	0.324991	0.141390	
0.718533	0.237399	0.044068	
0.658125	0.271070	0.070805	
0.758649	0.206569	0.034782	
0.848050	0.137036	0.014914	
0.523290	0.361771	0.114939	
0.612587	0.307389	0.080024	
0.764746	0.199120	0.036134	
0.837866	0.144575	0.017558	
0.868748	0.119300	0.011952	
0.822966	0.154883	0.022151	
0.605457	0.303499	0.091044	
0.562976	0.324857	0.112167	
0.788193	0.185357	0.026449	
0.770535	0.194983	0.034482	
0.450144	0.370327	0.179529	
0.534164	0.325759	0.140077	
0.543492	0.327269	0.129239	
0.741683	0.232662	0.025656	
0.634141	0.291818	0.074041	
0.713207	0.233596	0.053197	
0.667051	0.269896	0.063053	
0.805098	0.169743	0.025159	
0.860859	0.125884	0.013256	
0.539619	0.320156	0.140225	
0.494665	0.318458	0.186877	
0.792796	0.177967	0.029236	
0.819438	0.158857	0.021705	
0.667427	0.263973	0.068600	
0.843736	0.139329	0.016935	
0.836460	0.146426	0.017114	
0.716195	0.237097	0.046708	
0.791995	0.177980	0.030025	
0.725520	0.227460	0.047020	
0.625130	0.281234	0.093636	
0.751510	0.210997	0.037494	
0.762909	0.200105	0.036986	
0.826397	0.154764	0.018839	
0.158893	0.532701	0.308406	
0.818559	0.160588	0.020852	
0.305444	0.436367	0.258190	
0.824135	0.152828	0.023037	
0.732588	0.220508	0.046904	
0.782521	0.185952	0.031527	
0.696567	0.246938	0.056495	
0.774420	0.191299	0.034280	
0.761922	0.200977	0.037101	
0.771871	0.195082	0.033047	
0.629307	0.289404	0.081289	
0.851002	0.131686	0.017313	
0.761664	0.203965	0.034371	
0.814670	0.162845	0.022485	
0.723655	0.228632	0.047713	
0.673856	0.254464	0.071680	
0.782269	0.184102	0.033629	
0.720520	0.234839	0.044640	
0.852183	0.132549	0.015268	
0.727690	0.229446	0.042864	
0.533525	0.312491	0.153984	
0.757768	0.203910	0.038322	
0.651482	0.280159	0.068359	
0.821258	0.157716	0.021026	
0.801742	0.171561	0.026696	
0.839467	0.144188	0.016345	
0.712373	0.234228	0.053398	
0.648500	0.292990	0.058510	
0.793568	0.176561	0.029871	
0.416254	0.353314	0.230432	
0.835744	0.145224	0.019032	
0.862365	0.123601	0.014035	
0.751103	0.209623	0.039274	
0.789527	0.180171	0.030302	
0.788990	0.181485	0.029524	
0.593714	0.289723	0.116563	
0.731809	0.221438	0.046753	
0.788817	0.183399	0.027784	
0.739887	0.221851	0.038263	
0.835083	0.147018	0.017900	
0.798634	0.174283	0.027083	
0.830619	0.150500	0.018881	
0.833679	0.148808	0.017513	
0.487882	0.345571	0.166547	
0.844325	0.140095	0.015580	
0.837904	0.144233	0.017864	
0.773420	0.196619	0.029961	
0.860699	0.126537	0.012764	
0.684050	0.253047	0.062904	
0.802769	0.169799	0.027433	
0.678881	0.265130	0.055988	
0.735439	0.222288	0.042273	
0.623377	0.289584	0.087039	
0.603676	0.298686	0.097638	
0.684974	0.251687	0.063339	
0.626840	0.294006	0.079154	
0.757698	0.210282	0.032019	
0.733064	0.219734	0.047202	
0.799492	0.174932	0.025577	
0.853270	0.131986	0.014744	
0.684744	0.257186	0.058070	
0.653707	0.280757	0.065536	
0.726040	0.226314	0.047646	
0.760452	0.204400	0.035148	
0.694178	0.247798	0.058024	
0.783044	0.185426	0.031530	
0.703300	0.243046	0.053654	
0.730958	0.215765	0.053277	
0.809878	0.166000	0.024122	
0.832947	0.147474	0.019579	
0.771688	0.191565	0.036747	
0.800375	0.173826	0.025799	
0.799584	0.174772	0.025644	
0.580131	0.312622	0.107247	
0.745789	0.211430	0.042781	
0.823977	0.154599	0.021424	
0.810785	0.160060	0.029155	
0.661184	0.272726	0.066090	
0.873000	0.117206	0.009794	
0.748921	0.211538	0.039541	
0.009730	0.628132	0.362139	
0.411413	0.374034	0.214553	
0.606987	0.305048	0.087965	
0.720945	0.228234	0.050821	
0.816470	0.161653	0.021877	
0.826453	0.153437	0.020111	
0.595315	0.316535	0.088150	
0.841731	0.140198	0.018071	
0.710093	0.235392	0.054515	
0.037756	0.662257	0.299986	
0.817049	0.161955	0.020996	
0.028967	0.682919	0.288115	
0.730587	0.230100	0.039313	
0.831941	0.148993	0.019066	
0.291037	0.462371	0.246592	
0.737226	0.220904	0.041870	
0.675921	0.259538	0.064541	
0.854518	0.127091	0.018391	
0.732268	0.226353	0.041380	
0.875257	0.113761	0.010982	
0.643026	0.263521	0.093453	
0.749735	0.208942	0.041323	
0.666713	0.271808	0.061479	
0.736733	0.221323	0.041944	
0.855074	0.128563	0.016363	
0.720605	0.227383	0.052013	
0.586591	0.303266	0.110142	
0.415690	0.308946	0.275364	
0.817901	0.159884	0.022214	
0.664613	0.269872	0.065515	
0.542087	0.329422	0.128491	
0.130493	0.390392	0.479114	
0.743438	0.215249	0.041313	
0.804621	0.170983	0.024396	
0.616332	0.311863	0.071805	
0.795442	0.177308	0.027251	
0.790031	0.178932	0.031037	
0.766709	0.197268	0.036023	
0.792474	0.180692	0.026834	
0.831015	0.149945	0.019040	
0.775281	0.193006	0.031714	
0.716437	0.232585	0.050979	
0.672888	0.258345	0.068767	
0.864763	0.123245	0.011992	
0.352016	0.364136	0.283848	
0.666625	0.257158	0.076217	
0.764416	0.200484	0.035100	
0.835398	0.145561	0.019041	
0.652232	0.280201	0.067567	
0.848771	0.135680	0.015550	
0.593315	0.305219	0.101466	
0.784397	0.186572	0.029030	
0.097001	0.391765	0.511234	
0.630855	0.285800	0.083345	
0.782648	0.185857	0.031495	
0.598496	0.295606	0.105898	
0.758840	0.201167	0.039992	
0.702287	0.244825	0.052888	
0.643591	0.277672	0.078737	
0.738741	0.219826	0.041433	
0.843173	0.139660	0.017167	
0.326469	0.419284	0.254246	
0.742585	0.213895	0.043520	
0.801943	0.174219	0.023838	
0.763395	0.199684	0.036922	
0.811874	0.164429	0.023697	
0.731233	0.225140	0.043627	
0.744985	0.214021	0.040995	
0.855596	0.128405	0.015999	
0.656941	0.270316	0.072743	
0.750842	0.211856	0.037302	
0.588607	0.313367	0.098026	
0.639875	0.286782	0.073343	
0.823568	0.154357	0.022074	
0.837049	0.145150	0.017801	
0.752936	0.209906	0.037158	
0.761871	0.203770	0.034359	
0.539490	0.338853	0.121657	
0.754050	0.204757	0.041193	
0.732148	0.222932	0.044920	
0.733147	0.218890	0.047963	
0.667305	0.263579	0.069116	
0.565022	0.314030	0.120947	
0.678910	0.259554	0.061536	
0.539496	0.320834	0.139671	
0.730721	0.221286	0.047992	
0.592475	0.305726	0.101799	
0.833841	0.147014	0.019145	
0.787359	0.182541	0.030100	
0.624161	0.295705	0.080134	
0.604248	0.293842	0.101910	
0.572062	0.319913	0.108025	
0.740183	0.216641	0.043175	
