0.174432	0.565231	0.260337	
0.126346	0.426240	0.447414	
0.100770	0.245175	0.654055	
0.013074	0.493450	0.493477	
0.006382	0.675058	0.318561	
0.009146	0.492186	0.498667	
0.169637	0.543964	0.286399	
0.262851	0.395126	0.342023	
0.046087	0.700436	0.253477	
0.689126	0.254464	0.056410	
0.029057	0.359142	0.611801	
0.002685	0.478895	0.518420	
0.007634	0.589566	0.402800	
0.006822	0.039791	0.953387	
0.011849	0.703677	0.284474	
0.066029	0.210015	0.723957	
0.003301	0.471638	0.525061	
0.017248	0.562455	0.420297	
0.069981	0.504660	0.425359	
0.038349	0.698966	0.262684	
0.021270	0.609552	0.369178	
0.362295	0.304828	0.332877	
0.294401	0.404301	0.301298	
0.001497	0.058629	0.939875	
0.010044	0.303039	0.686917	
0.002648	0.475606	0.521746	
0.009543	0.557487	0.432970	
0.011737	0.721996	0.266267	
0.232278	0.591628	0.176093	
0.500098	0.386189	0.113713	
0.008935	0.043921	0.947145	
0.777552	0.188300	0.034148	
0.525264	0.353088	0.121648	
0.002696	0.041110	0.956194	
0.006525	0.450265	0.543210	
0.602266	0.311023	0.086710	
0.049066	0.612127	0.338806	
0.003772	0.563667	0.432561	
0.078885	0.265064	0.656050	
0.034724	0.484790	0.480486	
0.003093	0.572754	0.424153	
0.261993	0.501741	0.236266	
0.007278	0.671979	0.320744	
0.004029	0.618776	0.377196	
0.420797	0.396395	0.182807	
0.531384	0.341518	0.127098	
0.226835	0.240121	0.533044	
0.118395	0.645834	0.235771	
0.326805	0.538739	0.134456	
0.419483	0.484073	0.096444	
0.468917	0.352627	0.178456	
0.001528	0.225571	0.772901	
0.114212	0.330397	0.555390	
0.009310	0.187055	0.803634	
0.198956	0.613782	0.187262	
0.004214	0.651078	0.344709	
0.011951	0.495029	0.493020	
0.159289	0.577868	0.262843	
0.059101	0.396987	0.543913	
0.350654	0.318878	0.330468	
0.027751	0.084704	0.887545	
0.029112	0.663249	0.307639	
0.001811	0.012004	0.986185	
0.016966	0.400413	0.582622	
0.018042	0.447589	0.534369	
0.003412	0.528782	0.467807	
0.038076	0.449295	0.512629	
0.015526	0.427584	0.556890	
0.028542	0.334744	0.636713	
0.653412	0.273647	0.072941	
0.008308	0.556841	0.434851	
0.007020	0.600806	0.392173	
0.077692	0.487593	0.434714	
0.434819	0.453014	0.112167	
0.344268	0.381323	0.274409	
0.003802	0.395474	0.600725	
0.009200	0.536349	0.454451	
0.132759	0.202552	0.664689	
0.005679	0.255788	0.738533	
0.005471	0.599361	0.395167	
0.083366	0.299045	0.617589	
0.101411	0.521581	0.377008	
0.340521	0.488657	0.170823	
0.001092	0.342984	0.655924	
0.050007	0.675692	0.274301	
0.005149	0.457033	0.537818	
0.157580	0.291131	0.551288	
0.407620	0.441425	0.150956	
0.014310	0.398198	0.587492	
0.009942	0.116724	0.873335	
0.003693	0.448764	0.547544	
0.000450	0.035675	0.963876	
0.088995	0.556428	0.354577	
0.134062	0.593136	0.272802	
0.016707	0.202577	0.780716	
0.003557	0.489066	0.507378	
0.081584	0.388534	0.529882	
0.009158	0.098567	0.892274	
0.023797	0.318540	0.657663	
0.323133	0.430142	0.246726	
0.455156	0.396608	0.148236	
0.007235	0.319390	0.673376	
0.009954	0.089342	0.900704	
0.008268	0.661230	0.330502	
0.218712	0.451079	0.330208	
0.007856	0.321908	0.670236	
0.052041	0.413343	0.534616	
0.001534	0.353802	0.644664	
0.065720	0.212498	0.721782	
0.022332	0.554233	0.423435	
0.206196	0.576362	0.217442	
0.833017	0.143688	0.023295	
0.012140	0.335557	0.652303	
0.001710	0.040787	0.957504	
0.019322	0.695211	0.285467	
0.006749	0.646448	0.346802	
0.004705	0.528773	0.466522	
0.008427	0.146677	0.844896	
0.051767	0.199606	0.748627	
0.030494	0.309627	0.659879	
0.014826	0.267465	0.717709	
0.020476	0.464407	0.515117	
0.142002	0.460427	0.397571	
0.030832	0.280509	0.688659	
0.003217	0.016107	0.980676	
0.035223	0.286407	0.678370	
0.797355	0.176909	0.025737	
0.169011	0.348905	0.482084	
0.005961	0.569985	0.424053	
0.001183	0.016358	0.982459	
0.007071	0.070671	0.922258	
0.004292	0.532418	0.463289	
0.015943	0.200910	0.783147	
0.007881	0.349513	0.642607	
0.009754	0.371204	0.619042	
0.020894	0.146489	0.832618	
0.012657	0.579351	0.407992	
0.004624	0.102106	0.893270	
0.005933	0.059464	0.934603	
0.382495	0.380324	0.237181	
0.013175	0.725029	0.261796	
0.002492	0.105472	0.892036	
0.287638	0.382826	0.329536	
0.003595	0.111043	0.885363	
0.003173	0.348721	0.648106	
0.015420	0.312554	0.672026	
0.016057	0.289116	0.694827	
0.362971	0.373546	0.263483	
0.159827	0.369173	0.471000	
0.378649	0.296944	0.324407	
0.006404	0.158062	0.835534	
0.052800	0.595495	0.351705	
0.004005	0.456746	0.539250	
0.006784	0.500555	0.492661	
0.010376	0.411291	0.578333	
0.198512	0.235869	0.565619	
0.004469	0.399864	0.595667	
0.008337	0.563451	0.428213	
0.010861	0.131203	0.857937	
0.004410	0.052020	0.943570	
0.160193	0.434984	0.404823	
0.002508	0.156397	0.841095	
0.009070	0.407299	0.583631	
0.037024	0.358587	0.604389	
0.003902	0.502180	0.493918	
0.184586	0.392565	0.422849	
0.001309	0.024317	0.974374	
0.001337	0.014619	0.984045	
0.521899	0.355505	0.122596	
0.005576	0.385839	0.608585	
0.047104	0.203970	0.748926	
0.007877	0.543364	0.448759	
0.002299	0.052860	0.944840	
0.100187	0.243698	0.656115	
0.004667	0.259865	0.735467	
0.154233	0.611362	0.234406	
0.003843	0.301031	0.695126	
0.010040	0.202574	0.787386	
0.053708	0.607742	0.338551	
0.007688	0.364050	0.628262	
0.000261	0.006443	0.993296	
0.004331	0.402631	0.593038	
0.068251	0.457398	0.474351	
0.071054	0.451224	0.477722	
0.355622	0.379305	0.265073	
0.040979	0.672950	0.286071	
0.021261	0.778874	0.199865	
0.027907	0.369746	0.602347	
0.009356	0.353783	0.636861	
0.006143	0.550552	0.443305	
0.448323	0.459960	0.091716	
0.011908	0.667662	0.320429	
0.587083	0.363877	0.049040	
0.297605	0.401921	0.300473	
0.041962	0.203677	0.754361	
0.069384	0.658241	0.272375	
0.032553	0.394834	0.572613	
0.021659	0.437481	0.540859	
0.304548	0.614897	0.080555	
0.024433	0.701873	0.273694	
0.028869	0.593433	0.377699	
0.006867	0.623972	0.369161	
0.005328	0.380669	0.614003	
0.014631	0.194182	0.791187	
0.006907	0.058593	0.934500	
0.013381	0.448420	0.538199	
0.005332	0.054942	0.939725	
0.077967	0.645795	0.276238	
0.150376	0.189111	0.660514	
0.319371	0.332424	0.348205	
0.022765	0.732001	0.245234	
0.035745	0.111361	0.852894	
0.029357	0.640329	0.330314	
0.008379	0.127842	0.863779	
0.004925	0.617858	0.377216	
0.013671	0.125611	0.860719	
0.007157	0.589981	0.402862	
0.044226	0.377022	0.578752	
0.090710	0.721672	0.187617	
0.069768	0.635724	0.294508	
0.399822	0.358701	0.241477	
0.002758	0.018751	0.978491	
0.001254	0.011160	0.987587	
0.338622	0.480431	0.180947	
0.019034	0.422382	0.558584	
0.001799	0.031547	0.966653	
0.016691	0.743826	0.239483	
0.045527	0.253923	0.700550	
0.310727	0.540971	0.148302	
0.130779	0.622880	0.246341	
0.026855	0.651395	0.321749	
0.007196	0.600554	0.392250	
0.005096	0.720715	0.274190	
0.093078	0.731445	0.175477	
0.062091	0.541632	0.396277	
0.745335	0.209620	0.045046	
0.007955	0.648366	0.343680	
0.074434	0.680966	0.244600	
0.081130	0.679555	0.239315	
0.022343	0.767526	0.210131	
0.003642	0.047420	0.948938	
0.005710	0.601980	0.392311	
0.012454	0.691822	0.295723	
0.003014	0.041019	0.955967	
0.009036	0.652354	0.338610	
0.005281	0.591173	0.403547	
0.030343	0.442331	0.527325	
0.034521	0.692299	0.273179	
0.163113	0.538147	0.298741	
0.837754	0.146415	0.015831	
0.037411	0.603041	0.359548	
0.006862	0.646939	0.346200	
0.211250	0.353709	0.435042	
0.311235	0.395198	0.293567	
0.005135	0.047458	0.947406	
0.144611	0.338055	0.517334	
0.297454	0.546321	0.156225	
0.034382	0.437919	0.527698	
0.358846	0.435975	0.205178	
0.030306	0.331177	0.638517	
0.131814	0.664130	0.204055	
0.003329	0.035004	0.961667	
0.140986	0.669985	0.189029	
0.013855	0.620486	0.365659	
0.002626	0.119380	0.877994	
0.062370	0.603280	0.334350	
0.012892	0.707358	0.279749	
0.014632	0.413137	0.572231	
0.004917	0.031896	0.963187	
0.125089	0.596186	0.278725	
0.079735	0.602904	0.317362	
0.010403	0.059488	0.930109	
0.069954	0.687249	0.242797	
0.116967	0.666892	0.216141	
0.155697	0.544266	0.300038	
0.002926	0.119897	0.877177	
0.007495	0.156947	0.835558	
0.060026	0.340350	0.599624	
0.491649	0.314764	0.193587	
0.404910	0.385077	0.210013	
0.167152	0.339164	0.493683	
0.065783	0.672261	0.261956	
0.659778	0.250478	0.089743	
0.032867	0.111190	0.855943	
0.206333	0.618698	0.174969	
0.272824	0.207049	0.520126	
0.015769	0.111365	0.872867	
0.026454	0.621066	0.352480	
0.676547	0.264090	0.059362	
0.004465	0.526844	0.468691	
0.148106	0.637643	0.214251	
0.510299	0.397254	0.092446	
0.430376	0.430933	0.138691	
0.001049	0.008406	0.990545	
0.394317	0.387508	0.218174	
0.026382	0.589313	0.384305	
0.060298	0.113033	0.826670	
0.398856	0.377509	0.223634	
0.339896	0.473423	0.186681	
0.032274	0.573103	0.394623	
0.195997	0.601253	0.202751	
0.641894	0.272192	0.085914	
0.026377	0.658169	0.315454	
0.062747	0.108353	0.828900	
0.029429	0.084676	0.885895	
0.013382	0.540018	0.446600	
0.508032	0.338911	0.153057	
0.456365	0.361163	0.182472	
0.018328	0.261129	0.720543	
0.688149	0.252194	0.059656	
0.908877	0.084550	0.006573	
0.516412	0.403424	0.080164	
0.832495	0.149493	0.018012	
0.902872	0.091496	0.005632	
0.205855	0.381642	0.412503	
0.444004	0.449336	0.106659	
0.007292	0.520170	0.472538	
0.687081	0.258638	0.054280	
0.080321	0.340702	0.578977	
0.527281	0.387318	0.085401	
0.037149	0.717901	0.244949	
0.042068	0.650562	0.307370	
0.005966	0.691102	0.302932	
0.031949	0.170076	0.797975	
0.743053	0.210782	0.046165	
0.242912	0.495818	0.261271	
0.542509	0.372227	0.085264	
0.703874	0.258171	0.037956	
0.286703	0.394957	0.318340	
0.603876	0.347109	0.049016	
0.817471	0.134413	0.048116	
0.029910	0.586435	0.383655	
0.776089	0.196162	0.027749	
0.355758	0.494727	0.149515	
0.008370	0.399540	0.592090	
0.676176	0.268633	0.055192	
0.237120	0.443024	0.319856	
0.033420	0.409199	0.557381	
0.714314	0.219912	0.065773	
0.165208	0.384604	0.450188	
0.070512	0.201667	0.727821	
0.010843	0.078505	0.910652	
0.304904	0.551175	0.143921	
0.141523	0.565367	0.293109	
0.387845	0.358383	0.253771	
0.002778	0.455697	0.541525	
0.015453	0.730604	0.253943	
0.427144	0.433543	0.139313	
0.079419	0.195737	0.724844	
0.168074	0.590410	0.241515	
0.121819	0.620315	0.257866	
0.459443	0.427371	0.113187	
0.477112	0.407224	0.115664	
0.442362	0.435329	0.122309	
0.000777	0.012045	0.987178	
0.096670	0.584944	0.318385	
0.203103	0.583678	0.213219	
0.064845	0.115872	0.819284	
0.055849	0.315057	0.629094	
0.217234	0.575668	0.207098	
0.016009	0.226521	0.757471	
0.021716	0.653582	0.324702	
0.005713	0.487889	0.506398	
0.016294	0.468010	0.515696	
0.015649	0.184058	0.800293	
0.278957	0.391702	0.329342	
0.015053	0.199120	0.785827	
0.123702	0.580595	0.295704	
0.005307	0.147270	0.847424	
0.213081	0.558013	0.228906	
0.126296	0.295407	0.578297	
0.004912	0.277505	0.717583	
0.005280	0.049710	0.945010	
0.344536	0.375953	0.279511	
0.004927	0.168690	0.826384	
0.013543	0.075788	0.910668	
0.013606	0.110011	0.876382	
0.284201	0.417615	0.298184	
0.069928	0.393099	0.536973	
0.108883	0.358567	0.532550	
0.171587	0.383423	0.444990	
0.010040	0.370749	0.619211	
0.001556	0.036160	0.962284	
0.000031	0.000968	0.999001	
0.012379	0.183851	0.803770	
0.027271	0.546326	0.426403	
0.007429	0.453505	0.539066	
0.048129	0.140400	0.811471	
0.048830	0.327294	0.623876	
0.007039	0.127392	0.865568	
0.007595	0.338675	0.653729	
0.888881	0.091042	0.020077	
0.288453	0.426716	0.284830	
0.011124	0.440059	0.548817	
0.029540	0.352907	0.617553	
0.727931	0.210986	0.061084	
0.439892	0.313080	0.247028	
0.230925	0.380221	0.388854	
0.016968	0.347597	0.635435	
0.001566	0.015013	0.983421	
0.123127	0.482187	0.394686	
0.013437	0.145887	0.840675	
0.038820	0.214997	0.746183	
0.008893	0.374230	0.616877	
0.381482	0.360139	0.258378	
0.005335	0.284349	0.710317	
0.006278	0.084172	0.909550	
0.000608	0.008733	0.990659	
0.582203	0.275887	0.141911	
0.025318	0.150833	0.823848	
0.014021	0.354839	0.631140	
0.007433	0.397103	0.595463	
0.013873	0.503461	0.482666	
0.013975	0.316088	0.669937	
0.022377	0.389254	0.588368	
0.426950	0.332323	0.240728	
0.017826	0.468083	0.514091	
0.007066	0.314211	0.678723	
0.296528	0.413008	0.290464	
0.077814	0.348753	0.573433	
0.262785	0.375916	0.361298	
0.016282	0.368693	0.615025	
0.004669	0.311699	0.683632	
0.021827	0.266648	0.711525	
0.263547	0.501601	0.234853	
0.003324	0.110113	0.886563	
0.008642	0.631198	0.360160	
0.007541	0.284547	0.707913	
0.006002	0.145449	0.848549	
0.022235	0.359101	0.618664	
0.035993	0.391184	0.572824	
0.034177	0.075533	0.890290	
0.011709	0.092510	0.895781	
0.011827	0.316206	0.671967	
0.004370	0.158903	0.836727	
0.026513	0.430742	0.542746	
0.001935	0.028989	0.969076	
0.020507	0.319425	0.660068	
0.016347	0.607946	0.375707	
0.497768	0.280519	0.221712	
0.433477	0.375209	0.191314	
0.071325	0.253662	0.675013	
0.003178	0.023238	0.973584	
0.135932	0.356820	0.507248	
0.278951	0.365768	0.355281	
0.012708	0.477829	0.509463	
0.004461	0.077086	0.918453	
0.001740	0.015830	0.982430	
0.003076	0.026012	0.970912	
0.007009	0.104820	0.888172	
0.010226	0.303165	0.686608	
0.002265	0.018100	0.979635	
0.005933	0.054850	0.939217	
0.526142	0.345163	0.128695	
0.007188	0.154090	0.838722	
0.001488	0.026207	0.972305	
0.000816	0.012506	0.986678	
0.022680	0.181305	0.796015	
0.009231	0.346855	0.643914	
0.016697	0.358415	0.624887	
0.002978	0.021802	0.975220	
0.757578	0.203320	0.039103	
0.100438	0.531070	0.368491	
0.005118	0.311607	0.683275	
0.008812	0.617217	0.373972	
0.038413	0.314763	0.646824	
0.016694	0.121411	0.861895	
0.032710	0.224754	0.742536	
0.010134	0.369154	0.620713	
0.304110	0.355033	0.340857	
0.005693	0.107715	0.886592	
0.002457	0.034032	0.963511	
0.050252	0.235374	0.714374	
0.013648	0.546276	0.440076	
0.022104	0.505540	0.472356	
0.008035	0.144885	0.847080	
0.032362	0.113711	0.853927	
0.001114	0.007614	0.991273	
0.188717	0.374902	0.436381	
0.001643	0.013507	0.984850	
0.069215	0.281993	0.648792	
0.006249	0.704948	0.288803	
0.134570	0.230184	0.635246	
0.007334	0.252184	0.740482	
0.223253	0.391541	0.385206	
0.010288	0.342008	0.647703	
0.020334	0.474503	0.505164	
0.033258	0.409803	0.556939	
0.012679	0.751448	0.235873	
0.261597	0.491229	0.247174	
0.003765	0.026946	0.969289	
0.031334	0.167079	0.801587	
0.002969	0.025755	0.971276	
0.076599	0.125512	0.797889	
0.035131	0.196743	0.768125	
0.399527	0.335133	0.265340	
0.456382	0.286059	0.257559	
0.008780	0.119427	0.871794	
0.024966	0.596347	0.378686	
0.007259	0.679930	0.312811	
0.007206	0.585369	0.407426	
0.010264	0.404690	0.585045	
0.080699	0.220032	0.699269	
0.015657	0.489509	0.494835	
0.009281	0.423785	0.566935	
0.011666	0.434143	0.554191	
0.014814	0.177575	0.807611	
0.009543	0.581392	0.409065	
0.037079	0.516843	0.446077	
0.008718	0.619180	0.372102	
0.545243	0.315347	0.139410	
0.243133	0.394760	0.362108	
0.005530	0.562292	0.432178	
0.025942	0.347915	0.626142	
0.001192	0.027090	0.971718	
0.197813	0.363319	0.438868	
0.294510	0.402245	0.303245	
0.779120	0.190311	0.030569	
0.002710	0.396239	0.601050	
0.012972	0.248882	0.738146	
0.026123	0.281435	0.692441	
0.009536	0.022704	0.967761	
0.005876	0.486248	0.507876	
0.752599	0.211524	0.035877	
0.539265	0.294037	0.166698	
0.329386	0.352178	0.318436	
0.025614	0.219025	0.755361	
0.310467	0.360652	0.328881	
0.528032	0.324845	0.147123	
0.443794	0.401996	0.154210	
0.801680	0.172213	0.026107	
0.027889	0.392575	0.579536	
0.096689	0.157950	0.745361	
0.007316	0.371248	0.621436	
0.138760	0.292325	0.568916	
0.533315	0.308705	0.157980	
0.818029	0.161499	0.020472	
0.296725	0.507585	0.195690	
0.082737	0.230538	0.686725	
0.018241	0.657661	0.324098	
0.445758	0.357147	0.197095	
0.851729	0.126172	0.022099	
0.100078	0.722217	0.177705	
0.000275	0.241185	0.758540	
0.728731	0.222007	0.049262	
0.006363	0.593978	0.399660	
0.603020	0.313891	0.083089	
0.008804	0.414988	0.576209	
0.786466	0.179500	0.034033	
0.397403	0.411793	0.190804	
0.810286	0.164829	0.024885	
0.485919	0.391911	0.122171	
0.532848	0.357005	0.110147	
0.744412	0.216796	0.038792	
0.481709	0.354193	0.164098	
0.002846	0.027131	0.970023	
0.355368	0.463828	0.180804	
0.006958	0.264906	0.728137	
0.634826	0.285750	0.079423	
0.556581	0.336347	0.107072	
0.705515	0.241675	0.052810	
0.414132	0.442373	0.143494	
0.025745	0.426815	0.547440	
0.877379	0.113605	0.009016	
0.004625	0.481404	0.513971	
0.613508	0.292746	0.093747	
0.007639	0.132129	0.860233	
0.005823	0.648120	0.346057	
0.008580	0.506298	0.485121	
0.011635	0.231558	0.756807	
0.169929	0.492172	0.337898	
0.738642	0.218804	0.042554	
0.175484	0.549932	0.274584	
0.454592	0.362001	0.183408	
0.013404	0.164228	0.822368	
0.000448	0.007159	0.992393	
0.152479	0.262052	0.585470	
0.068145	0.409399	0.522456	
0.004032	0.016963	0.979005	
0.008622	0.526105	0.465274	
0.004546	0.574917	0.420538	
0.029260	0.543645	0.427095	
0.445489	0.351982	0.202528	
0.007298	0.184643	0.808060	
0.011511	0.435648	0.552841	
0.241265	0.458775	0.299960	
0.331126	0.384621	0.284253	
0.401891	0.412142	0.185967	
0.243847	0.431490	0.324664	
0.002445	0.085450	0.912105	
0.758430	0.211417	0.030153	
0.787942	0.182365	0.029693	
0.040693	0.706484	0.252824	
0.759744	0.195061	0.045195	
0.049685	0.651509	0.298806	
0.233266	0.521740	0.244993	
0.006574	0.340698	0.652728	
0.475098	0.383487	0.141414	
0.436135	0.424998	0.138867	
0.013436	0.651684	0.334881	
0.623215	0.277643	0.099142	
0.012945	0.286820	0.700235	
0.105907	0.485880	0.408213	
0.004075	0.376381	0.619544	
0.294143	0.539831	0.166026	
0.524527	0.356457	0.119016	
0.022738	0.148023	0.829239	
0.154037	0.218903	0.627059	
0.004149	0.071606	0.924246	
0.009319	0.337725	0.652957	
0.000254	0.002594	0.997152	
0.000039	0.001300	0.998662	
0.000881	0.012088	0.987031	
0.002001	0.029780	0.968219	
0.015792	0.238907	0.745301	
0.024349	0.224915	0.750735	
0.001511	0.034859	0.963630	
0.005838	0.049741	0.944421	
0.000445	0.004852	0.994703	
0.010975	0.088979	0.900047	
0.012959	0.128756	0.858285	
0.001288	0.006915	0.991797	
0.054058	0.195466	0.750475	
0.008741	0.220169	0.771090	
0.003974	0.040983	0.955043	
0.519888	0.344705	0.135407	
0.001510	0.020996	0.977494	
0.011389	0.214001	0.774610	
0.001125	0.021902	0.976973	
0.003242	0.054408	0.942350	
0.000045	0.001591	0.998365	
0.001425	0.030954	0.967622	
0.000395	0.004786	0.994820	
0.000182	0.003788	0.996030	
0.089458	0.209082	0.701460	
0.111654	0.277092	0.611253	
0.003315	0.040681	0.956004	
0.002657	0.034740	0.962603	
0.000160	0.003381	0.996459	
0.000880	0.009609	0.989511	
0.811043	0.163925	0.025032	
0.000305	0.008407	0.991289	
0.072844	0.098648	0.828508	
0.017335	0.235897	0.746768	
0.001559	0.018193	0.980248	
0.338540	0.340735	0.320725	
0.089807	0.218254	0.691940	
0.013834	0.125193	0.860973	
0.005986	0.086967	0.907047	
0.000254	0.003935	0.995811	
0.000042	0.001036	0.998923	
0.001262	0.028098	0.970640	
0.048942	0.189215	0.761843	
0.443571	0.196248	0.360182	
0.005552	0.085958	0.908490	
0.002981	0.030403	0.966616	
0.004782	0.062420	0.932798	
0.018213	0.135651	0.846135	
0.001107	0.008377	0.990516	
0.003220	0.009477	0.987303	
0.000473	0.005277	0.994250	
0.006064	0.074463	0.919473	
0.007079	0.051140	0.941781	
0.002785	0.064530	0.932685	
0.002343	0.040596	0.957061	
0.098446	0.296958	0.604596	
0.000702	0.006279	0.993019	
0.017665	0.049130	0.933205	
0.000301	0.007954	0.991746	
0.008767	0.060670	0.930563	
0.000027	0.001028	0.998945	
0.000194	0.003368	0.996438	
0.001089	0.030027	0.968884	
0.011733	0.188565	0.799702	
0.000369	0.010140	0.989491	
0.094003	0.189000	0.716997	
0.004216	0.126877	0.868907	
0.075476	0.161511	0.763013	
0.004633	0.027973	0.967395	
0.000223	0.007405	0.992372	
0.000122	0.002196	0.997682	
0.052823	0.426595	0.520582	
0.005635	0.069538	0.924827	
0.000485	0.022373	0.977142	
0.000802	0.012222	0.986976	
0.007374	0.105761	0.886865	
0.007986	0.234291	0.757723	
0.012287	0.152531	0.835181	
0.028499	0.192602	0.778899	
0.000011	0.000907	0.999082	
0.024073	0.306340	0.669587	
0.513419	0.322257	0.164324	
0.005614	0.318387	0.675998	
0.538967	0.341330	0.119703	
0.139695	0.240724	0.619581	
0.640473	0.240831	0.118695	
0.000817	0.015729	0.983454	
0.019730	0.134586	0.845684	
0.005679	0.071957	0.922364	
0.007615	0.693623	0.298762	
0.003651	0.070849	0.925499	
0.059119	0.720516	0.220364	
0.044751	0.619035	0.336214	
0.208411	0.401151	0.390438	
0.535937	0.379172	0.084891	
0.003182	0.549463	0.447354	
0.041265	0.798629	0.160106	
0.283545	0.568839	0.147616	
0.004722	0.622858	0.372421	
0.027478	0.234022	0.738500	
0.026193	0.791024	0.182783	
0.016018	0.120985	0.862997	
0.011969	0.209250	0.778781	
0.028470	0.491690	0.479840	
0.015132	0.510394	0.474474	
0.032027	0.483101	0.484872	
0.011158	0.747590	0.241253	
0.002269	0.024117	0.973614	
0.007611	0.473154	0.519235	
0.013462	0.598757	0.387781	
0.037131	0.387518	0.575351	
0.323034	0.372177	0.304789	
0.012036	0.501809	0.486155	
0.128367	0.294639	0.576994	
0.018610	0.158522	0.822868	
0.472966	0.434031	0.093003	
0.014233	0.176653	0.809114	
0.009862	0.190928	0.799210	
0.156321	0.369165	0.474514	
0.284665	0.368933	0.346403	
0.006713	0.130240	0.863047	
0.007742	0.076119	0.916140	
0.035724	0.173733	0.790543	
0.591738	0.320137	0.088125	
0.038461	0.094895	0.866644	
0.594712	0.303311	0.101976	
0.528172	0.345458	0.126370	
0.446608	0.380656	0.172736	
0.029349	0.728292	0.242359	
0.076774	0.667179	0.256047	
0.277887	0.533201	0.188913	
0.786364	0.186724	0.026912	
0.733225	0.213289	0.053485	
0.019830	0.341217	0.638954	
0.002362	0.034270	0.963368	
0.020781	0.681205	0.298014	
0.003682	0.488299	0.508020	
0.005747	0.384552	0.609701	
0.068070	0.656284	0.275645	
0.004405	0.405800	0.589795	
0.004742	0.350504	0.644754	
0.265598	0.557165	0.177238	
0.011474	0.498276	0.490250	
0.425372	0.437910	0.136718	
0.117410	0.152718	0.729872	
0.021991	0.093173	0.884837	
0.004647	0.111728	0.883625	
0.180326	0.530856	0.288818	
0.212172	0.588086	0.199742	
0.004895	0.490208	0.504897	
0.076625	0.745326	0.178048	
0.518933	0.270261	0.210805	
0.567662	0.301073	0.131265	
0.595232	0.310589	0.094178	
0.011628	0.386743	0.601629	
0.390589	0.401977	0.207434	
0.042745	0.449568	0.507687	
0.189036	0.228826	0.582138	
0.052045	0.156447	0.791508	
0.174200	0.678956	0.146844	
0.006575	0.363150	0.630275	
0.008721	0.467854	0.523425	
0.721801	0.239323	0.038876	
0.125948	0.681294	0.192759	
0.009803	0.212296	0.777900	
0.007389	0.477069	0.515542	
0.016530	0.318280	0.665190	
0.103226	0.310225	0.586549	
0.073391	0.253628	0.672981	
0.072580	0.265899	0.661521	
0.575718	0.334697	0.089585	
0.367390	0.186165	0.446445	
0.163274	0.438429	0.398296	
0.011422	0.061100	0.927478	
0.349510	0.444715	0.205775	
0.005970	0.109142	0.884888	
0.087876	0.540920	0.371205	
0.431716	0.362461	0.205823	
0.401814	0.423184	0.175002	
0.362142	0.522512	0.115346	
0.113096	0.719872	0.167032	
0.003033	0.422475	0.574492	
0.077703	0.463964	0.458333	
0.136804	0.535962	0.327234	
0.061436	0.082158	0.856406	
0.013347	0.095945	0.890708	
0.352540	0.376386	0.271074	
0.066009	0.667380	0.266611	
0.110848	0.262751	0.626401	
0.166688	0.446045	0.387267	
0.559442	0.357237	0.083321	
0.022544	0.126725	0.850731	
0.030175	0.694541	0.275284	
0.008660	0.527132	0.464209	
0.088842	0.612922	0.298236	
0.453573	0.370263	0.176164	
0.195929	0.214559	0.589513	
0.296394	0.531397	0.172209	
0.362499	0.447668	0.189833	
0.008018	0.266126	0.725856	
0.213154	0.375571	0.411274	
0.006465	0.183319	0.810216	
0.008095	0.662780	0.329126	
0.401562	0.358640	0.239798	
0.106167	0.518758	0.375075	
0.100762	0.204445	0.694793	
0.007381	0.103801	0.888818	
0.031878	0.142829	0.825293	
0.079847	0.446284	0.473869	
0.652480	0.288255	0.059265	
0.013041	0.211271	0.775687	
0.561921	0.318963	0.119116	
0.011188	0.579604	0.409209	
0.008055	0.099370	0.892576	
0.000709	0.010517	0.988774	
0.070517	0.246517	0.682966	
0.040799	0.366692	0.592509	
0.318799	0.353272	0.327928	
0.194958	0.686057	0.118985	
0.000874	0.009792	0.989335	
0.083164	0.213658	0.703178	
0.009125	0.147108	0.843767	
0.176855	0.519263	0.303882	
0.050625	0.203865	0.745510	
0.461584	0.330301	0.208115	
0.206101	0.598731	0.195169	
0.010274	0.730735	0.258991	
0.076125	0.373521	0.550354	
0.611213	0.298882	0.089905	
0.253322	0.379342	0.367337	
0.656311	0.300142	0.043547	
0.028924	0.735335	0.235741	
0.230064	0.555032	0.214905	
0.115612	0.352759	0.531629	
0.586379	0.322188	0.091433	
0.041800	0.102070	0.856129	
0.015199	0.487760	0.497041	
0.596336	0.310376	0.093289	
0.559233	0.319388	0.121379	
0.316801	0.407664	0.275535	
0.322856	0.462108	0.215036	
0.045264	0.088495	0.866241	
0.295347	0.358438	0.346215	
0.235477	0.368583	0.395941	
0.092804	0.133465	0.773731	
0.022472	0.065656	0.911872	
0.002173	0.020836	0.976991	
0.000394	0.006770	0.992836	
0.006386	0.509969	0.483645	
0.017759	0.103749	0.878492	
0.081576	0.526377	0.392048	
0.141440	0.548511	0.310049	
0.694118	0.252264	0.053618	
0.133659	0.472702	0.393639	
0.004854	0.053514	0.941632	
0.002913	0.371665	0.625422	
0.047843	0.539367	0.412790	
0.003765	0.455159	0.541076	
0.034118	0.210051	0.755831	
0.031324	0.330808	0.637868	
0.607147	0.304937	0.087916	
0.004855	0.139092	0.856052	
0.065361	0.253279	0.681360	
0.009190	0.419035	0.571775	
0.015042	0.136336	0.848622	
0.721792	0.233051	0.045157	
0.007453	0.412819	0.579729	
0.004262	0.043852	0.951887	
0.032320	0.240337	0.727343	
0.008225	0.030317	0.961458	
0.013611	0.550960	0.435429	
0.002731	0.389953	0.607316	
0.203186	0.466254	0.330560	
0.005189	0.691414	0.303397	
0.279766	0.354584	0.365650	
0.084596	0.706121	0.209284	
0.233594	0.503412	0.262993	
0.020217	0.258319	0.721464	
0.358966	0.561543	0.079491	
0.196479	0.718471	0.085050	
0.890626	0.101978	0.007396	
0.271974	0.606273	0.121753	
0.487824	0.422828	0.089348	
0.596832	0.309369	0.093799	
0.604523	0.350164	0.045314	
0.799259	0.176024	0.024718	
0.032567	0.761486	0.205948	
0.373781	0.442619	0.183601	
0.821818	0.147489	0.030693	
0.539945	0.343337	0.116718	
0.415738	0.511595	0.072667	
0.028003	0.067404	0.904593	
0.240749	0.609084	0.150168	
0.666641	0.270219	0.063139	
0.259707	0.582867	0.157426	
0.362889	0.372543	0.264568	
0.497788	0.390017	0.112194	
0.120390	0.633935	0.245675	
0.426409	0.537027	0.036563	
0.788199	0.182576	0.029224	
0.501220	0.386278	0.112502	
0.030546	0.077069	0.892386	
0.359200	0.476473	0.164326	
0.078551	0.773968	0.147481	
0.510453	0.430867	0.058680	
0.211070	0.579348	0.209582	
0.719861	0.242322	0.037817	
0.017300	0.721853	0.260847	
0.375262	0.397224	0.227514	
0.431664	0.467421	0.100915	
0.302539	0.526454	0.171006	
0.510014	0.395658	0.094329	
0.439806	0.475907	0.084287	
0.551427	0.338388	0.110185	
0.740091	0.156775	0.103135	
0.350350	0.572493	0.077158	
0.627536	0.284862	0.087602	
0.753941	0.212289	0.033770	
0.231462	0.625067	0.143471	
0.878848	0.113755	0.007397	
0.588454	0.357862	0.053684	
0.437711	0.412774	0.149515	
0.374227	0.551427	0.074346	
0.421694	0.335029	0.243277	
0.577392	0.387402	0.035207	
0.791375	0.186709	0.021916	
0.384538	0.525630	0.089832	
0.472366	0.438731	0.088902	
0.267670	0.630199	0.102131	
0.171324	0.432555	0.396121	
0.775996	0.194922	0.029082	
0.469290	0.467110	0.063600	
0.016127	0.076509	0.907364	
0.606713	0.305294	0.087993	
0.461338	0.319566	0.219096	
0.284550	0.587667	0.127783	
0.581321	0.334343	0.084336	
0.449280	0.491607	0.059113	
0.013135	0.675948	0.310917	
0.298353	0.620182	0.081465	
0.516145	0.339600	0.144255	
0.113354	0.729053	0.157593	
0.258308	0.645323	0.096369	
0.016520	0.308732	0.674748	
0.394967	0.483902	0.121130	
0.741067	0.214110	0.044823	
0.856571	0.129799	0.013629	
0.872028	0.117647	0.010325	
0.156080	0.727733	0.116187	
0.354259	0.553379	0.092362	
0.401021	0.388112	0.210867	
0.684125	0.271380	0.044495	
0.542090	0.369450	0.088460	
0.813126	0.167282	0.019592	
0.001839	0.019879	0.978281	
0.687522	0.257819	0.054659	
0.601377	0.343851	0.054772	
0.548338	0.332481	0.119180	
0.246634	0.672541	0.080825	
0.145104	0.598311	0.256585	
0.896381	0.097396	0.006222	
0.640365	0.304420	0.055215	
0.468207	0.348540	0.183254	
0.230116	0.623209	0.146675	
0.490413	0.380690	0.128897	
0.423314	0.496857	0.079829	
0.553565	0.297899	0.148537	
0.429138	0.357105	0.213757	
0.347949	0.512977	0.139074	
0.130696	0.306696	0.562608	
0.544009	0.368147	0.087844	
0.008643	0.036412	0.954945	
0.641987	0.277040	0.080973	
0.576357	0.343653	0.079990	
0.555806	0.349184	0.095010	
0.169600	0.612799	0.217601	
0.416741	0.445764	0.137494	
0.441666	0.443236	0.115098	
0.097958	0.690648	0.211394	
0.744127	0.223760	0.032113	
0.286923	0.583150	0.129927	
0.117708	0.744753	0.137539	
0.012472	0.057203	0.930325	
0.013854	0.770976	0.215170	
0.155512	0.278629	0.565859	
0.006260	0.027889	0.965850	
0.230261	0.671641	0.098098	
0.223343	0.463807	0.312850	
0.206979	0.540616	0.252405	
0.007812	0.088381	0.903808	
0.589528	0.328611	0.081861	
0.034509	0.095390	0.870101	
0.110721	0.600356	0.288923	
0.011855	0.033651	0.954495	
0.235068	0.641542	0.123390	
0.482321	0.413911	0.103768	
0.662672	0.303638	0.033690	
0.242086	0.670588	0.087327	
0.389767	0.390964	0.219269	
0.003099	0.052629	0.944273	
0.702675	0.238160	0.059166	
0.194398	0.581389	0.224214	
0.746124	0.219368	0.034508	
0.083861	0.350617	0.565523	
0.041098	0.123273	0.835629	
0.159894	0.622642	0.217464	
0.228030	0.556935	0.215036	
0.000110	0.003005	0.996885	
0.552431	0.394022	0.053547	
0.175494	0.594822	0.229684	
0.227513	0.611101	0.161386	
0.861388	0.128100	0.010513	
0.630375	0.319192	0.050433	
0.096458	0.667846	0.235697	
0.007623	0.055216	0.937161	
0.002839	0.030546	0.966615	
0.044824	0.116824	0.838353	
0.380353	0.524013	0.095634	
0.893594	0.099131	0.007275	
0.323063	0.576538	0.100398	
0.103724	0.722103	0.174173	
0.001838	0.045833	0.952330	
0.087103	0.703057	0.209840	
0.492306	0.306912	0.200782	
0.470061	0.443039	0.086900	
0.370484	0.322101	0.307416	
0.584261	0.325053	0.090686	
0.195628	0.647748	0.156624	
0.422179	0.286457	0.291364	
0.190331	0.369486	0.440183	
0.168375	0.226803	0.604821	
0.007343	0.066464	0.926193	
0.223602	0.344767	0.431631	
0.270857	0.649136	0.080007	
0.213775	0.389714	0.396511	
0.706604	0.233016	0.060381	
0.425556	0.400421	0.174023	
0.122354	0.640320	0.237326	
0.192595	0.536634	0.270771	
0.594578	0.326473	0.078949	
0.041258	0.407257	0.551485	
0.602924	0.338075	0.059001	
0.126098	0.631710	0.242192	
0.237428	0.316151	0.446420	
0.561318	0.327008	0.111674	
0.264150	0.528741	0.207110	
0.124020	0.299277	0.576703	
0.092960	0.701676	0.205364	
0.733902	0.230026	0.036072	
0.439165	0.402917	0.157918	
0.752108	0.215342	0.032550	
0.458984	0.432643	0.108373	
0.080969	0.191240	0.727790	
0.398329	0.492804	0.108867	
0.255584	0.465954	0.278462	
0.359070	0.534369	0.106561	
0.143694	0.517205	0.339101	
0.414728	0.447420	0.137853	
0.225906	0.337546	0.436548	
0.087838	0.727754	0.184408	
0.052578	0.698754	0.248667	
0.046651	0.739774	0.213575	
0.292726	0.603988	0.103286	
0.089482	0.628345	0.282173	
0.144115	0.610288	0.245598	
0.680033	0.260548	0.059420	
0.077033	0.284351	0.638617	
0.303155	0.407801	0.289044	
0.376054	0.549747	0.074199	
0.554646	0.371347	0.074007	
0.051594	0.698267	0.250139	
0.334080	0.454081	0.211839	
0.459791	0.405490	0.134719	
0.327693	0.594617	0.077690	
0.301287	0.320846	0.377868	
0.120611	0.461791	0.417598	
0.079837	0.697787	0.222376	
0.142943	0.307030	0.550027	
0.071599	0.788744	0.139657	
0.187240	0.659537	0.153223	
0.010675	0.491729	0.497596	
0.204954	0.430815	0.364231	
0.075835	0.216632	0.707534	
0.163200	0.750778	0.086022	
0.070690	0.760718	0.168593	
0.284486	0.595416	0.120098	
0.061710	0.259567	0.678723	
0.027975	0.771423	0.200603	
0.051926	0.808119	0.139955	
0.114628	0.722150	0.163222	
0.114310	0.719396	0.166293	
0.524512	0.345427	0.130061	
0.919912	0.074610	0.005477	
0.129630	0.702191	0.168179	
0.608203	0.349471	0.042326	
0.268909	0.587083	0.144008	
0.155359	0.650706	0.193935	
0.347604	0.465460	0.186936	
0.444122	0.439041	0.116837	
0.357820	0.559571	0.082609	
0.155325	0.610201	0.234474	
0.184363	0.699466	0.116171	
0.134917	0.486666	0.378417	
0.680529	0.245299	0.074172	
0.711809	0.242779	0.045412	
0.051807	0.656215	0.291978	
0.319586	0.579994	0.100420	
0.474654	0.339850	0.185496	
0.206649	0.501510	0.291840	
0.477972	0.436422	0.085607	
0.190342	0.669954	0.139704	
0.050652	0.772246	0.177101	
0.093202	0.680203	0.226595	
0.068508	0.786798	0.144694	
0.208627	0.496215	0.295158	
0.129476	0.628194	0.242330	
0.138773	0.693461	0.167765	
0.375443	0.527729	0.096828	
0.045815	0.384482	0.569704	
0.147354	0.251801	0.600845	
0.007238	0.757842	0.234921	
0.049537	0.766513	0.183950	
0.167798	0.671271	0.160931	
0.083572	0.801263	0.115165	
0.048686	0.752537	0.198777	
0.374421	0.419053	0.206526	
0.009056	0.572988	0.417956	
0.180951	0.600880	0.218169	
0.081198	0.711485	0.207317	
0.528137	0.424717	0.047146	
0.346966	0.541619	0.111415	
0.100563	0.570051	0.329387	
0.269734	0.599113	0.131153	
0.026981	0.335626	0.637393	
0.391679	0.492569	0.115752	
0.530743	0.423068	0.046189	
0.173420	0.642937	0.183643	
0.082651	0.613637	0.303712	
0.200076	0.658458	0.141466	
0.750942	0.218787	0.030271	
0.095672	0.720147	0.184181	
0.231949	0.582131	0.185920	
0.019714	0.474070	0.506216	
0.250147	0.576154	0.173699	
0.168086	0.673072	0.158841	
0.284949	0.457603	0.257448	
0.024645	0.728053	0.247302	
0.019588	0.655934	0.324477	
0.174009	0.497604	0.328387	
0.170270	0.248289	0.581441	
0.077959	0.726347	0.195694	
0.273065	0.562958	0.163977	
0.202630	0.629239	0.168130	
0.148391	0.191774	0.659835	
0.439970	0.500695	0.059335	
0.127899	0.738380	0.133721	
0.012706	0.524106	0.463188	
0.512282	0.399348	0.088369	
0.328182	0.602493	0.069325	
0.426963	0.490297	0.082740	
0.303560	0.586500	0.109940	
0.282544	0.460579	0.256877	
0.248319	0.281082	0.470598	
0.120701	0.720231	0.159068	
0.012307	0.547073	0.440621	
0.493023	0.439141	0.067837	
0.021093	0.650519	0.328388	
0.168047	0.669717	0.162236	
0.297148	0.555600	0.147252	
0.638910	0.299122	0.061967	
0.109905	0.750175	0.139919	
0.129883	0.733071	0.137046	
0.467028	0.414852	0.118120	
0.498195	0.469966	0.031839	
0.111533	0.387369	0.501098	
0.312118	0.302478	0.385404	
0.430082	0.453655	0.116263	
0.457871	0.468284	0.073846	
0.113425	0.656644	0.229931	
0.023331	0.083535	0.893134	
0.001943	0.016096	0.981961	
0.120988	0.207432	0.671580	
0.330799	0.554644	0.114557	
0.734545	0.239414	0.026041	
0.018178	0.769679	0.212143	
0.647790	0.294342	0.057868	
0.213373	0.487834	0.298793	
0.532695	0.401386	0.065919	
0.626094	0.326854	0.047052	
0.355269	0.553915	0.090816	
0.033656	0.380614	0.585731	
0.082091	0.300430	0.617479	
0.093492	0.640424	0.266085	
0.270245	0.623851	0.105904	
0.145195	0.672106	0.182699	
0.878930	0.111756	0.009314	
0.196479	0.718471	0.085050	
0.858982	0.130848	0.010170	
0.019586	0.522364	0.458050	
0.073055	0.597803	0.329142	
0.677753	0.281299	0.040948	
0.122023	0.714033	0.163944	
0.330009	0.564713	0.105278	
0.613812	0.347591	0.038597	
0.362889	0.372543	0.264568	
0.237023	0.605202	0.157775	
0.324864	0.577210	0.097926	
0.021982	0.071520	0.906498	
0.288487	0.387583	0.323929	
0.633057	0.306490	0.060454	
0.345149	0.547608	0.107243	
0.677751	0.262695	0.059554	
0.018433	0.696986	0.284580	
0.518139	0.379632	0.102229	
0.478571	0.396446	0.124983	
0.251760	0.501678	0.246563	
0.587813	0.337128	0.075059	
0.122736	0.765016	0.112248	
0.620656	0.301191	0.078153	
0.430592	0.459625	0.109784	
0.330933	0.575900	0.093167	
0.513390	0.372679	0.113931	
0.099634	0.755356	0.145009	
0.856656	0.133289	0.010055	
0.241596	0.675796	0.082607	
0.092130	0.724180	0.183691	
0.554663	0.366188	0.079149	
0.063187	0.121483	0.815331	
0.470862	0.463986	0.065152	
0.753778	0.206993	0.039229	
0.154027	0.663484	0.182490	
0.142419	0.649055	0.208526	
0.748038	0.222646	0.029315	
0.144898	0.464160	0.390942	
0.185275	0.691630	0.123095	
0.292042	0.616483	0.091475	
0.304776	0.568324	0.126900	
0.068697	0.119305	0.811998	
0.120558	0.207414	0.672028	
0.104326	0.627760	0.267914	
0.001666	0.034894	0.963440	
0.269522	0.557443	0.173035	
0.000073	0.001398	0.998529	
0.008443	0.716873	0.274684	
0.007745	0.530154	0.462101	
0.013108	0.189491	0.797401	
0.512882	0.277502	0.209616	
0.004204	0.053242	0.942554	
0.456275	0.348637	0.195088	
0.082890	0.266842	0.650268	
0.026499	0.501950	0.471551	
0.001435	0.025533	0.973031	
0.002739	0.025737	0.971524	
0.006109	0.627612	0.366279	
0.021660	0.567724	0.410616	
0.531803	0.316014	0.152183	
0.003871	0.289090	0.707040	
0.610199	0.296381	0.093420	
0.005894	0.502401	0.491705	
0.012371	0.078015	0.909614	
0.026061	0.712739	0.261200	
0.026785	0.146145	0.827071	
0.002974	0.062054	0.934971	
0.007597	0.072273	0.920130	
0.009475	0.048436	0.942090	
0.016741	0.205875	0.777384	
0.573622	0.296395	0.129982	
0.566385	0.319423	0.114192	
0.141317	0.280267	0.578416	
0.010484	0.533227	0.456289	
0.006644	0.046492	0.946863	
0.002094	0.027158	0.970748	
0.029662	0.244328	0.726009	
0.083138	0.664347	0.252515	
0.006159	0.603435	0.390407	
0.022003	0.410815	0.567182	
0.024163	0.329742	0.646095	
0.044883	0.471939	0.483178	
0.002496	0.376127	0.621376	
0.542580	0.314156	0.143265	
0.019563	0.385541	0.594896	
0.010305	0.177965	0.811731	
0.006235	0.296201	0.697564	
0.001677	0.060731	0.937591	
0.240331	0.408070	0.351599	
0.008201	0.346150	0.645649	
0.227504	0.420619	0.351877	
0.000865	0.013350	0.985785	
0.197896	0.476930	0.325174	
0.441991	0.457185	0.100824	
0.006227	0.306370	0.687403	
0.345802	0.385686	0.268512	
0.025309	0.456844	0.517847	
0.007771	0.176878	0.815350	
0.251453	0.462091	0.286456	
0.022570	0.145058	0.832372	
0.052434	0.465045	0.482521	
0.387620	0.377946	0.234434	
0.000309	0.008670	0.991020	
0.025098	0.279948	0.694954	
0.015173	0.280804	0.704023	
0.009573	0.135642	0.854785	
0.006547	0.392445	0.601008	
0.003789	0.290371	0.705840	
0.701721	0.242827	0.055452	
0.007484	0.082779	0.909737	
0.419911	0.348812	0.231277	
0.302890	0.460359	0.236751	
0.029171	0.652081	0.318748	
0.195091	0.435003	0.369906	
0.658508	0.226939	0.114554	
0.011898	0.650474	0.337628	
0.008166	0.757809	0.234025	
0.306844	0.515766	0.177390	
0.648136	0.272676	0.079188	
0.005738	0.646531	0.347732	
0.475506	0.335364	0.189130	
0.259926	0.389075	0.351000	
0.026628	0.706092	0.267280	
0.013086	0.237352	0.749562	
0.040599	0.536013	0.423388	
0.322236	0.376275	0.301489	
0.008986	0.052775	0.938239	
0.741927	0.219129	0.038944	
0.004899	0.488860	0.506241	
0.040857	0.521449	0.437694	
0.089766	0.363460	0.546774	
0.552046	0.335482	0.112472	
0.018250	0.667250	0.314499	
0.215239	0.530182	0.254579	
0.008584	0.519088	0.472328	
0.009464	0.592178	0.398357	
0.803453	0.168308	0.028238	
0.410364	0.341715	0.247921	
0.022987	0.637550	0.339463	
0.254100	0.345313	0.400587	
0.010884	0.095790	0.893326	
0.010419	0.076289	0.913292	
0.041984	0.315536	0.642480	
0.089221	0.281316	0.629462	
0.001499	0.013651	0.984851	
0.005896	0.537845	0.456258	
0.019807	0.596772	0.383421	
0.001413	0.033377	0.965210	
0.018254	0.406014	0.575732	
0.311949	0.484763	0.203288	
0.217854	0.498296	0.283849	
0.074610	0.619261	0.306129	
0.010217	0.184051	0.805732	
0.788900	0.182606	0.028494	
0.141425	0.539449	0.319126	
0.044302	0.594235	0.361463	
0.049576	0.515718	0.434707	
0.002997	0.030654	0.966349	
0.012677	0.232729	0.754594	
0.009018	0.447305	0.543677	
0.012534	0.725359	0.262107	
0.000849	0.009802	0.989349	
0.238004	0.413462	0.348534	
0.383136	0.415594	0.201270	
0.223577	0.561622	0.214801	
0.030224	0.393203	0.576573	
0.711215	0.236689	0.052096	
0.002578	0.026481	0.970941	
0.092483	0.531763	0.375755	
0.002261	0.044296	0.953443	
0.164379	0.421490	0.414131	
0.012075	0.092019	0.895906	
0.021740	0.478513	0.499747	
0.014954	0.533412	0.451634	
0.013008	0.106637	0.880355	
0.003124	0.030590	0.966286	
0.151976	0.743537	0.104486	
0.220837	0.522207	0.256955	
0.056370	0.604948	0.338682	
0.151448	0.268147	0.580405	
0.007387	0.573875	0.418738	
0.370194	0.397740	0.232066	
0.020781	0.289227	0.689992	
0.000609	0.009161	0.990230	
0.016703	0.755980	0.227317	
0.107641	0.367396	0.524963	
0.004896	0.044550	0.950555	
0.017429	0.681412	0.301159	
0.007748	0.298410	0.693842	
0.008887	0.659669	0.331444	
0.027180	0.347123	0.625697	
0.016683	0.051111	0.932206	
0.014094	0.333273	0.652633	
0.679866	0.291119	0.029015	
0.040122	0.170810	0.789068	
0.044865	0.426674	0.528461	
0.040751	0.417304	0.541945	
0.331699	0.498462	0.169838	
0.008827	0.036913	0.954260	
0.087101	0.641782	0.271117	
0.014847	0.145166	0.839987	
0.004336	0.117389	0.878275	
0.163469	0.591311	0.245220	
0.239658	0.295702	0.464640	
0.015241	0.088172	0.896588	
0.042110	0.084854	0.873036	
0.043649	0.178588	0.777763	
0.567751	0.300723	0.131526	
0.003338	0.014748	0.981914	
0.082986	0.393116	0.523898	
0.008471	0.077082	0.914447	
0.056443	0.694799	0.248757	
0.014817	0.059876	0.925307	
0.593647	0.347181	0.059171	
0.008383	0.520218	0.471399	
0.080332	0.138189	0.781480	
0.007874	0.246332	0.745794	
0.013975	0.273810	0.712215	
0.174415	0.441178	0.384407	
0.016635	0.522010	0.461355	
0.254251	0.475491	0.270259	
0.076440	0.223282	0.700278	
