0.031135	0.274082	0.694783	
0.511470	0.367798	0.120731	
0.586144	0.203155	0.210701	
0.774075	0.194483	0.031442	
0.161865	0.433427	0.404708	
0.161865	0.433427	0.404708	
0.020001	0.112652	0.867347	
0.656295	0.279727	0.063978	
0.102973	0.177441	0.719585	
0.639197	0.291559	0.069244	
0.026633	0.427017	0.546350	
0.041314	0.736179	0.222506	
0.004390	0.160382	0.835228	
0.161865	0.433427	0.404708	
0.005379	0.694902	0.299719	
0.012512	0.105718	0.881769	
0.012665	0.577390	0.409945	
0.191064	0.761645	0.047290	
0.161865	0.433427	0.404708	
0.161865	0.433427	0.404708	
0.000346	0.009278	0.990376	
0.038429	0.208108	0.753464	
0.023840	0.236142	0.740017	
0.740544	0.217625	0.041831	
0.161865	0.433427	0.404708	
0.730892	0.231104	0.038004	
0.005714	0.548740	0.445546	
0.161865	0.433427	0.404708	
0.111594	0.617069	0.271337	
0.085021	0.313616	0.601363	
0.049254	0.251218	0.699528	
0.002790	0.041220	0.955990	
0.001652	0.015258	0.983090	
0.006226	0.058722	0.935052	
0.005916	0.662087	0.331997	
0.005957	0.141508	0.852534	
0.635905	0.289371	0.074724	
0.433904	0.414312	0.151783	
0.161865	0.433427	0.404708	
0.161865	0.433427	0.404708	
0.161865	0.433427	0.404708	
0.134272	0.775028	0.090700	
0.064156	0.628212	0.307632	
0.408556	0.398676	0.192768	
0.004537	0.655203	0.340260	
0.161865	0.433427	0.404708	
0.007091	0.104749	0.888160	
0.098822	0.133389	0.767788	
0.002660	0.390246	0.607094	
0.004649	0.055718	0.939633	
0.161865	0.433427	0.404708	
0.027250	0.793725	0.179025	
0.005370	0.407566	0.587064	
0.005957	0.162844	0.831199	
0.005918	0.715595	0.278486	
0.161865	0.433427	0.404708	
0.161865	0.433427	0.404708	
0.161865	0.433427	0.404708	
0.003893	0.398626	0.597482	
0.493322	0.372876	0.133802	
0.164944	0.623004	0.212053	
0.487574	0.415175	0.097251	
0.003280	0.062202	0.934518	
0.072269	0.181143	0.746588	
0.161865	0.433427	0.404708	
0.010412	0.346509	0.643080	
0.845399	0.137998	0.016603	
0.161865	0.433427	0.404708	
0.227754	0.552052	0.220195	
0.003137	0.074571	0.922291	
0.747650	0.204753	0.047597	
0.340874	0.337801	0.321325	
0.016213	0.532287	0.451500	
0.011023	0.620600	0.368378	
0.161865	0.433427	0.404708	
0.161865	0.433427	0.404708	
0.161865	0.433427	0.404708	
0.001964	0.022424	0.975611	
0.007596	0.714287	0.278117	
0.161865	0.433427	0.404708	
0.007597	0.641230	0.351172	
0.002146	0.022447	0.975407	
0.223422	0.358040	0.418538	
0.064518	0.137938	0.797544	
0.161865	0.433427	0.404708	
0.072955	0.505873	0.421172	
0.015446	0.603715	0.380839	
0.002858	0.066284	0.930859	
0.003353	0.078887	0.917760	
0.189348	0.308845	0.501806	
0.046947	0.643405	0.309648	
0.022657	0.693781	0.283562	
0.073135	0.764196	0.162669	
0.161865	0.433427	0.404708	
0.611639	0.307136	0.081225	
0.005503	0.266834	0.727663	
0.161865	0.433427	0.404708	
0.005782	0.677166	0.317051	
0.003873	0.539924	0.456203	
0.004923	0.037974	0.957103	
0.012140	0.645289	0.342571	
0.046379	0.629481	0.324140	
0.578987	0.363224	0.057788	
0.018120	0.452889	0.528990	
0.098485	0.531123	0.370393	
0.001584	0.583181	0.415235	
0.006902	0.577465	0.415633	
0.065375	0.488567	0.446058	
0.018654	0.570997	0.410349	
0.681537	0.257715	0.060748	
0.009806	0.123711	0.866483	
0.823647	0.155430	0.020922	
0.192834	0.610614	0.196552	
0.212541	0.542010	0.245449	
0.044178	0.365297	0.590524	
0.003128	0.500963	0.495908	
0.050997	0.110959	0.838044	
0.012673	0.648160	0.339167	
0.005481	0.532642	0.461877	
0.013115	0.779287	0.207598	
0.026158	0.602383	0.371460	
0.161865	0.433427	0.404708	
0.446204	0.372082	0.181714	
0.004461	0.098857	0.896682	
0.161865	0.433427	0.404708	
0.161865	0.433427	0.404708	
0.161865	0.433427	0.404708	
0.840846	0.144301	0.014853	
0.006757	0.609004	0.384238	
0.043549	0.367439	0.589013	
0.004821	0.398609	0.596570	
0.007177	0.335294	0.657529	
0.168868	0.412224	0.418908	
0.628564	0.299899	0.071537	
0.101582	0.630518	0.267900	
0.161865	0.433427	0.404708	
0.069945	0.452377	0.477678	
0.337148	0.359800	0.303053	
0.039679	0.552108	0.408213	
0.000205	0.007876	0.991919	
0.005851	0.717954	0.276194	
0.161865	0.433427	0.404708	
0.006841	0.150441	0.842718	
0.009702	0.545875	0.444424	
0.000043	0.003383	0.996575	
0.407107	0.455619	0.137274	
0.005925	0.713212	0.280863	
0.068098	0.571861	0.360040	
0.016035	0.641337	0.342628	
0.003625	0.252901	0.743474	
0.009150	0.729396	0.261453	
0.171260	0.472162	0.356578	
0.161865	0.433427	0.404708	
0.100914	0.137812	0.761274	
0.579263	0.339795	0.080942	
0.007962	0.682149	0.309889	
0.069939	0.675195	0.254866	
0.096942	0.498039	0.405019	
0.005067	0.629353	0.365580	
0.159233	0.636359	0.204408	
0.014246	0.291880	0.693874	
0.019209	0.171634	0.809157	
0.505198	0.348973	0.145829	
0.290491	0.475904	0.233604	
0.662782	0.245982	0.091236	
0.005235	0.358022	0.636742	
0.011025	0.031477	0.957498	
0.131185	0.561814	0.307001	
0.161865	0.433427	0.404708	
0.006915	0.544681	0.448404	
0.003965	0.277187	0.718848	
0.161865	0.433427	0.404708	
0.043693	0.834311	0.121996	
0.208492	0.449296	0.342211	
0.023630	0.248332	0.728038	
0.001930	0.047186	0.950884	
0.073962	0.660425	0.265613	
0.156742	0.373278	0.469980	
0.040343	0.293820	0.665837	
0.404581	0.382930	0.212489	
0.010214	0.756842	0.232945	
0.017884	0.303504	0.678613	
0.031917	0.288195	0.679888	
0.161865	0.433427	0.404708	
0.008947	0.435205	0.555848	
0.018215	0.820352	0.161433	
0.043325	0.286171	0.670504	
0.639140	0.304301	0.056559	
0.727479	0.228635	0.043886	
0.115477	0.371590	0.512933	
0.161865	0.433427	0.404708	
0.000203	0.003610	0.996187	
0.161865	0.433427	0.404708	
0.009463	0.634841	0.355696	
0.003382	0.066575	0.930043	
0.161865	0.433427	0.404708	
0.338521	0.536270	0.125209	
0.794717	0.175944	0.029339	
0.009496	0.111989	0.878515	
0.161865	0.433427	0.404708	
0.017558	0.528613	0.453829	
0.020684	0.644389	0.334927	
0.000684	0.008129	0.991187	
0.111584	0.557923	0.330493	
0.012608	0.363818	0.623574	
0.000659	0.007660	0.991681	
0.009282	0.676815	0.313903	
0.011115	0.370319	0.618565	
0.053280	0.722845	0.223876	
0.218214	0.471441	0.310345	
0.689420	0.256776	0.053804	
0.007249	0.466014	0.526738	
0.003650	0.411056	0.585294	
0.008596	0.587823	0.403581	
0.175187	0.470885	0.353927	
0.161865	0.433427	0.404708	
0.161865	0.433427	0.404708	
0.004892	0.629438	0.365670	
0.011361	0.080355	0.908284	
0.149949	0.277580	0.572471	
0.014449	0.567433	0.418118	
0.161865	0.433427	0.404708	
0.083653	0.552710	0.363637	
0.161865	0.433427	0.404708	
0.104808	0.387114	0.508078	
0.442351	0.385974	0.171675	
0.285308	0.556079	0.158613	
0.009247	0.699898	0.290855	
0.387911	0.482885	0.129203	
0.468270	0.466976	0.064754	
0.509783	0.326625	0.163592	
0.409316	0.527449	0.063235	
0.000044	0.001732	0.998224	
0.563083	0.325109	0.111808	
0.001006	0.011808	0.987186	
0.161865	0.433427	0.404708	
0.133321	0.241474	0.625205	
0.009492	0.085320	0.905189	
0.656044	0.283701	0.060256	
0.555438	0.326770	0.117792	
0.015565	0.630344	0.354091	
0.021395	0.788808	0.189797	
0.161865	0.433427	0.404708	
0.072955	0.505873	0.421172	
0.003674	0.511956	0.484370	
0.352321	0.340038	0.307641	
0.006591	0.590335	0.403074	
0.011784	0.097978	0.890238	
0.161865	0.433427	0.404708	
0.312048	0.557208	0.130744	
0.161865	0.433427	0.404708	
0.064220	0.285104	0.650676	
0.182249	0.564560	0.253191	
0.009156	0.264842	0.726002	
0.709331	0.239268	0.051401	
0.161865	0.433427	0.404708	
0.212887	0.344622	0.442491	
0.004839	0.224815	0.770346	
0.161865	0.433427	0.404708	
0.240809	0.497639	0.261551	
0.004995	0.682502	0.312503	
0.161865	0.433427	0.404708	
0.161865	0.433427	0.404708	
0.003128	0.589929	0.406943	
0.003238	0.051631	0.945130	
0.549705	0.336281	0.114014	
0.009001	0.472110	0.518889	
0.161865	0.433427	0.404708	
0.329186	0.390048	0.280766	
0.161865	0.433427	0.404708	
0.161865	0.433427	0.404708	
0.111058	0.301286	0.587657	
0.028186	0.102593	0.869221	
0.030510	0.070629	0.898861	
0.004706	0.145179	0.850116	
0.002513	0.051532	0.945955	
0.019024	0.656105	0.324871	
0.013091	0.799628	0.187281	
0.005478	0.044250	0.950271	
0.326833	0.513318	0.159849	
0.500691	0.345778	0.153532	
0.003341	0.033264	0.963395	
0.161865	0.433427	0.404708	
0.011200	0.302483	0.686317	
0.014791	0.156942	0.828268	
0.507344	0.341984	0.150672	
0.028593	0.554572	0.416835	
0.083856	0.382646	0.533498	
0.392930	0.501437	0.105633	
0.161865	0.433427	0.404708	
0.009426	0.733800	0.256775	
0.118857	0.677109	0.204035	
0.161865	0.433427	0.404708	
0.003773	0.213416	0.782811	
0.685406	0.251560	0.063034	
0.011902	0.722244	0.265854	
0.016186	0.699144	0.284669	
0.161865	0.433427	0.404708	
0.118578	0.521823	0.359598	
0.370866	0.565824	0.063310	
0.007438	0.065129	0.927433	
0.013536	0.387363	0.599101	
0.248245	0.536545	0.215209	
0.161865	0.433427	0.404708	
0.161865	0.433427	0.404708	
0.057251	0.637298	0.305451	
0.454068	0.365014	0.180918	
0.161865	0.433427	0.404708	
0.038460	0.236978	0.724562	
0.037683	0.276948	0.685369	
0.004977	0.709953	0.285070	
0.005267	0.684931	0.309801	
0.000409	0.010295	0.989296	
0.717593	0.233361	0.049046	
0.862156	0.125109	0.012735	
0.482864	0.353578	0.163558	
0.007662	0.401807	0.590531	
0.005317	0.700930	0.293752	
0.037078	0.044169	0.918753	
0.839598	0.140283	0.020119	
0.000024	0.000761	0.999214	
0.027109	0.073127	0.899765	
0.161865	0.433427	0.404708	
0.280834	0.214452	0.504714	
0.018906	0.635343	0.345751	
0.007406	0.548581	0.444013	
0.161865	0.433427	0.404708	
0.042066	0.670978	0.286956	
0.179512	0.614962	0.205525	
0.522687	0.380738	0.096576	
0.006550	0.064115	0.929336	
0.023978	0.647477	0.328545	
0.077179	0.151801	0.771020	
0.008745	0.639055	0.352201	
0.017843	0.284166	0.697991	
0.161865	0.433427	0.404708	
0.090313	0.556137	0.353551	
0.149578	0.636223	0.214199	
0.437987	0.350386	0.211626	
0.161865	0.433427	0.404708	
0.013709	0.432371	0.553919	
0.475160	0.397987	0.126853	
0.049318	0.443004	0.507677	
0.121932	0.546044	0.332024	
0.019433	0.029499	0.951068	
0.012821	0.148042	0.839138	
0.379853	0.366950	0.253197	
0.161865	0.433427	0.404708	
0.013608	0.598946	0.387446	
0.092989	0.430053	0.476958	
0.023994	0.505078	0.470927	
0.009339	0.337487	0.653174	
0.211930	0.312203	0.475867	
0.783058	0.188097	0.028845	
0.379896	0.391790	0.228315	
0.187901	0.466340	0.345759	
0.008235	0.049930	0.941836	
0.174738	0.202532	0.622730	
0.323276	0.493159	0.183565	
0.051143	0.726115	0.222741	
0.161865	0.433427	0.404708	
0.012161	0.686741	0.301098	
0.085320	0.348563	0.566117	
0.237233	0.652948	0.109819	
0.110737	0.314384	0.574879	
0.053588	0.242886	0.703526	
0.026764	0.048143	0.925094	
0.160650	0.318107	0.521243	
0.014609	0.048034	0.937357	
0.005780	0.669623	0.324597	
0.182188	0.474786	0.343025	
0.057679	0.110686	0.831635	
0.302204	0.597092	0.100704	
0.337088	0.398284	0.264628	
0.020453	0.606435	0.373112	
0.006835	0.062975	0.930190	
0.005422	0.032950	0.961628	
0.376500	0.457985	0.165515	
0.037882	0.174593	0.787525	
0.007224	0.701036	0.291740	
0.004895	0.036331	0.958774	
0.106996	0.672652	0.220352	
0.022501	0.761667	0.215832	
0.010167	0.521425	0.468408	
0.156086	0.373084	0.470830	
0.016518	0.644832	0.338650	
0.007610	0.046703	0.945687	
0.480869	0.363537	0.155594	
0.161865	0.433427	0.404708	
0.161865	0.433427	0.404708	
0.861676	0.117581	0.020743	
0.007550	0.639128	0.353323	
0.453585	0.429943	0.116471	
0.161865	0.433427	0.404708	
0.526136	0.399429	0.074435	
0.180868	0.634593	0.184539	
0.161865	0.433427	0.404708	
0.466910	0.411292	0.121797	
0.011443	0.763020	0.225537	
0.460308	0.429773	0.109918	
0.161865	0.433427	0.404708	
0.039595	0.278233	0.682172	
0.012689	0.222520	0.764791	
0.191456	0.612376	0.196168	
0.161865	0.433427	0.404708	
0.008204	0.530375	0.461421	
0.240270	0.459426	0.300304	
0.028575	0.127394	0.844030	
0.063580	0.691832	0.244589	
0.804092	0.173563	0.022345	
0.005459	0.092636	0.901906	
0.014844	0.480958	0.504199	
0.018692	0.251544	0.729764	
0.275291	0.626710	0.097998	
0.161865	0.433427	0.404708	
0.000876	0.026748	0.972376	
0.200575	0.548284	0.251142	
0.579955	0.300080	0.119965	
0.000295	0.006283	0.993422	
0.019488	0.211540	0.768972	
0.848314	0.136672	0.015014	
0.001920	0.055812	0.942268	
0.017599	0.754693	0.227709	
0.486151	0.364461	0.149388	
0.007882	0.653171	0.338948	
0.077442	0.374773	0.547785	
0.041393	0.266012	0.692595	
0.161865	0.433427	0.404708	
0.048549	0.632851	0.318600	
0.790367	0.188660	0.020973	
0.220138	0.704480	0.075382	
0.013713	0.531970	0.454318	
0.005056	0.042576	0.952368	
0.579772	0.322310	0.097917	
0.161865	0.433427	0.404708	
0.008943	0.080642	0.910415	
0.002618	0.035724	0.961659	
0.006355	0.659694	0.333951	
0.583097	0.360869	0.056034	
0.004144	0.672535	0.323322	
0.547150	0.335918	0.116933	
0.082366	0.725669	0.191965	
0.161865	0.433427	0.404708	
0.328418	0.452696	0.218886	
0.129584	0.476898	0.393518	
0.611804	0.288232	0.099963	
0.348067	0.480918	0.171015	
0.161865	0.433427	0.404708	
0.004356	0.436445	0.559199	
0.082598	0.196017	0.721386	
0.009530	0.176114	0.814355	
0.195155	0.269989	0.534856	
0.010372	0.425387	0.564241	
0.032184	0.090950	0.876866	
0.758189	0.202213	0.039599	
0.003818	0.567573	0.428609	
0.016655	0.179033	0.804313	
0.423967	0.366074	0.209959	
0.016697	0.750828	0.232475	
0.161865	0.433427	0.404708	
0.001937	0.096946	0.901117	
0.014933	0.151522	0.833546	
0.073160	0.552392	0.374448	
0.260592	0.298379	0.441029	
0.161865	0.433427	0.404708	
0.161865	0.433427	0.404708	
0.006303	0.192250	0.801447	
0.002511	0.022219	0.975270	
0.000199	0.003455	0.996347	
0.024906	0.709601	0.265493	
0.054960	0.755862	0.189178	
0.535623	0.326632	0.137745	
0.005089	0.135887	0.859024	
0.009294	0.510809	0.479897	
0.150278	0.735147	0.114575	
0.854027	0.129470	0.016504	
0.161865	0.433427	0.404708	
0.000138	0.003278	0.996584	
0.002772	0.023536	0.973692	
0.020661	0.722889	0.256450	
0.038948	0.605090	0.355962	
0.208951	0.344708	0.446342	
0.003503	0.681331	0.315166	
0.000151	0.002711	0.997138	
0.310720	0.609969	0.079311	
0.437239	0.371031	0.191731	
0.455022	0.471983	0.072995	
0.161865	0.433427	0.404708	
0.028288	0.152657	0.819054	
0.005990	0.137082	0.856928	
0.076101	0.154111	0.769788	
0.008403	0.067667	0.923930	
0.011370	0.427678	0.560952	
0.000176	0.003188	0.996636	
0.161865	0.433427	0.404708	
0.013112	0.457431	0.529456	
0.161865	0.433427	0.404708	
0.003903	0.457675	0.538423	
0.006314	0.306013	0.687673	
0.002338	0.015810	0.981852	
0.264403	0.523203	0.212394	
0.731510	0.226605	0.041885	
0.011761	0.556036	0.432203	
0.161865	0.433427	0.404708	
0.010453	0.694897	0.294651	
0.006782	0.394051	0.599167	
0.031508	0.683727	0.284765	
0.008535	0.144307	0.847158	
0.016005	0.702279	0.281716	
0.241684	0.360120	0.398196	
0.153603	0.568544	0.277853	
0.007214	0.676937	0.315849	
0.000139	0.005536	0.994325	
0.831741	0.141349	0.026910	
0.008167	0.652071	0.339762	
0.165973	0.635027	0.199000	
0.008744	0.688963	0.302293	
0.008093	0.313224	0.678683	
0.722115	0.232735	0.045150	
0.006754	0.454722	0.538524	
0.055984	0.439219	0.504797	
0.027364	0.388801	0.583835	
0.009002	0.625107	0.365891	
0.009241	0.038524	0.952235	
0.161865	0.433427	0.404708	
0.011923	0.107409	0.880668	
0.027792	0.097401	0.874807	
0.004719	0.090494	0.904787	
0.207842	0.435404	0.356755	
0.037898	0.163813	0.798289	
0.004682	0.625475	0.369843	
0.013370	0.192223	0.794408	
0.024751	0.228764	0.746485	
0.007958	0.538177	0.453864	
0.161865	0.433427	0.404708	
0.029917	0.421089	0.548994	
0.130866	0.243962	0.625172	
0.007021	0.231203	0.761777	
0.224782	0.692127	0.083092	
0.308819	0.337016	0.354165	
0.017418	0.750758	0.231824	
0.161865	0.433427	0.404708	
0.327619	0.399636	0.272745	
0.011278	0.117838	0.870884	
0.670022	0.269257	0.060721	
0.161865	0.433427	0.404708	
0.003481	0.033253	0.963265	
0.008946	0.581816	0.409238	
0.449092	0.423557	0.127351	
0.161865	0.433427	0.404708	
0.063448	0.425473	0.511079	
0.066452	0.615517	0.318031	
0.062891	0.265782	0.671327	
0.066152	0.144258	0.789590	
0.040997	0.125662	0.833341	
0.161865	0.433427	0.404708	
0.009945	0.133526	0.856529	
0.045667	0.239305	0.715027	
0.003233	0.048119	0.948649	
0.007815	0.728372	0.263813	
0.014748	0.135773	0.849479	
0.161865	0.433427	0.404708	
0.004750	0.400945	0.594305	
0.119627	0.662369	0.218004	
0.056598	0.767434	0.175968	
0.013132	0.482655	0.504213	
0.482406	0.434623	0.082971	
0.013190	0.055184	0.931626	
0.161865	0.433427	0.404708	
0.128518	0.760181	0.111300	
0.539724	0.332062	0.128214	
0.025712	0.170211	0.804076	
0.172875	0.656964	0.170162	
0.003812	0.621244	0.374944	
0.059288	0.316463	0.624248	
0.005184	0.499701	0.495115	
0.161865	0.433427	0.404708	
0.010291	0.288900	0.700810	
0.173219	0.579079	0.247702	
0.410636	0.390202	0.199162	
0.017020	0.407632	0.575348	
0.582520	0.282391	0.135089	
0.265278	0.523830	0.210892	
0.014022	0.117179	0.868798	
0.040447	0.271740	0.687813	
0.000834	0.080546	0.918620	
0.531837	0.344673	0.123489	
0.558361	0.328577	0.113062	
0.022307	0.394006	0.583688	
0.009778	0.504603	0.485619	
0.003140	0.049114	0.947746	
0.016676	0.671439	0.311885	
0.000777	0.014534	0.984689	
0.035533	0.739811	0.224656	
0.071662	0.153036	0.775302	
0.203890	0.271998	0.524111	
0.132689	0.653805	0.213506	
0.012672	0.143082	0.844246	
0.001309	0.014667	0.984024	
0.018522	0.740089	0.241389	
0.564807	0.380790	0.054403	
0.017425	0.610401	0.372174	
0.142600	0.559802	0.297598	
0.157472	0.216979	0.625548	
0.011809	0.043069	0.945122	
0.025671	0.656392	0.317937	
0.003390	0.374002	0.622608	
0.069570	0.351352	0.579078	
0.504082	0.302496	0.193422	
0.002276	0.026412	0.971312	
0.040013	0.116804	0.843183	
0.000047	0.003141	0.996813	
0.598568	0.329186	0.072247	
0.011532	0.751788	0.236680	
0.009793	0.122776	0.867431	
0.003020	0.317270	0.679710	
0.019528	0.178960	0.801513	
0.627378	0.295711	0.076911	
0.798367	0.173811	0.027823	
0.026771	0.585106	0.388123	
0.006690	0.137507	0.855803	
0.161865	0.433427	0.404708	
0.006343	0.472782	0.520875	
0.015160	0.536545	0.448295	
0.368520	0.581998	0.049482	
0.008267	0.110405	0.881328	
0.040593	0.783470	0.175937	
0.009404	0.143910	0.846687	
0.161865	0.433427	0.404708	
0.026919	0.458328	0.514753	
0.002792	0.440176	0.557032	
0.008229	0.627439	0.364332	
0.002806	0.018996	0.978198	
0.215039	0.319761	0.465200	
0.161865	0.433427	0.404708	
0.016193	0.366177	0.617631	
0.161865	0.433427	0.404708	
0.002268	0.047023	0.950709	
0.001007	0.011182	0.987811	
0.000886	0.009563	0.989551	
0.014889	0.422404	0.562707	
0.536588	0.337396	0.126016	
0.100920	0.446279	0.452800	
0.030211	0.669955	0.299834	
0.257840	0.639301	0.102859	
0.024777	0.745093	0.230129	
0.000794	0.012950	0.986256	
0.001521	0.019268	0.979212	
0.479808	0.336517	0.183675	
0.008771	0.084863	0.906365	
0.027554	0.638687	0.333759	
0.018382	0.047641	0.933977	
0.003141	0.037408	0.959450	
0.161865	0.433427	0.404708	
0.076859	0.517790	0.405351	
0.036382	0.579768	0.383850	
0.011304	0.413522	0.575174	
0.081070	0.155184	0.763747	
0.115765	0.624611	0.259624	
0.004254	0.268099	0.727646	
0.005347	0.441065	0.553588	
0.161865	0.433427	0.404708	
0.161865	0.433427	0.404708	
0.017534	0.365167	0.617299	
0.012695	0.531671	0.455634	
0.315927	0.466174	0.217898	
0.161865	0.433427	0.404708	
0.094536	0.457752	0.447712	
0.161865	0.433427	0.404708	
0.010594	0.130163	0.859242	
0.313480	0.537097	0.149423	
0.012463	0.612219	0.375319	
0.161865	0.433427	0.404708	
0.596567	0.300264	0.103169	
0.060932	0.745787	0.193281	
0.713326	0.244411	0.042263	
0.027067	0.299652	0.673281	
0.009909	0.520265	0.469826	
0.161865	0.433427	0.404708	
0.161865	0.433427	0.404708	
0.161865	0.433427	0.404708	
0.001527	0.020328	0.978145	
0.604087	0.315421	0.080492	
0.280330	0.401651	0.318019	
0.092413	0.771744	0.135843	
0.161865	0.433427	0.404708	
0.557379	0.329507	0.113114	
0.006004	0.614116	0.379880	
0.340759	0.482281	0.176960	
0.005428	0.332319	0.662254	
0.025160	0.590477	0.384363	
0.560699	0.231723	0.207578	
0.026502	0.720466	0.253033	
0.411593	0.325475	0.262932	
0.025169	0.488572	0.486259	
0.021180	0.406712	0.572108	
0.180032	0.665516	0.154452	
0.011047	0.710563	0.278390	
0.003691	0.050290	0.946019	
0.010492	0.066193	0.923315	
0.161865	0.433427	0.404708	
0.023538	0.309553	0.666909	
0.709063	0.241285	0.049651	
0.037857	0.779397	0.182746	
0.161865	0.433427	0.404708	
0.013074	0.241642	0.745285	
0.006019	0.718734	0.275247	
0.000619	0.018227	0.981154	
0.227900	0.341572	0.430528	
0.003859	0.583889	0.412252	
0.161865	0.433427	0.404708	
0.026098	0.076468	0.897434	
0.376247	0.453846	0.169907	
0.008760	0.619504	0.371735	
0.006123	0.119934	0.873944	
0.005575	0.641738	0.352688	
0.055330	0.120979	0.823692	
0.091232	0.316699	0.592070	
0.021075	0.734188	0.244738	
0.525163	0.308950	0.165887	
0.002534	0.089162	0.908304	
0.713715	0.241935	0.044350	
0.812306	0.161463	0.026231	
0.021197	0.182291	0.796512	
0.002290	0.033215	0.964496	
0.139631	0.682267	0.178103	
0.000189	0.004347	0.995464	
0.034131	0.092830	0.873039	
0.454922	0.362519	0.182559	
0.549399	0.328594	0.122008	
0.007290	0.784679	0.208031	
0.407973	0.381127	0.210899	
0.161865	0.433427	0.404708	
0.431079	0.154287	0.414634	
0.051693	0.574621	0.373687	
0.096232	0.463632	0.440136	
0.000444	0.007292	0.992265	
0.404546	0.429413	0.166041	
0.005250	0.488933	0.505817	
0.000133	0.003600	0.996268	
0.018805	0.705444	0.275752	
0.811180	0.167641	0.021180	
0.010164	0.632765	0.357071	
0.006357	0.425425	0.568218	
0.161865	0.433427	0.404708	
0.012197	0.069988	0.917815	
0.476942	0.351450	0.171608	
0.009327	0.714932	0.275741	
0.484904	0.415497	0.099599	
0.111097	0.575646	0.313257	
0.733027	0.215301	0.051672	
0.572404	0.328069	0.099527	
0.015732	0.576493	0.407775	
0.022529	0.274493	0.702977	
0.132688	0.569746	0.297566	
0.022264	0.438748	0.538987	
0.211381	0.370973	0.417646	
0.008356	0.036905	0.954739	
0.263654	0.462418	0.273927	
0.019476	0.157249	0.823275	
0.001467	0.017459	0.981074	
0.101486	0.282724	0.615790	
0.161865	0.433427	0.404708	
0.003932	0.143054	0.853015	
0.564020	0.306804	0.129176	
0.568774	0.328413	0.102813	
0.006567	0.394327	0.599106	
0.161865	0.433427	0.404708	
0.007559	0.092339	0.900102	
0.003879	0.203267	0.792854	
0.161865	0.433427	0.404708	
0.296962	0.388316	0.314722	
0.021348	0.097761	0.880891	
0.161865	0.433427	0.404708	
0.006342	0.774107	0.219550	
0.076488	0.403529	0.519983	
0.433089	0.348858	0.218053	
0.011849	0.392770	0.595382	
0.010270	0.651894	0.337836	
0.252850	0.597479	0.149671	
0.326315	0.364420	0.309265	
0.023295	0.553536	0.423169	
0.600546	0.303601	0.095853	
0.033080	0.058803	0.908117	
0.625069	0.282480	0.092452	
0.161865	0.433427	0.404708	
0.596112	0.293820	0.110069	
0.057287	0.459394	0.483320	
0.161865	0.433427	0.404708	
0.904370	0.089439	0.006191	
0.049116	0.526337	0.424547	
0.007638	0.416481	0.575880	
0.002342	0.020229	0.977430	
0.647593	0.293072	0.059335	
0.161865	0.433427	0.404708	
0.161865	0.433427	0.404708	
0.001622	0.081338	0.917040	
0.077576	0.584051	0.338374	
0.006596	0.509965	0.483438	
0.021509	0.159877	0.818615	
0.161865	0.433427	0.404708	
0.034032	0.367916	0.598052	
0.050614	0.743731	0.205655	
0.013200	0.256914	0.729886	
0.771933	0.195059	0.033008	
0.004759	0.241055	0.754186	
0.008364	0.500413	0.491223	
0.039439	0.664605	0.295956	
0.161865	0.433427	0.404708	
0.005741	0.466019	0.528241	
0.189608	0.168854	0.641538	
0.034578	0.339542	0.625880	
0.004024	0.084822	0.911154	
0.024935	0.749734	0.225331	
0.014713	0.042241	0.943046	
0.161865	0.433427	0.404708	
0.161865	0.433427	0.404708	
0.012892	0.740171	0.246936	
0.039789	0.522823	0.437388	
0.036368	0.208763	0.754870	
0.336944	0.313050	0.350007	
0.000049	0.003474	0.996477	
0.161865	0.433427	0.404708	
0.022670	0.612748	0.364582	
0.161865	0.433427	0.404708	
0.004592	0.652056	0.343352	
0.311043	0.515434	0.173524	
0.161865	0.433427	0.404708	
0.003509	0.496258	0.500233	
0.080060	0.467574	0.452365	
0.161865	0.433427	0.404708	
0.006924	0.233887	0.759189	
0.001721	0.072760	0.925519	
0.014512	0.105221	0.880267	
0.014078	0.377001	0.608922	
0.000378	0.010688	0.988934	
0.161865	0.433427	0.404708	
0.161865	0.433427	0.404708	
0.279887	0.601290	0.118824	
0.260149	0.299465	0.440386	
0.753212	0.213070	0.033717	
0.184438	0.630390	0.185172	
0.161865	0.433427	0.404708	
0.591146	0.322991	0.085863	
0.016051	0.048362	0.935587	
0.161865	0.433427	0.404708	
0.050393	0.064315	0.885292	
0.005880	0.031822	0.962298	
0.357267	0.334985	0.307748	
0.704831	0.249183	0.045986	
0.011333	0.079838	0.908829	
0.006080	0.549855	0.444065	
0.161865	0.433427	0.404708	
0.215950	0.459463	0.324587	
0.006682	0.040707	0.952610	
0.700349	0.275853	0.023797	
0.151028	0.308382	0.540589	
0.006453	0.670980	0.322566	
0.025725	0.770330	0.203945	
0.005113	0.509507	0.485380	
0.210064	0.464758	0.325179	
0.088879	0.523502	0.387619	
0.748818	0.221910	0.029272	
0.014664	0.803882	0.181454	
0.161865	0.433427	0.404708	
0.023630	0.051503	0.924866	
0.070714	0.316325	0.612961	
0.141952	0.475978	0.382071	
0.104814	0.309200	0.585986	
0.006748	0.730644	0.262608	
0.016992	0.487673	0.495335	
0.003186	0.277204	0.719609	
0.050196	0.283809	0.665994	
0.028930	0.124894	0.846177	
0.448450	0.380417	0.171132	
0.013272	0.291943	0.694786	
0.012640	0.709060	0.278300	
0.013840	0.699790	0.286370	
0.166982	0.681482	0.151536	
0.012374	0.241845	0.745782	
0.652776	0.277258	0.069966	
0.286670	0.497527	0.215803	
0.016526	0.086148	0.897326	
0.484903	0.427449	0.087648	
0.001748	0.510173	0.488079	
0.011946	0.300761	0.687293	
0.003991	0.706081	0.289928	
0.161865	0.433427	0.404708	
0.398788	0.437288	0.163925	
0.002903	0.018880	0.978217	
0.101644	0.542301	0.356055	
0.002595	0.307011	0.690394	
0.066755	0.189144	0.744101	
0.734824	0.223705	0.041470	
0.005146	0.121407	0.873447	
0.010020	0.440348	0.549631	
0.068466	0.588376	0.343158	
0.236092	0.415917	0.347991	
0.161865	0.433427	0.404708	
0.006763	0.298806	0.694430	
0.000025	0.001994	0.997982	
0.161865	0.433427	0.404708	
0.008437	0.173182	0.818381	
0.593272	0.321750	0.084977	
0.038671	0.524931	0.436398	
0.000919	0.009638	0.989443	
0.016045	0.290614	0.693341	
0.295489	0.450686	0.253825	
0.012972	0.694966	0.292062	
0.096970	0.807736	0.095294	
0.005695	0.678404	0.315901	
0.000148	0.004062	0.995790	
0.003471	0.203439	0.793090	
0.003386	0.283588	0.713026	
0.161865	0.433427	0.404708	
0.005554	0.246852	0.747594	
0.154960	0.289709	0.555330	
0.009181	0.518724	0.472095	
0.009246	0.347456	0.643298	
0.011325	0.712370	0.276306	
0.161865	0.433427	0.404708	
0.013933	0.737543	0.248524	
0.365099	0.434822	0.200080	
0.225894	0.629140	0.144966	
0.161865	0.433427	0.404708	
0.013608	0.077259	0.909133	
0.043613	0.665575	0.290812	
0.028770	0.740666	0.230564	
0.062172	0.668532	0.269296	
0.002665	0.069661	0.927673	
0.174039	0.126616	0.699345	
0.737763	0.223918	0.038319	
0.317291	0.555281	0.127428	
0.720197	0.229629	0.050173	
0.003880	0.051088	0.945032	
0.161865	0.433427	0.404708	
0.020911	0.711640	0.267450	
0.010529	0.065301	0.924170	
0.006389	0.351180	0.642431	
0.341502	0.414030	0.244468	
0.161914	0.551321	0.286766	
0.026482	0.470980	0.502538	
0.509189	0.321851	0.168960	
0.002806	0.051429	0.945765	
0.040011	0.323413	0.636576	
0.004958	0.665725	0.329317	
0.014639	0.121503	0.863858	
0.257310	0.499450	0.243240	
0.119120	0.708300	0.172580	
0.005215	0.437365	0.557421	
0.118098	0.501312	0.380590	
0.161865	0.433427	0.404708	
0.014870	0.719411	0.265719	
0.002137	0.464940	0.532923	
0.017224	0.750729	0.232046	
0.161865	0.433427	0.404708	
0.161865	0.433427	0.404708	
0.052740	0.734818	0.212442	
0.646582	0.253442	0.099976	
0.237812	0.332600	0.429589	
0.014920	0.057083	0.927996	
0.161865	0.433427	0.404708	
0.020907	0.672679	0.306414	
0.005630	0.462631	0.531739	
0.255210	0.573432	0.171357	
0.161865	0.433427	0.404708	
0.379685	0.474700	0.145615	
0.011683	0.321183	0.667134	
0.003752	0.030724	0.965524	
0.161865	0.433427	0.404708	
0.258848	0.339160	0.401992	
0.073661	0.221373	0.704966	
0.161865	0.433427	0.404708	
0.075256	0.491170	0.433574	
0.585323	0.231779	0.182899	
0.003633	0.713319	0.283049	
0.011989	0.742756	0.245255	
0.032533	0.440207	0.527260	
0.161865	0.433427	0.404708	
0.810553	0.163570	0.025877	
0.008266	0.587255	0.404478	
0.016362	0.312940	0.670698	
0.368831	0.569701	0.061468	
0.006077	0.639093	0.354830	
0.003404	0.071193	0.925404	
0.002812	0.173125	0.824063	
0.211813	0.596746	0.191441	
0.071117	0.355795	0.573088	
0.059902	0.711800	0.228298	
0.000383	0.007371	0.992245	
0.004405	0.021458	0.974137	
0.004234	0.702713	0.293053	
0.073764	0.779742	0.146494	
0.005460	0.431713	0.562827	
0.259355	0.388433	0.352213	
0.004982	0.022970	0.972048	
0.126051	0.381101	0.492848	
0.161865	0.433427	0.404708	
0.033732	0.190506	0.775762	
0.008922	0.615621	0.375457	
0.009709	0.114417	0.875874	
0.376529	0.461622	0.161849	
0.161865	0.433427	0.404708	
0.010629	0.744648	0.244724	
0.003362	0.634376	0.362262	
0.609028	0.289674	0.101298	
0.439107	0.446958	0.113935	
0.370949	0.218482	0.410569	
0.003653	0.297826	0.698522	
0.015866	0.219660	0.764475	
0.009165	0.378921	0.611914	
0.009329	0.684606	0.306065	
0.002009	0.267632	0.730360	
0.787211	0.185781	0.027008	
0.017147	0.708818	0.274036	
0.009296	0.602904	0.387800	
0.047208	0.324368	0.628424	
0.003879	0.058119	0.938002	
0.080853	0.183381	0.735766	
0.427349	0.406245	0.166406	
0.922570	0.072651	0.004780	
0.003442	0.046190	0.950368	
0.161865	0.433427	0.404708	
0.007038	0.116666	0.876296	
0.161865	0.433427	0.404708	
0.003596	0.692222	0.304181	
0.460130	0.356954	0.182916	
0.118406	0.664736	0.216857	
0.001386	0.018992	0.979622	
0.161865	0.433427	0.404708	
0.154448	0.474594	0.370958	
0.027702	0.497788	0.474511	
0.058937	0.698694	0.242370	
0.002260	0.024538	0.973203	
0.009607	0.779175	0.211218	
0.009136	0.667449	0.323415	
0.008090	0.104867	0.887043	
0.053968	0.556247	0.389785	
0.011328	0.772208	0.216464	
0.161865	0.433427	0.404708	
0.011593	0.412656	0.575751	
0.008379	0.049650	0.941970	
0.338458	0.336977	0.324565	
0.161865	0.433427	0.404708	
0.003437	0.021824	0.974740	
0.080992	0.336923	0.582085	
0.003623	0.236588	0.759789	
0.161865	0.433427	0.404708	
0.002896	0.598506	0.398598	
0.358469	0.454285	0.187245	
0.349445	0.446980	0.203575	
0.034133	0.624078	0.341788	
0.001977	0.057427	0.940596	
0.012590	0.477656	0.509754	
0.016726	0.097294	0.885980	
0.003688	0.237900	0.758412	
0.001197	0.019736	0.979067	
0.161865	0.433427	0.404708	
0.030908	0.705522	0.263570	
0.116096	0.648551	0.235353	
0.044334	0.491866	0.463800	
0.023264	0.071689	0.905048	
0.004721	0.020548	0.974732	
0.620191	0.300045	0.079764	
0.007431	0.098532	0.894037	
0.005498	0.632966	0.361537	
0.027930	0.083594	0.888476	
0.018579	0.679671	0.301750	
0.161865	0.433427	0.404708	
0.852130	0.136251	0.011619	
0.003299	0.028702	0.967999	
0.006610	0.708172	0.285218	
0.129663	0.660177	0.210160	
0.000654	0.021394	0.977952	
0.010773	0.679745	0.309482	
0.161865	0.433427	0.404708	
0.009306	0.615461	0.375233	
0.161865	0.433427	0.404708	
0.161865	0.433427	0.404708	
0.487739	0.359662	0.152598	
0.532034	0.344849	0.123117	
0.034340	0.457614	0.508046	
0.148353	0.600571	0.251075	
0.025646	0.116101	0.858253	
0.166076	0.743111	0.090814	
0.007665	0.187563	0.804772	
0.400090	0.471576	0.128334	
0.004283	0.713618	0.282099	
0.004182	0.606177	0.389642	
0.329552	0.320897	0.349552	
0.691197	0.252776	0.056027	
0.020503	0.631461	0.348036	
0.001368	0.006148	0.992484	
0.277661	0.383464	0.338875	
0.348229	0.387605	0.264167	
0.161865	0.433427	0.404708	
0.184679	0.490869	0.324452	
0.052946	0.292872	0.654181	
0.229718	0.663343	0.106940	
0.464270	0.358836	0.176894	
0.161865	0.433427	0.404708	
0.161865	0.433427	0.404708	
0.007277	0.656506	0.336217	
0.161865	0.433427	0.404708	
0.018483	0.692034	0.289483	
0.161865	0.433427	0.404708	
0.002822	0.394992	0.602186	
0.162476	0.484108	0.353415	
0.688864	0.242912	0.068224	
0.238601	0.295760	0.465640	
0.080355	0.274402	0.645243	
0.130152	0.733881	0.135966	
0.008690	0.254665	0.736645	
0.161865	0.433427	0.404708	
0.038771	0.541891	0.419338	
0.009393	0.281988	0.708619	
0.285701	0.574308	0.139992	
0.066319	0.668689	0.264992	
0.009009	0.042203	0.948788	
0.161865	0.433427	0.404708	
0.704160	0.265438	0.030402	
0.007331	0.723659	0.269010	
0.018318	0.140222	0.841460	
0.293843	0.359612	0.346545	
0.013093	0.037495	0.949412	
0.198651	0.581715	0.219633	
0.105200	0.616504	0.278296	
0.605302	0.301651	0.093047	
0.471704	0.408494	0.119803	
0.091371	0.165673	0.742955	
0.349500	0.306121	0.344379	
0.017323	0.699839	0.282838	
0.004698	0.166424	0.828878	
0.009465	0.087772	0.902762	
0.006183	0.619477	0.374339	
0.462965	0.435167	0.101867	
0.050132	0.487433	0.462436	
0.161865	0.433427	0.404708	
0.026008	0.608092	0.365900	
0.006128	0.243537	0.750335	
0.464327	0.360372	0.175301	
0.005485	0.025175	0.969340	
0.000434	0.007356	0.992211	
0.080230	0.700201	0.219569	
0.009148	0.537503	0.453349	
0.017259	0.063204	0.919537	
0.161865	0.433427	0.404708	
0.051394	0.110317	0.838289	
0.035360	0.593151	0.371489	
0.003288	0.474195	0.522516	
0.004504	0.050515	0.944981	
0.047852	0.271300	0.680849	
0.011687	0.050663	0.937651	
0.021709	0.707099	0.271191	
0.003992	0.027380	0.968628	
0.009152	0.492474	0.498374	
0.000652	0.012230	0.987118	
0.022732	0.773405	0.203864	
0.769875	0.189072	0.041053	
0.004585	0.335629	0.659786	
0.004099	0.048695	0.947207	
0.007584	0.062050	0.930366	
0.200253	0.637837	0.161909	
0.001669	0.022468	0.975864	
0.006315	0.617657	0.376028	
0.003188	0.032787	0.964025	
0.161865	0.433427	0.404708	
0.006586	0.349203	0.644211	
0.051011	0.740821	0.208168	
0.088864	0.384124	0.527012	
0.161865	0.433427	0.404708	
0.002170	0.026965	0.970865	
0.023376	0.545999	0.430625	
0.101721	0.345802	0.552476	
0.189726	0.708696	0.101578	
0.585829	0.301434	0.112737	
0.335562	0.510255	0.154182	
0.050997	0.327067	0.621937	
0.743375	0.209976	0.046649	
0.172018	0.429001	0.398981	
0.609952	0.297374	0.092675	
0.007530	0.425556	0.566914	
0.000047	0.001127	0.998827	
0.013524	0.714369	0.272108	
0.300575	0.588353	0.111072	
0.393359	0.471582	0.135060	
0.639491	0.282654	0.077855	
0.175753	0.185965	0.638282	
0.184080	0.303252	0.512668	
0.002805	0.012980	0.984215	
0.148766	0.674204	0.177029	
0.079997	0.705226	0.214777	
0.233537	0.389999	0.376464	
0.161865	0.433427	0.404708	
0.530044	0.371272	0.098684	
0.161865	0.433427	0.404708	
0.005454	0.637127	0.357419	
0.003672	0.609360	0.386968	
0.003280	0.249268	0.747452	
0.161865	0.433427	0.404708	
0.110145	0.167719	0.722136	
0.161865	0.433427	0.404708	
0.356994	0.445416	0.197590	
0.013107	0.143510	0.843383	
0.161865	0.433427	0.404708	
0.010194	0.088069	0.901738	
0.668987	0.277083	0.053930	
0.007166	0.298874	0.693960	
0.161865	0.433427	0.404708	
0.161865	0.433427	0.404708	
0.793397	0.170548	0.036055	
0.010980	0.644269	0.344751	
0.009630	0.323973	0.666397	
0.003799	0.202347	0.793854	
0.010789	0.083441	0.905770	
0.035397	0.751388	0.213215	
0.161865	0.433427	0.404708	
0.397853	0.425596	0.176551	
0.060862	0.368202	0.570936	
0.007796	0.200824	0.791380	
0.394232	0.392365	0.213403	
0.000328	0.006325	0.993348	
0.017726	0.506268	0.476005	
0.008786	0.039030	0.952184	
0.058782	0.166267	0.774951	
0.354970	0.457142	0.187888	
0.120247	0.586470	0.293282	
0.048463	0.129069	0.822468	
0.318531	0.452723	0.228745	
0.102769	0.764305	0.132925	
0.461071	0.329682	0.209247	
0.388405	0.451624	0.159971	
0.089602	0.166233	0.744165	
0.003623	0.021847	0.974530	
0.109435	0.694807	0.195757	
0.007821	0.179148	0.813031	
0.622373	0.288090	0.089537	
0.647330	0.289864	0.062806	
0.139526	0.686190	0.174284	
0.031800	0.056223	0.911977	
0.750911	0.200886	0.048203	
0.115590	0.235422	0.648988	
0.827280	0.156620	0.016100	
0.047359	0.553354	0.399287	
0.351670	0.378913	0.269417	
0.161865	0.433427	0.404708	
0.161865	0.433427	0.404708	
0.571634	0.307581	0.120785	
0.210914	0.562589	0.226497	
0.007451	0.343357	0.649192	
0.006169	0.621453	0.372378	
0.009352	0.109851	0.880797	
0.049285	0.607398	0.343317	
0.002171	0.096681	0.901147	
0.007013	0.740528	0.252459	
0.000427	0.003024	0.996549	
0.161865	0.433427	0.404708	
0.007910	0.117403	0.874687	
0.045314	0.337103	0.617583	
0.000793	0.008331	0.990876	
0.025841	0.491256	0.482903	
0.000755	0.014226	0.985019	
0.010367	0.090486	0.899147	
0.161865	0.433427	0.404708	
0.391166	0.494903	0.113930	
0.161865	0.433427	0.404708	
0.003832	0.118383	0.877786	
0.586194	0.297216	0.116591	
0.078138	0.633515	0.288347	
0.161865	0.433427	0.404708	
0.161865	0.433427	0.404708	
0.000045	0.001380	0.998575	
0.060932	0.633615	0.305452	
0.046573	0.495849	0.457579	
0.032605	0.622127	0.345268	
0.090488	0.594249	0.315263	
0.143363	0.516810	0.339827	
0.732244	0.199704	0.068051	
0.005664	0.130035	0.864301	
0.161865	0.433427	0.404708	
0.004331	0.091409	0.904260	
0.161865	0.433427	0.404708	
0.291803	0.659426	0.048771	
0.019978	0.705639	0.274382	
0.266834	0.320344	0.412822	
0.006228	0.468538	0.525234	
0.748547	0.213295	0.038158	
0.001413	0.017149	0.981438	
0.000086	0.002153	0.997760	
0.023139	0.706280	0.270582	
0.181117	0.539132	0.279751	
0.000578	0.005767	0.993655	
0.372830	0.414995	0.212175	
0.161865	0.433427	0.404708	
0.004510	0.676951	0.318538	
0.161865	0.433427	0.404708	
0.165635	0.538830	0.295535	
0.161865	0.433427	0.404708	
0.007638	0.734506	0.257857	
0.005738	0.750261	0.244000	
0.008721	0.359532	0.631748	
0.161865	0.433427	0.404708	
0.082622	0.664806	0.252572	
0.005189	0.516876	0.477934	
0.233533	0.302693	0.463774	
0.005452	0.539731	0.454818	
0.007097	0.061590	0.931313	
0.011216	0.056205	0.932579	
0.161865	0.433427	0.404708	
0.161865	0.433427	0.404708	
0.029162	0.469687	0.501151	
0.590241	0.320642	0.089117	
0.012193	0.210695	0.777112	
0.008495	0.097764	0.893741	
0.018196	0.764501	0.217304	
0.807285	0.167903	0.024813	
0.161865	0.433427	0.404708	
0.377282	0.361288	0.261430	
0.028982	0.434477	0.536541	
0.014124	0.388941	0.596934	
0.001708	0.360113	0.638179	
0.002987	0.057718	0.939295	
0.225626	0.371911	0.402463	
0.658871	0.280167	0.060962	
0.007433	0.073671	0.918896	
0.005613	0.658198	0.336189	
0.001403	0.008956	0.989641	
0.008225	0.666803	0.324972	
0.003859	0.583889	0.412252	
0.005660	0.090633	0.903708	
0.620010	0.218121	0.161869	
0.161865	0.433427	0.404708	
0.007275	0.119351	0.873374	
0.024488	0.102784	0.872729	
0.010056	0.736349	0.253595	
0.222912	0.607108	0.169979	
0.161865	0.433427	0.404708	
0.011180	0.340568	0.648253	
0.448319	0.449023	0.102659	
0.002451	0.161851	0.835698	
0.439421	0.308566	0.252013	
0.022672	0.208629	0.768699	
0.024428	0.573127	0.402444	
0.161865	0.433427	0.404708	
0.010226	0.687962	0.301812	
0.217468	0.650220	0.132312	
0.032855	0.486274	0.480871	
0.317030	0.489777	0.193193	
0.283943	0.478417	0.237639	
0.302696	0.601141	0.096163	
0.161865	0.433427	0.404708	
0.026944	0.605214	0.367843	
0.024668	0.766857	0.208475	
0.161865	0.433427	0.404708	
0.006312	0.714220	0.279468	
0.161865	0.433427	0.404708	
0.017825	0.710083	0.272091	
0.161865	0.433427	0.404708	
0.000029	0.001304	0.998667	
0.010278	0.037222	0.952500	
0.351518	0.531094	0.117387	
0.006908	0.316525	0.676567	
0.161865	0.433427	0.404708	
0.161865	0.433427	0.404708	
0.893662	0.096393	0.009944	
0.161865	0.433427	0.404708	
0.239426	0.494398	0.266176	
0.035923	0.591972	0.372105	
0.231755	0.685806	0.082438	
0.011066	0.538284	0.450651	
0.632972	0.315368	0.051660	
0.242046	0.546275	0.211679	
0.294283	0.358471	0.347246	
0.000484	0.008250	0.991266	
0.003717	0.347610	0.648673	
0.026136	0.062994	0.910870	
0.067156	0.268043	0.664800	
0.304103	0.410145	0.285752	
0.030932	0.163023	0.806045	
0.161865	0.433427	0.404708	
0.067419	0.447940	0.484641	
0.418871	0.422892	0.158237	
0.632907	0.272680	0.094413	
0.019160	0.093303	0.887537	
0.005344	0.428219	0.566437	
0.018635	0.762636	0.218729	
0.005847	0.654263	0.339889	
0.013733	0.171053	0.815214	
0.007037	0.050012	0.942951	
0.008452	0.623256	0.368292	
0.033851	0.074600	0.891549	
0.021927	0.309557	0.668516	
0.003814	0.032983	0.963203	
0.007187	0.627126	0.365688	
0.161865	0.433427	0.404708	
0.276846	0.558746	0.164407	
0.006701	0.030310	0.962989	
0.124927	0.746900	0.128174	
0.161865	0.433427	0.404708	
0.007834	0.041846	0.950321	
0.412639	0.484315	0.103046	
0.797573	0.179696	0.022731	
0.002361	0.052035	0.945605	
0.008753	0.749067	0.242180	
0.161865	0.433427	0.404708	
0.007188	0.327501	0.665311	
0.025633	0.186015	0.788353	
0.092557	0.306486	0.600957	
0.021448	0.624983	0.353569	
0.010477	0.266867	0.722656	
0.252912	0.656836	0.090252	
0.034213	0.430841	0.534946	
0.013269	0.708316	0.278415	
0.399427	0.491729	0.108844	
0.010367	0.779733	0.209900	
0.021903	0.702016	0.276081	
0.303157	0.403503	0.293340	
0.161865	0.433427	0.404708	
0.184065	0.588480	0.227455	
0.017563	0.471119	0.511318	
0.337627	0.409985	0.252388	
0.008867	0.676681	0.314453	
0.053701	0.065318	0.880980	
0.010047	0.066879	0.923074	
0.838914	0.146293	0.014794	
0.161865	0.433427	0.404708	
0.016402	0.773274	0.210324	
0.013462	0.393615	0.592922	
