0.099871	0.620155	0.279975	
0.205181	0.357678	0.437141	
0.061810	0.155110	0.783080	
0.002900	0.520005	0.477095	
0.003340	0.700434	0.296226	
0.053598	0.400674	0.545729	
0.033047	0.526103	0.440850	
0.176064	0.289505	0.534431	
0.021863	0.700642	0.277495	
0.699244	0.238036	0.062720	
0.029641	0.394004	0.576355	
0.009202	0.312048	0.678750	
0.047777	0.612590	0.339633	
0.010459	0.040350	0.949191	
0.069815	0.705306	0.224879	
0.112828	0.241116	0.646056	
0.003380	0.382888	0.613733	
0.004782	0.559080	0.436139	
0.039301	0.471790	0.488909	
0.156253	0.547765	0.295982	
0.026084	0.562670	0.411246	
0.475559	0.313577	0.210864	
0.364676	0.367124	0.268200	
0.002091	0.144248	0.853662	
0.006988	0.242241	0.750770	
0.001214	0.486943	0.511843	
0.006570	0.598047	0.395384	
0.019594	0.673577	0.306828	
0.240262	0.602706	0.157033	
0.490451	0.361120	0.148429	
0.011611	0.062540	0.925849	
0.647880	0.259920	0.092200	
0.665315	0.278224	0.056461	
0.006222	0.073563	0.920215	
0.004924	0.562750	0.432327	
0.668955	0.265825	0.065220	
0.020789	0.609089	0.370122	
0.002695	0.426658	0.570648	
0.093115	0.374882	0.532003	
0.055231	0.487805	0.456963	
0.002705	0.556733	0.440562	
0.261482	0.507799	0.230719	
0.005279	0.698861	0.295860	
0.003491	0.732935	0.263574	
0.551803	0.303599	0.144598	
0.640600	0.273443	0.085958	
0.202561	0.239002	0.558437	
0.124882	0.645248	0.229870	
0.467632	0.448020	0.084348	
0.473778	0.429925	0.096297	
0.597360	0.279903	0.122737	
0.001271	0.285314	0.713415	
0.053378	0.264630	0.681992	
0.012691	0.241389	0.745920	
0.185762	0.593249	0.220989	
0.013203	0.616035	0.370762	
0.047367	0.454721	0.497912	
0.121684	0.510665	0.367652	
0.164243	0.528416	0.307340	
0.315850	0.350277	0.333872	
0.026475	0.084462	0.889063	
0.081900	0.629417	0.288683	
0.001679	0.019184	0.979137	
0.008723	0.484321	0.506957	
0.019547	0.411623	0.568831	
0.007327	0.332137	0.660537	
0.189101	0.499514	0.311385	
0.010783	0.359268	0.629948	
0.068225	0.499451	0.432324	
0.501459	0.334763	0.163779	
0.009526	0.491955	0.498519	
0.005852	0.567278	0.426871	
0.021170	0.625881	0.352949	
0.505704	0.402983	0.091312	
0.547507	0.321156	0.131337	
0.005084	0.430496	0.564420	
0.035167	0.530372	0.434461	
0.042627	0.148861	0.808511	
0.006184	0.321818	0.671998	
0.009936	0.626352	0.363712	
0.047249	0.266698	0.686053	
0.046955	0.422108	0.530937	
0.513161	0.380291	0.106548	
0.000384	0.379710	0.619905	
0.052197	0.578901	0.368902	
0.010850	0.514290	0.474860	
0.102402	0.260829	0.636769	
0.299794	0.502090	0.198115	
0.011093	0.472384	0.516523	
0.013941	0.185733	0.800326	
0.005041	0.606857	0.388102	
0.000458	0.029516	0.970026	
0.284233	0.480410	0.235357	
0.315688	0.410758	0.273554	
0.008180	0.252994	0.738826	
0.005522	0.295585	0.698893	
0.109214	0.468869	0.421917	
0.003581	0.056971	0.939448	
0.029867	0.219957	0.750177	
0.248927	0.438940	0.312133	
0.425468	0.388491	0.186041	
0.002078	0.189536	0.808386	
0.006382	0.093657	0.899961	
0.012995	0.605015	0.381990	
0.077075	0.555021	0.367903	
0.002122	0.241226	0.756651	
0.108795	0.308467	0.582739	
0.002776	0.243791	0.753433	
0.043986	0.216211	0.739803	
0.004946	0.475086	0.519968	
0.113633	0.612557	0.273810	
0.783856	0.171367	0.044777	
0.015555	0.249678	0.734766	
0.001477	0.032769	0.965754	
0.035405	0.450154	0.514441	
0.009723	0.504036	0.486240	
0.010928	0.296089	0.692983	
0.008336	0.252981	0.738683	
0.086206	0.200436	0.713358	
0.024615	0.299497	0.675888	
0.012280	0.169801	0.817920	
0.030471	0.352500	0.617030	
0.180153	0.463429	0.356418	
0.009786	0.275470	0.714743	
0.002848	0.015451	0.981701	
0.018787	0.495488	0.485725	
0.682213	0.246768	0.071019	
0.251637	0.315996	0.432366	
0.005398	0.388519	0.606083	
0.004996	0.032270	0.962734	
0.002776	0.020689	0.976535	
0.003052	0.466954	0.529994	
0.005805	0.343296	0.650899	
0.013081	0.253251	0.733668	
0.009141	0.346702	0.644157	
0.045812	0.210950	0.743238	
0.011347	0.504317	0.484336	
0.001431	0.022447	0.976122	
0.001507	0.029676	0.968817	
0.486304	0.329214	0.184482	
0.014275	0.535497	0.450227	
0.004089	0.245217	0.750693	
0.269532	0.355761	0.374708	
0.002671	0.164546	0.832783	
0.006912	0.289710	0.703379	
0.014785	0.310522	0.674693	
0.009653	0.380004	0.610343	
0.217254	0.324082	0.458664	
0.066629	0.250931	0.682440	
0.280303	0.275639	0.444058	
0.005705	0.151083	0.843212	
0.005737	0.514235	0.480028	
0.004385	0.441186	0.554429	
0.013430	0.285170	0.701400	
0.020764	0.303370	0.675866	
0.118205	0.232101	0.649695	
0.009504	0.329772	0.660724	
0.020374	0.397651	0.581975	
0.007181	0.130051	0.862768	
0.002533	0.020430	0.977036	
0.176113	0.339624	0.484263	
0.002998	0.136161	0.860841	
0.011381	0.318847	0.669773	
0.172712	0.394962	0.432327	
0.002483	0.463481	0.534037	
0.127815	0.412845	0.459340	
0.003175	0.098974	0.897851	
0.001317	0.010121	0.988561	
0.450390	0.358753	0.190857	
0.011771	0.410596	0.577632	
0.026104	0.106473	0.867424	
0.006979	0.444494	0.548527	
0.002329	0.114055	0.883617	
0.062629	0.216545	0.720827	
0.001583	0.264860	0.733557	
0.181875	0.493870	0.324255	
0.003383	0.338875	0.657742	
0.021982	0.309523	0.668495	
0.035295	0.492079	0.472626	
0.003697	0.329140	0.667163	
0.000252	0.002495	0.997253	
0.007450	0.292588	0.699962	
0.074904	0.260434	0.664662	
0.018002	0.572926	0.409071	
0.392150	0.384261	0.223588	
0.044265	0.666731	0.289004	
0.030685	0.612348	0.356967	
0.031085	0.374258	0.594658	
0.002574	0.201288	0.796138	
0.029755	0.429002	0.541243	
0.334006	0.488990	0.177004	
0.006825	0.716963	0.276212	
0.680865	0.285049	0.034086	
0.271581	0.427228	0.301191	
0.107075	0.245297	0.647628	
0.085744	0.618481	0.295775	
0.186731	0.458051	0.355218	
0.121332	0.503896	0.374772	
0.129841	0.691071	0.179088	
0.028604	0.626668	0.344728	
0.043487	0.602316	0.354197	
0.011393	0.455095	0.533512	
0.009463	0.596345	0.394193	
0.038414	0.260930	0.700656	
0.003879	0.031180	0.964941	
0.066466	0.466748	0.466786	
0.008511	0.117362	0.874128	
0.016818	0.751258	0.231924	
0.260394	0.316050	0.423556	
0.520651	0.304848	0.174501	
0.021837	0.699675	0.278489	
0.070596	0.132543	0.796860	
0.059742	0.362087	0.578171	
0.003051	0.075027	0.921921	
0.011594	0.505368	0.483039	
0.012600	0.072505	0.914895	
0.017103	0.428302	0.554595	
0.194864	0.542399	0.262738	
0.284259	0.539992	0.175749	
0.039732	0.583981	0.376287	
0.426882	0.365368	0.207750	
0.002820	0.023107	0.974073	
0.002012	0.016429	0.981559	
0.288216	0.545973	0.165810	
0.015419	0.299972	0.684609	
0.001174	0.017948	0.980878	
0.024217	0.719297	0.256487	
0.026952	0.311619	0.661430	
0.269312	0.591582	0.139106	
0.245995	0.502803	0.251202	
0.027356	0.690120	0.282524	
0.029187	0.582158	0.388656	
0.014426	0.740457	0.245117	
0.286051	0.571750	0.142199	
0.045525	0.514144	0.440331	
0.626187	0.292169	0.081644	
0.013972	0.617331	0.368696	
0.075928	0.659837	0.264235	
0.028597	0.649192	0.322211	
0.039963	0.709999	0.250038	
0.011065	0.070592	0.918343	
0.003289	0.601511	0.395200	
0.012988	0.689500	0.297513	
0.002274	0.039008	0.958717	
0.015093	0.646292	0.338615	
0.009863	0.568413	0.421724	
0.042929	0.316313	0.640758	
0.034303	0.686137	0.279559	
0.350620	0.437444	0.211937	
0.898839	0.089895	0.011266	
0.043389	0.613896	0.342715	
0.006697	0.645043	0.348260	
0.169776	0.249955	0.580269	
0.325221	0.487045	0.187733	
0.002716	0.033647	0.963638	
0.199239	0.291494	0.509267	
0.271601	0.547265	0.181134	
0.042791	0.365231	0.591978	
0.223132	0.464354	0.312514	
0.045721	0.364674	0.589604	
0.076309	0.722066	0.201625	
0.002547	0.078028	0.919425	
0.363546	0.468208	0.168246	
0.012114	0.604035	0.383850	
0.001851	0.051994	0.946155	
0.042776	0.454259	0.502966	
0.017116	0.732745	0.250139	
0.018169	0.498224	0.483607	
0.003821	0.014150	0.982029	
0.112383	0.658036	0.229581	
0.040196	0.622519	0.337285	
0.031308	0.104636	0.864056	
0.108004	0.649419	0.242577	
0.048110	0.676149	0.275741	
0.190686	0.543273	0.266041	
0.001701	0.079281	0.919018	
0.013017	0.170766	0.816217	
0.115909	0.242682	0.641409	
0.656936	0.249961	0.093103	
0.365732	0.438574	0.195693	
0.170625	0.261099	0.568276	
0.053894	0.609795	0.336312	
0.748688	0.191982	0.059331	
0.014926	0.127626	0.857448	
0.191721	0.573541	0.234737	
0.152764	0.141990	0.705246	
0.020292	0.242733	0.736976	
0.063587	0.534134	0.402279	
0.681296	0.236472	0.082232	
0.006619	0.481576	0.511805	
0.142246	0.666432	0.191322	
0.635253	0.287128	0.077620	
0.446480	0.370045	0.183475	
0.000750	0.010535	0.988715	
0.289961	0.489297	0.220742	
0.024483	0.649310	0.326207	
0.035533	0.167558	0.796910	
0.542724	0.314028	0.143248	
0.228037	0.452168	0.319795	
0.010020	0.717294	0.272686	
0.036397	0.724165	0.239438	
0.634928	0.273272	0.091800	
0.018208	0.731104	0.250688	
0.066873	0.123522	0.809605	
0.014828	0.048388	0.936784	
0.039573	0.617259	0.343168	
0.581013	0.312201	0.106786	
0.497689	0.341003	0.161308	
0.005673	0.256756	0.737571	
0.684093	0.235335	0.080573	
0.929939	0.062946	0.007114	
0.467771	0.427573	0.104656	
0.821824	0.150015	0.028160	
0.893383	0.094640	0.011977	
0.146484	0.296026	0.557489	
0.429095	0.421539	0.149367	
0.020851	0.497690	0.481459	
0.531006	0.318121	0.150873	
0.027148	0.456407	0.516445	
0.553591	0.335394	0.111015	
0.021935	0.758567	0.219499	
0.056954	0.670169	0.272877	
0.011616	0.728465	0.259919	
0.039680	0.226678	0.733642	
0.758360	0.190438	0.051202	
0.208237	0.554723	0.237039	
0.461644	0.410611	0.127744	
0.611290	0.326896	0.061813	
0.330668	0.441153	0.228179	
0.680028	0.276680	0.043292	
0.470613	0.292332	0.237055	
0.017106	0.729877	0.253017	
0.763490	0.205471	0.031039	
0.338803	0.441118	0.220080	
0.013111	0.314842	0.672047	
0.661917	0.281184	0.056899	
0.162135	0.599373	0.238491	
0.052032	0.549202	0.398765	
0.721210	0.212990	0.065800	
0.101624	0.431218	0.467158	
0.052847	0.126403	0.820751	
0.019970	0.185975	0.794055	
0.436634	0.449515	0.113851	
0.093200	0.467080	0.439721	
0.397875	0.391194	0.210930	
0.001514	0.450148	0.548337	
0.015630	0.744960	0.239410	
0.527699	0.346171	0.126130	
0.072754	0.183403	0.743843	
0.312947	0.484805	0.202248	
0.057940	0.694693	0.247367	
0.214357	0.596707	0.188936	
0.248184	0.513307	0.238509	
0.449152	0.419400	0.131448	
0.001012	0.046278	0.952710	
0.062096	0.645890	0.292014	
0.168046	0.568260	0.263694	
0.109110	0.149664	0.741226	
0.073304	0.454427	0.472269	
0.163087	0.571308	0.265604	
0.007333	0.170720	0.821947	
0.042990	0.547941	0.409069	
0.013179	0.237456	0.749365	
0.022675	0.308905	0.668420	
0.005201	0.112970	0.881829	
0.407810	0.370557	0.221633	
0.005494	0.333244	0.661263	
0.077180	0.436686	0.486134	
0.001514	0.152696	0.845790	
0.332083	0.474001	0.193916	
0.202142	0.290949	0.506909	
0.001576	0.290681	0.707743	
0.004161	0.036686	0.959154	
0.312507	0.344131	0.343362	
0.007090	0.113884	0.879026	
0.015136	0.060874	0.923990	
0.008113	0.093639	0.898247	
0.105297	0.323444	0.571260	
0.040741	0.189659	0.769600	
0.147034	0.254373	0.598592	
0.239414	0.322849	0.437737	
0.008226	0.223393	0.768381	
0.004311	0.065526	0.930163	
0.000054	0.001789	0.998157	
0.015070	0.101644	0.883285	
0.014259	0.302849	0.682892	
0.013118	0.356067	0.630814	
0.080501	0.197218	0.722281	
0.027558	0.323397	0.649044	
0.003464	0.035031	0.961505	
0.010050	0.224317	0.765634	
0.804869	0.140759	0.054372	
0.303670	0.378622	0.317708	
0.008959	0.422008	0.569034	
0.029342	0.224780	0.745878	
0.544945	0.304440	0.150615	
0.368713	0.305911	0.325376	
0.116010	0.441559	0.442431	
0.016108	0.276715	0.707178	
0.001438	0.012891	0.985671	
0.102907	0.359600	0.537493	
0.001325	0.081262	0.917413	
0.011193	0.169663	0.819143	
0.030668	0.282570	0.686762	
0.332514	0.361670	0.305816	
0.005326	0.159576	0.835098	
0.007849	0.073345	0.918806	
0.001358	0.014901	0.983741	
0.490034	0.294366	0.215600	
0.019954	0.082810	0.897237	
0.009713	0.308767	0.681520	
0.010768	0.221425	0.767806	
0.013251	0.383149	0.603600	
0.012142	0.237724	0.750134	
0.032476	0.285623	0.681901	
0.502112	0.280095	0.217793	
0.026812	0.351472	0.621716	
0.013047	0.215217	0.771736	
0.223065	0.400464	0.376471	
0.053229	0.384210	0.562562	
0.151227	0.384200	0.464573	
0.022446	0.273739	0.703815	
0.005519	0.116455	0.878025	
0.042258	0.307917	0.649826	
0.335700	0.421783	0.242516	
0.002438	0.056184	0.941378	
0.024199	0.529691	0.446110	
0.016053	0.166117	0.817830	
0.012499	0.188866	0.798635	
0.032511	0.332285	0.635204	
0.025728	0.410755	0.563516	
0.022919	0.078213	0.898869	
0.006730	0.027494	0.965776	
0.010280	0.293295	0.696426	
0.006570	0.204655	0.788775	
0.008981	0.250361	0.740658	
0.002456	0.050231	0.947313	
0.054388	0.461030	0.484582	
0.036042	0.358644	0.605314	
0.551706	0.279015	0.169279	
0.401667	0.442182	0.156152	
0.056906	0.241914	0.701181	
0.003113	0.045201	0.951686	
0.119706	0.324510	0.555784	
0.483926	0.334411	0.181664	
0.007604	0.532977	0.459418	
0.002840	0.056933	0.940227	
0.003888	0.029064	0.967048	
0.003173	0.031000	0.965828	
0.003148	0.095131	0.901721	
0.006448	0.292688	0.700864	
0.011595	0.028277	0.960128	
0.005844	0.069809	0.924348	
0.554993	0.346336	0.098671	
0.006249	0.166458	0.827293	
0.001943	0.026481	0.971576	
0.000781	0.009488	0.989730	
0.014617	0.094680	0.890702	
0.004904	0.500713	0.494383	
0.020577	0.435247	0.544176	
0.004784	0.018424	0.976792	
0.761251	0.192890	0.045858	
0.097145	0.467581	0.435274	
0.001826	0.332647	0.665527	
0.008402	0.632357	0.359241	
0.098502	0.357674	0.543824	
0.009505	0.051729	0.938766	
0.024304	0.267170	0.708526	
0.014830	0.551409	0.433762	
0.258699	0.299654	0.441647	
0.003369	0.132693	0.863938	
0.002685	0.030047	0.967268	
0.067002	0.116896	0.816102	
0.038670	0.610954	0.350375	
0.074553	0.457283	0.468165	
0.008174	0.190746	0.801080	
0.020009	0.070727	0.909264	
0.000658	0.008215	0.991128	
0.263183	0.362656	0.374162	
0.000919	0.008202	0.990879	
0.222577	0.406582	0.370840	
0.015196	0.737228	0.247576	
0.062160	0.119248	0.818592	
0.004322	0.350465	0.645213	
0.238077	0.348179	0.413744	
0.007715	0.414759	0.577525	
0.003374	0.334216	0.662410	
0.050455	0.441445	0.508100	
0.016790	0.783541	0.199669	
0.303057	0.531763	0.165180	
0.001049	0.025669	0.973283	
0.098743	0.213653	0.687604	
0.006765	0.023516	0.969720	
0.056020	0.092125	0.851855	
0.009226	0.059973	0.930801	
0.359134	0.397512	0.243354	
0.591089	0.246771	0.162140	
0.030551	0.175425	0.794024	
0.011510	0.754461	0.234030	
0.003365	0.750036	0.246599	
0.006930	0.623555	0.369515	
0.005363	0.512365	0.482273	
0.024022	0.282120	0.693858	
0.010467	0.556903	0.432631	
0.005320	0.412816	0.581864	
0.007302	0.675909	0.316789	
0.006140	0.112569	0.881291	
0.007884	0.610113	0.382003	
0.037213	0.586526	0.376261	
0.027112	0.536038	0.436850	
0.548066	0.316367	0.135568	
0.542531	0.286391	0.171078	
0.001351	0.436475	0.562174	
0.019266	0.406146	0.574588	
0.001393	0.029951	0.968656	
0.112435	0.284347	0.603217	
0.503675	0.338036	0.158289	
0.718360	0.218651	0.062989	
0.004069	0.425034	0.570897	
0.006124	0.312708	0.681168	
0.028251	0.340665	0.631083	
0.012154	0.036672	0.951174	
0.005963	0.552062	0.441974	
0.687619	0.249770	0.062611	
0.568754	0.286623	0.144623	
0.324962	0.351287	0.323751	
0.011621	0.188970	0.799408	
0.093728	0.484693	0.421580	
0.379357	0.463149	0.157493	
0.646565	0.279305	0.074130	
0.763615	0.193270	0.043115	
0.045739	0.293320	0.660941	
0.146903	0.220281	0.632817	
0.005676	0.446641	0.547683	
0.262962	0.343050	0.393988	
0.586454	0.307136	0.106409	
0.654780	0.257820	0.087400	
0.234840	0.571952	0.193208	
0.080101	0.341615	0.578284	
0.007071	0.616453	0.376476	
0.423739	0.392466	0.183795	
0.868046	0.110852	0.021102	
0.072786	0.700995	0.226220	
0.000481	0.259056	0.740463	
0.541865	0.357243	0.100892	
0.022037	0.556450	0.421513	
0.802333	0.164867	0.032800	
0.010724	0.201772	0.787503	
0.802603	0.158931	0.038466	
0.396281	0.381858	0.221860	
0.793439	0.163671	0.042890	
0.160260	0.574673	0.265067	
0.587774	0.322950	0.089276	
0.736178	0.230347	0.033474	
0.574058	0.314337	0.111604	
0.001071	0.010507	0.988422	
0.247700	0.553715	0.198585	
0.003642	0.552662	0.443695	
0.498379	0.344006	0.157615	
0.466945	0.410898	0.122157	
0.613845	0.304249	0.081906	
0.239334	0.564367	0.196299	
0.266442	0.428318	0.305241	
0.848754	0.133699	0.017547	
0.004217	0.411094	0.584689	
0.676525	0.238457	0.085018	
0.005246	0.125569	0.869185	
0.005190	0.556340	0.438470	
0.007305	0.552047	0.440648	
0.004094	0.375389	0.620517	
0.127731	0.450068	0.422201	
0.527422	0.352668	0.119910	
0.214550	0.526239	0.259211	
0.527890	0.331395	0.140715	
0.008611	0.178345	0.813044	
0.000377	0.008185	0.991437	
0.123805	0.252225	0.623970	
0.039117	0.352267	0.608616	
0.012132	0.024369	0.963499	
0.004647	0.530466	0.464888	
0.005319	0.493848	0.500833	
0.021933	0.578734	0.399333	
0.555331	0.306397	0.138272	
0.010974	0.237606	0.751419	
0.060198	0.325101	0.614700	
0.344540	0.490765	0.164695	
0.536287	0.316027	0.147686	
0.467126	0.389176	0.143698	
0.034585	0.452028	0.513387	
0.003046	0.066880	0.930074	
0.717384	0.236861	0.045755	
0.746354	0.206356	0.047291	
0.199375	0.488722	0.311903	
0.831968	0.144429	0.023603	
0.173040	0.510375	0.316585	
0.372233	0.420652	0.207114	
0.008492	0.392008	0.599500	
0.368187	0.351198	0.280614	
0.419801	0.400833	0.179366	
0.031108	0.568331	0.400560	
0.525330	0.326054	0.148615	
0.002627	0.268303	0.729071	
0.031828	0.489096	0.479076	
0.005443	0.264762	0.729796	
0.074487	0.627081	0.298431	
0.621457	0.284629	0.093914	
0.018802	0.125843	0.855354	
0.169326	0.251096	0.579579	
0.003690	0.070581	0.925729	
0.008707	0.362067	0.629226	
0.000175	0.002989	0.996835	
0.000099	0.001294	0.998607	
0.000754	0.021017	0.978229	
0.000354	0.021980	0.977666	
0.010500	0.337926	0.651574	
0.084759	0.359877	0.555364	
0.000684	0.019717	0.979599	
0.002575	0.050900	0.946525	
0.000347	0.005651	0.994002	
0.005900	0.058986	0.935114	
0.012741	0.155313	0.831946	
0.000294	0.002723	0.996982	
0.149612	0.222326	0.628062	
0.015955	0.220353	0.763693	
0.002023	0.025623	0.972354	
0.447346	0.405417	0.147236	
0.001523	0.029019	0.969459	
0.012473	0.222072	0.765455	
0.001809	0.030945	0.967245	
0.004758	0.135974	0.859267	
0.000117	0.003295	0.996588	
0.002122	0.072398	0.925480	
0.000668	0.003983	0.995348	
0.000649	0.008139	0.991212	
0.125155	0.227950	0.646895	
0.094387	0.262273	0.643340	
0.003438	0.039764	0.956797	
0.007027	0.129131	0.863842	
0.000476	0.009251	0.990273	
0.000942	0.017011	0.982046	
0.800600	0.161812	0.037589	
0.000482	0.010841	0.988677	
0.159763	0.189289	0.650948	
0.010030	0.272131	0.717840	
0.003253	0.015954	0.980793	
0.193450	0.292732	0.513818	
0.149476	0.240259	0.610265	
0.005273	0.063931	0.930796	
0.001449	0.083078	0.915473	
0.001384	0.012279	0.986337	
0.000042	0.000512	0.999446	
0.000359	0.034271	0.965370	
0.134747	0.322876	0.542376	
0.462847	0.275768	0.261385	
0.004950	0.140320	0.854730	
0.003421	0.051386	0.945194	
0.005128	0.079989	0.914883	
0.007827	0.185077	0.807096	
0.000437	0.008509	0.991053	
0.010391	0.022262	0.967347	
0.000828	0.011533	0.987639	
0.004508	0.126618	0.868873	
0.002907	0.030073	0.967020	
0.002210	0.087663	0.910128	
0.003816	0.047873	0.948311	
0.067390	0.247871	0.684738	
0.000210	0.003225	0.996565	
0.051372	0.091056	0.857572	
0.000683	0.012924	0.986394	
0.004694	0.067177	0.928129	
0.000118	0.001815	0.998066	
0.000317	0.003862	0.995821	
0.000762	0.011676	0.987562	
0.006997	0.125181	0.867822	
0.001544	0.071814	0.926641	
0.105201	0.213443	0.681356	
0.002871	0.087982	0.909147	
0.053315	0.212258	0.734428	
0.004650	0.020290	0.975060	
0.000783	0.014897	0.984321	
0.000175	0.002784	0.997042	
0.031262	0.343810	0.624928	
0.004952	0.103370	0.891678	
0.001528	0.037056	0.961415	
0.000606	0.009937	0.989457	
0.010913	0.162594	0.826492	
0.006034	0.371638	0.622328	
0.007445	0.174434	0.818122	
0.006531	0.214285	0.779184	
0.000072	0.002009	0.997919	
0.011979	0.370083	0.617938	
0.482946	0.351592	0.165462	
0.002209	0.406425	0.591366	
0.502215	0.388292	0.109494	
0.177730	0.293591	0.528679	
0.558706	0.279514	0.161780	
0.001815	0.023697	0.974488	
0.020700	0.205745	0.773555	
0.004225	0.057726	0.938049	
0.004165	0.681488	0.314346	
0.001859	0.055787	0.942354	
0.059433	0.743345	0.197222	
0.060374	0.541641	0.397985	
0.140061	0.440334	0.419605	
0.390490	0.467843	0.141667	
0.001691	0.641006	0.357303	
0.009107	0.805237	0.185656	
0.287478	0.538406	0.174115	
0.005885	0.610741	0.383374	
0.029060	0.300085	0.670854	
0.016322	0.745649	0.238029	
0.050825	0.114502	0.834673	
0.004011	0.227182	0.768807	
0.027034	0.376940	0.596026	
0.024580	0.371995	0.603425	
0.022399	0.408780	0.568821	
0.005709	0.757969	0.236322	
0.002095	0.026991	0.970915	
0.011337	0.341772	0.646891	
0.018456	0.606846	0.374698	
0.006554	0.608454	0.384992	
0.291067	0.333437	0.375496	
0.026497	0.410594	0.562909	
0.196050	0.282307	0.521644	
0.009994	0.130482	0.859523	
0.510455	0.373162	0.116383	
0.011036	0.234553	0.754411	
0.016789	0.403526	0.579686	
0.179772	0.518591	0.301636	
0.121329	0.449153	0.429518	
0.003986	0.130790	0.865224	
0.001300	0.055538	0.943162	
0.032378	0.171612	0.796010	
0.644352	0.275751	0.079897	
0.116641	0.190920	0.692439	
0.613866	0.283559	0.102575	
0.561869	0.319785	0.118346	
0.414553	0.384842	0.200606	
0.221507	0.551448	0.227045	
0.030769	0.688360	0.280871	
0.362958	0.485093	0.151949	
0.824102	0.150858	0.025039	
0.738348	0.198910	0.062742	
0.019757	0.415466	0.564777	
0.004331	0.064994	0.930675	
0.026418	0.729683	0.243899	
0.001521	0.368211	0.630268	
0.005654	0.450116	0.544230	
0.046997	0.686892	0.266111	
0.002836	0.193462	0.803701	
0.005160	0.265800	0.729041	
0.399325	0.460677	0.139998	
0.008296	0.404377	0.587327	
0.429788	0.415200	0.155012	
0.224400	0.256535	0.519065	
0.020874	0.116940	0.862186	
0.006857	0.163821	0.829322	
0.251608	0.476528	0.271864	
0.307503	0.522124	0.170373	
0.002998	0.533040	0.463961	
0.045169	0.785322	0.169509	
0.470242	0.293523	0.236236	
0.427626	0.369678	0.202696	
0.632175	0.284497	0.083328	
0.041476	0.400147	0.558378	
0.419584	0.385652	0.194764	
0.009013	0.485827	0.505160	
0.065992	0.134727	0.799281	
0.118857	0.170538	0.710605	
0.259738	0.484176	0.256086	
0.003611	0.559121	0.437268	
0.025153	0.323756	0.651091	
0.470286	0.437463	0.092251	
0.107438	0.664475	0.228087	
0.013347	0.154781	0.831872	
0.006086	0.381659	0.612256	
0.006658	0.373190	0.620152	
0.032695	0.377378	0.589927	
0.134285	0.284824	0.580891	
0.177151	0.400526	0.422322	
0.545366	0.355657	0.098978	
0.236269	0.216248	0.547483	
0.066987	0.504721	0.428293	
0.004641	0.026446	0.968913	
0.504654	0.397500	0.097846	
0.010495	0.118291	0.871214	
0.024978	0.716645	0.258378	
0.590942	0.306035	0.103024	
0.141538	0.531116	0.327345	
0.052396	0.755643	0.191961	
0.051483	0.689851	0.258666	
0.002115	0.345092	0.652793	
0.016628	0.494241	0.489130	
0.416671	0.362822	0.220507	
0.071617	0.107849	0.820534	
0.006815	0.146359	0.846826	
0.141481	0.446119	0.412400	
0.162106	0.601639	0.236255	
0.150002	0.244387	0.605611	
0.070251	0.666002	0.263747	
0.576105	0.316519	0.107376	
0.019217	0.110660	0.870123	
0.086781	0.559848	0.353372	
0.007681	0.553469	0.438850	
0.300031	0.444066	0.255903	
0.456017	0.362197	0.181786	
0.111886	0.153823	0.734291	
0.176672	0.615314	0.208014	
0.134649	0.563991	0.301360	
0.005890	0.251449	0.742660	
0.106569	0.466070	0.427361	
0.006295	0.233471	0.760234	
0.009164	0.679751	0.311085	
0.334251	0.460611	0.205138	
0.006193	0.524784	0.469023	
0.080554	0.141694	0.777751	
0.005565	0.079008	0.915428	
0.019315	0.100614	0.880071	
0.069566	0.539762	0.390672	
0.564486	0.348762	0.086753	
0.011384	0.323993	0.664623	
0.612006	0.269383	0.118611	
0.005504	0.602850	0.391646	
0.009593	0.090123	0.900284	
0.000312	0.007788	0.991900	
0.279416	0.315508	0.405076	
0.093412	0.331911	0.574677	
0.357704	0.360745	0.281551	
0.395126	0.506932	0.097942	
0.000804	0.009016	0.990180	
0.067260	0.253811	0.678930	
0.004111	0.101453	0.894436	
0.074221	0.665878	0.259901	
0.122070	0.196430	0.681500	
0.509217	0.303706	0.187076	
0.043249	0.774561	0.182190	
0.002498	0.751156	0.246346	
0.064488	0.309932	0.625580	
0.558917	0.312223	0.128859	
0.129911	0.490830	0.379259	
0.601284	0.327669	0.071047	
0.050644	0.763512	0.185844	
0.352898	0.430170	0.216932	
0.030804	0.327442	0.641753	
0.453756	0.334575	0.211669	
0.038171	0.095319	0.866509	
0.012571	0.689158	0.298271	
0.604062	0.297016	0.098923	
0.551819	0.323117	0.125064	
0.277387	0.407503	0.315110	
0.030796	0.713331	0.255872	
0.028382	0.061883	0.909735	
0.147248	0.557455	0.295298	
0.214354	0.374798	0.410849	
0.099108	0.139497	0.761395	
0.022591	0.060202	0.917207	
0.001257	0.019447	0.979297	
0.000565	0.006375	0.993060	
0.005386	0.328647	0.665966	
0.019191	0.114875	0.865934	
0.048709	0.608797	0.342494	
0.023351	0.547471	0.429178	
0.610019	0.311157	0.078824	
0.121576	0.434361	0.444062	
0.003213	0.049711	0.947076	
0.000940	0.402137	0.596923	
0.016487	0.440547	0.542967	
0.001801	0.403927	0.594272	
0.026415	0.234081	0.739504	
0.240049	0.353467	0.406485	
0.544986	0.359302	0.095713	
0.001652	0.067472	0.930876	
0.016954	0.173569	0.809477	
0.001343	0.620413	0.378244	
0.006250	0.121241	0.872509	
0.712110	0.236816	0.051074	
0.001037	0.485941	0.513022	
0.005641	0.034844	0.959515	
0.038432	0.311334	0.650234	
0.021552	0.053679	0.924768	
0.020042	0.363793	0.616165	
0.001030	0.232035	0.766935	
0.224869	0.389208	0.385923	
0.005410	0.716319	0.278271	
0.351290	0.344630	0.304080	
0.025519	0.760605	0.213876	
0.330876	0.500040	0.169084	
0.017228	0.239227	0.743545	
0.374701	0.536734	0.088565	
0.215943	0.671554	0.112503	
0.918477	0.074193	0.007330	
0.411108	0.466028	0.122864	
0.422902	0.458128	0.118971	
0.575849	0.327101	0.097050	
0.587524	0.355632	0.056844	
0.786674	0.167837	0.045489	
0.060968	0.726754	0.212278	
0.190995	0.565284	0.243720	
0.832826	0.135333	0.031842	
0.532193	0.345891	0.121916	
0.556341	0.361544	0.082115	
0.014224	0.030157	0.955619	
0.344255	0.482848	0.172897	
0.573509	0.364616	0.061875	
0.389867	0.466303	0.143831	
0.410032	0.367995	0.221973	
0.632806	0.304250	0.062944	
0.156078	0.556044	0.287878	
0.637705	0.329904	0.032391	
0.726598	0.213247	0.060155	
0.645559	0.275674	0.078767	
0.051747	0.115881	0.832372	
0.369787	0.489176	0.141037	
0.036968	0.721102	0.241930	
0.464214	0.456418	0.079368	
0.186865	0.534534	0.278601	
0.757067	0.194315	0.048618	
0.041465	0.752936	0.205599	
0.361369	0.413746	0.224884	
0.450745	0.412803	0.136452	
0.383820	0.452186	0.163994	
0.503958	0.368455	0.127588	
0.481301	0.443531	0.075168	
0.580297	0.329559	0.090144	
0.755944	0.153568	0.090488	
0.389339	0.496602	0.114059	
0.609864	0.303983	0.086153	
0.596644	0.325942	0.077413	
0.142736	0.658165	0.199098	
0.850963	0.138248	0.010790	
0.533289	0.387981	0.078730	
0.461978	0.390908	0.147114	
0.352568	0.529178	0.118254	
0.300084	0.430727	0.269189	
0.537121	0.380649	0.082230	
0.702504	0.255471	0.042025	
0.467535	0.415599	0.116866	
0.486349	0.415049	0.098602	
0.212821	0.657601	0.129578	
0.203571	0.412916	0.383514	
0.796402	0.175910	0.027689	
0.367208	0.512743	0.120049	
0.038742	0.149141	0.812117	
0.558715	0.311507	0.129777	
0.523763	0.299128	0.177109	
0.490808	0.382313	0.126879	
0.525533	0.387660	0.086807	
0.526886	0.402042	0.071071	
0.023768	0.731185	0.245047	
0.458016	0.469881	0.072102	
0.485482	0.378327	0.136191	
0.101335	0.697137	0.201528	
0.320510	0.569368	0.110123	
0.006598	0.393591	0.599811	
0.431792	0.414765	0.153443	
0.753621	0.209219	0.037161	
0.875700	0.109351	0.014948	
0.810289	0.162060	0.027651	
0.352198	0.545183	0.102619	
0.418538	0.457239	0.124222	
0.418590	0.355144	0.226266	
0.570681	0.357593	0.071727	
0.562799	0.346457	0.090744	
0.737330	0.213497	0.049173	
0.005354	0.026605	0.968041	
0.722343	0.217370	0.060288	
0.747097	0.223371	0.029532	
0.475873	0.373249	0.150878	
0.176181	0.658315	0.165505	
0.095380	0.549793	0.354826	
0.834734	0.147170	0.018096	
0.657531	0.275711	0.066758	
0.318534	0.475159	0.206308	
0.241060	0.572619	0.186321	
0.325666	0.406234	0.268101	
0.715821	0.246806	0.037373	
0.479540	0.361405	0.159055	
0.320240	0.496427	0.183333	
0.532749	0.377295	0.089957	
0.052683	0.376840	0.570477	
0.496560	0.399627	0.103813	
0.014032	0.071346	0.914622	
0.744860	0.209258	0.045882	
0.600832	0.343111	0.056057	
0.608781	0.325547	0.065672	
0.338337	0.535386	0.126277	
0.446248	0.441799	0.111953	
0.595710	0.326093	0.078197	
0.189986	0.639745	0.170268	
0.683936	0.271691	0.044373	
0.375813	0.518267	0.105920	
0.233974	0.624817	0.141209	
0.008665	0.059501	0.931834	
0.033078	0.724911	0.242011	
0.179137	0.228444	0.592419	
0.012126	0.043843	0.944031	
0.338513	0.551412	0.110075	
0.164446	0.585037	0.250517	
0.155585	0.552243	0.292172	
0.006287	0.058938	0.934775	
0.473520	0.349583	0.176897	
0.028525	0.106389	0.865086	
0.361547	0.397774	0.240679	
0.019643	0.037202	0.943155	
0.343719	0.537684	0.118597	
0.725300	0.236323	0.038377	
0.799526	0.181325	0.019149	
0.436337	0.443279	0.120384	
0.468603	0.367435	0.163962	
0.004902	0.095472	0.899626	
0.724929	0.231603	0.043468	
0.106006	0.514208	0.379786	
0.617796	0.325226	0.056978	
0.095553	0.337060	0.567387	
0.035658	0.122151	0.842192	
0.280652	0.528675	0.190674	
0.333258	0.461083	0.205659	
0.000468	0.009778	0.989754	
0.705010	0.263888	0.031102	
0.199750	0.566481	0.233769	
0.219957	0.624776	0.155267	
0.892103	0.098181	0.009716	
0.455045	0.441215	0.103739	
0.296896	0.507810	0.195294	
0.061362	0.129044	0.809595	
0.015227	0.093093	0.891680	
0.106606	0.243508	0.649886	
0.481052	0.435148	0.083800	
0.822048	0.154057	0.023895	
0.505644	0.408161	0.086195	
0.325832	0.519495	0.154674	
0.022945	0.101451	0.875604	
0.303086	0.564683	0.132230	
0.521692	0.306528	0.171780	
0.410818	0.480017	0.109165	
0.504801	0.304166	0.191033	
0.580036	0.322502	0.097462	
0.365662	0.482415	0.151923	
0.377745	0.277425	0.344830	
0.128475	0.348438	0.523087	
0.266951	0.264415	0.468633	
0.040375	0.099388	0.860237	
0.448141	0.349018	0.202842	
0.305227	0.614438	0.080335	
0.340576	0.389706	0.269718	
0.869325	0.116699	0.013976	
0.512056	0.399267	0.088677	
0.095987	0.682988	0.221026	
0.240288	0.468067	0.291645	
0.628828	0.282463	0.088709	
0.148269	0.338129	0.513601	
0.567888	0.372320	0.059791	
0.071152	0.683564	0.245284	
0.136710	0.221271	0.642018	
0.498775	0.325137	0.176089	
0.353021	0.421753	0.225226	
0.146042	0.222916	0.631042	
0.115636	0.713123	0.171241	
0.752238	0.224072	0.023690	
0.631254	0.287648	0.081098	
0.668196	0.284872	0.046931	
0.447506	0.419474	0.133020	
0.124767	0.184264	0.690969	
0.465522	0.438701	0.095777	
0.297671	0.405162	0.297166	
0.478893	0.410816	0.110291	
0.071715	0.549784	0.378500	
0.432619	0.458242	0.109139	
0.347832	0.338184	0.313984	
0.063132	0.695768	0.241100	
0.029248	0.663202	0.307551	
0.009978	0.748493	0.241529	
0.444752	0.459096	0.096152	
0.167291	0.568817	0.263892	
0.206796	0.561022	0.232182	
0.648517	0.270002	0.081481	
0.076285	0.293382	0.630333	
0.223882	0.412461	0.363657	
0.614076	0.335239	0.050685	
0.557870	0.349035	0.093095	
0.072377	0.719578	0.208045	
0.234219	0.558860	0.206921	
0.526015	0.364111	0.109874	
0.388584	0.521643	0.089773	
0.200535	0.280988	0.518477	
0.290288	0.470096	0.239616	
0.149903	0.637315	0.212782	
0.221607	0.348210	0.430183	
0.071346	0.775977	0.152677	
0.191768	0.670791	0.137440	
0.007590	0.590322	0.402088	
0.348504	0.422339	0.229157	
0.178945	0.269121	0.551934	
0.278714	0.647518	0.073768	
0.130078	0.685629	0.184293	
0.244665	0.563238	0.192097	
0.104751	0.435884	0.459365	
0.086869	0.729465	0.183666	
0.041006	0.809286	0.149707	
0.103466	0.760353	0.136181	
0.125813	0.682095	0.192091	
0.631309	0.297462	0.071229	
0.914632	0.075644	0.009723	
0.297457	0.572666	0.129877	
0.631145	0.331043	0.037812	
0.110293	0.718724	0.170983	
0.128420	0.690037	0.181543	
0.453554	0.386556	0.159890	
0.685942	0.261145	0.052912	
0.578918	0.362044	0.059037	
0.426994	0.455907	0.117099	
0.325711	0.542081	0.132208	
0.163132	0.491645	0.345223	
0.770246	0.187674	0.042079	
0.703926	0.247668	0.048406	
0.086241	0.586664	0.327096	
0.497224	0.432484	0.070292	
0.464302	0.332939	0.202759	
0.255877	0.475959	0.268164	
0.639975	0.308233	0.051792	
0.328005	0.525406	0.146589	
0.106453	0.728602	0.164945	
0.243186	0.579324	0.177489	
0.116788	0.720130	0.163081	
0.284973	0.435695	0.279332	
0.220731	0.618154	0.161115	
0.178001	0.597029	0.224970	
0.544568	0.386864	0.068568	
0.071996	0.584017	0.343988	
0.310968	0.342251	0.346781	
0.017802	0.804699	0.177499	
0.162388	0.609222	0.228390	
0.245939	0.621595	0.132467	
0.069350	0.781256	0.149394	
0.014384	0.750288	0.235328	
0.229810	0.525808	0.244382	
0.009723	0.611571	0.378706	
0.098656	0.712330	0.189014	
0.255628	0.561811	0.182561	
0.682665	0.279245	0.038090	
0.511349	0.398734	0.089917	
0.100638	0.536169	0.363194	
0.344241	0.515732	0.140027	
0.056153	0.333936	0.609911	
0.662738	0.285613	0.051649	
0.634773	0.319406	0.045821	
0.349105	0.500061	0.150833	
0.107768	0.631003	0.261229	
0.336155	0.546296	0.117549	
0.669958	0.274873	0.055169	
0.301093	0.554625	0.144282	
0.339966	0.423879	0.236155	
0.006836	0.267557	0.725607	
0.343743	0.462523	0.193734	
0.436760	0.454038	0.109202	
0.389153	0.411931	0.198916	
0.069764	0.714233	0.216002	
0.052521	0.679863	0.267616	
0.170243	0.503776	0.325981	
0.235008	0.247285	0.517708	
0.155803	0.655063	0.189134	
0.238382	0.590564	0.171054	
0.247643	0.610023	0.142334	
0.220725	0.246435	0.532840	
0.312417	0.530422	0.157160	
0.145871	0.720674	0.133455	
0.008530	0.374479	0.616991	
0.563661	0.331508	0.104831	
0.428042	0.483078	0.088881	
0.455239	0.436141	0.108620	
0.331602	0.559732	0.108667	
0.284134	0.465113	0.250753	
0.375400	0.301134	0.323466	
0.169253	0.670488	0.160258	
0.013458	0.562977	0.423565	
0.427049	0.446620	0.126331	
0.016179	0.648710	0.335111	
0.259913	0.584353	0.155734	
0.266003	0.513102	0.220895	
0.748544	0.219597	0.031859	
0.096311	0.770704	0.132985	
0.448053	0.450339	0.101607	
0.347912	0.420164	0.231924	
0.621060	0.340065	0.038875	
0.274797	0.456834	0.268368	
0.487523	0.294619	0.217858	
0.429653	0.409431	0.160916	
0.628826	0.308375	0.062798	
0.130601	0.599281	0.270117	
0.029994	0.093552	0.876454	
0.001299	0.019371	0.979331	
0.085720	0.181705	0.732575	
0.436230	0.466017	0.097753	
0.507332	0.414251	0.078417	
0.028755	0.815333	0.155912	
0.726574	0.235414	0.038012	
0.233986	0.486849	0.279164	
0.503748	0.401893	0.094360	
0.706823	0.243810	0.049367	
0.371545	0.522657	0.105798	
0.025056	0.534431	0.440513	
0.094985	0.380051	0.524964	
0.149263	0.523353	0.327383	
0.282030	0.614438	0.103533	
0.324388	0.522420	0.153192	
0.793479	0.181735	0.024786	
0.215943	0.671554	0.112503	
0.804984	0.179770	0.015246	
0.027781	0.430918	0.541301	
0.184236	0.470638	0.345126	
0.653966	0.290640	0.055393	
0.313495	0.542863	0.143642	
0.468322	0.421098	0.110580	
0.684938	0.274929	0.040133	
0.410032	0.367995	0.221973	
0.332402	0.548407	0.119191	
0.404117	0.489895	0.105988	
0.017152	0.072663	0.910185	
0.305858	0.403073	0.291068	
0.626762	0.311182	0.062056	
0.316608	0.570729	0.112663	
0.766228	0.199189	0.034583	
0.008961	0.695995	0.295043	
0.549963	0.357424	0.092613	
0.574832	0.351611	0.073557	
0.434644	0.422573	0.142783	
0.559607	0.346331	0.094062	
0.353312	0.569954	0.076734	
0.786100	0.188552	0.025349	
0.393653	0.465811	0.140537	
0.428422	0.513822	0.057756	
0.500317	0.392038	0.107645	
0.067878	0.798402	0.133720	
0.740871	0.233257	0.025872	
0.336424	0.534644	0.128932	
0.198787	0.644788	0.156425	
0.597185	0.336947	0.065868	
0.009115	0.069640	0.921245	
0.568798	0.365515	0.065687	
0.719219	0.204373	0.076408	
0.380114	0.491539	0.128347	
0.090934	0.654816	0.254250	
0.736048	0.224494	0.039459	
0.124329	0.552103	0.323568	
0.148837	0.690239	0.160924	
0.445003	0.446407	0.108590	
0.421751	0.439694	0.138555	
0.061977	0.160957	0.777066	
0.137843	0.235658	0.626499	
0.152276	0.567258	0.280466	
0.002319	0.031032	0.966648	
0.154541	0.619525	0.225933	
0.000019	0.000214	0.999767	
0.020635	0.658230	0.321135	
0.010912	0.411679	0.577409	
0.010519	0.179195	0.810286	
0.394020	0.300474	0.305506	
0.003754	0.131277	0.864969	
0.543056	0.368063	0.088881	
0.245563	0.300282	0.454155	
0.032574	0.466752	0.500675	
0.004866	0.041987	0.953147	
0.000789	0.021038	0.978173	
0.017137	0.652955	0.329908	
0.015381	0.456683	0.527936	
0.423365	0.327979	0.248656	
0.002558	0.297326	0.700116	
0.570951	0.307166	0.121883	
0.006132	0.477756	0.516113	
0.007216	0.022657	0.970127	
0.038316	0.690892	0.270792	
0.028584	0.242300	0.729116	
0.002965	0.105739	0.891297	
0.004160	0.140186	0.855654	
0.005437	0.033246	0.961316	
0.056244	0.231018	0.712739	
0.557130	0.290664	0.152206	
0.655371	0.252023	0.092606	
0.115661	0.245559	0.638781	
0.010522	0.610365	0.379113	
0.007575	0.078939	0.913487	
0.001713	0.008842	0.989446	
0.012020	0.339781	0.648199	
0.088004	0.659052	0.252945	
0.010658	0.410238	0.579105	
0.020915	0.345523	0.633562	
0.065463	0.272581	0.661956	
0.043217	0.296991	0.659792	
0.006198	0.340681	0.653122	
0.505257	0.337904	0.156840	
0.011300	0.402120	0.586580	
0.013010	0.268577	0.718413	
0.007001	0.329034	0.663964	
0.001059	0.130279	0.868662	
0.243955	0.454310	0.301735	
0.018831	0.344244	0.636925	
0.306992	0.474255	0.218753	
0.001743	0.028209	0.970048	
0.259565	0.480432	0.260003	
0.482397	0.393430	0.124173	
0.003773	0.405987	0.590239	
0.434501	0.402394	0.163105	
0.087573	0.422313	0.490114	
0.008717	0.095179	0.896103	
0.334989	0.429650	0.235362	
0.006375	0.024878	0.968748	
0.006638	0.496055	0.497307	
0.524352	0.315900	0.159748	
0.000218	0.006451	0.993332	
0.028960	0.203737	0.767303	
0.025193	0.183539	0.791268	
0.012499	0.135753	0.851748	
0.008690	0.326050	0.665259	
0.006878	0.187233	0.805889	
0.719729	0.233558	0.046713	
0.005836	0.080027	0.914137	
0.459175	0.357637	0.183188	
0.306054	0.391675	0.302272	
0.079220	0.656605	0.264176	
0.118373	0.543634	0.337993	
0.574890	0.293752	0.131358	
0.007139	0.499773	0.493088	
0.006644	0.699140	0.294216	
0.335331	0.471902	0.192768	
0.627735	0.271326	0.100939	
0.007339	0.593344	0.399317	
0.437860	0.342390	0.219750	
0.402597	0.368976	0.228427	
0.032426	0.612795	0.354779	
0.006725	0.293942	0.699332	
0.046021	0.431688	0.522291	
0.270572	0.363682	0.365746	
0.010020	0.079365	0.910615	
0.724111	0.226705	0.049184	
0.002089	0.375668	0.622243	
0.029576	0.279502	0.690922	
0.191581	0.378110	0.430309	
0.542130	0.347831	0.110039	
0.009596	0.598940	0.391464	
0.087994	0.587924	0.324082	
0.009795	0.365069	0.625136	
0.028378	0.453421	0.518202	
0.866406	0.114953	0.018640	
0.335501	0.363484	0.301015	
0.016952	0.615652	0.367397	
0.440607	0.332676	0.226717	
0.004119	0.075269	0.920612	
0.006373	0.137742	0.855885	
0.029739	0.344422	0.625839	
0.093777	0.435451	0.470772	
0.018215	0.034074	0.947710	
0.002070	0.520566	0.477365	
0.031404	0.538970	0.429626	
0.004560	0.048825	0.946616	
0.046030	0.407641	0.546328	
0.332646	0.418295	0.249058	
0.432832	0.413420	0.153748	
0.017952	0.608600	0.373447	
0.003975	0.455831	0.540194	
0.709850	0.225046	0.065104	
0.083275	0.372214	0.544511	
0.017507	0.625560	0.356932	
0.032310	0.467812	0.499878	
0.001006	0.017715	0.981279	
0.005183	0.064629	0.930188	
0.019779	0.318756	0.661465	
0.007204	0.740010	0.252785	
0.000321	0.005246	0.994433	
0.187684	0.444937	0.367378	
0.453874	0.399458	0.146667	
0.315983	0.407616	0.276401	
0.020106	0.471565	0.508328	
0.462593	0.339935	0.197472	
0.001744	0.038334	0.959921	
0.048411	0.383364	0.568225	
0.002742	0.085948	0.911310	
0.325858	0.374196	0.299946	
0.003635	0.052257	0.944108	
0.015174	0.436184	0.548642	
0.024962	0.557373	0.417665	
0.007583	0.071858	0.920560	
0.003208	0.040055	0.956737	
0.204513	0.698838	0.096649	
0.388236	0.430404	0.181360	
0.009213	0.586599	0.404188	
0.194085	0.252741	0.553173	
0.015895	0.376333	0.607772	
0.349978	0.460688	0.189335	
0.068273	0.393181	0.538546	
0.000442	0.009504	0.990054	
0.005932	0.726117	0.267951	
0.215186	0.401729	0.383085	
0.002261	0.024081	0.973657	
0.046078	0.570406	0.383516	
0.003021	0.250655	0.746324	
0.022768	0.529079	0.448153	
0.010925	0.286460	0.702615	
0.006334	0.050108	0.943558	
0.010132	0.358125	0.631743	
0.795336	0.182913	0.021751	
0.036105	0.112720	0.851175	
0.010573	0.409498	0.579929	
0.036521	0.351659	0.611819	
0.442841	0.368382	0.188777	
0.010441	0.026758	0.962801	
0.067278	0.653763	0.278959	
0.003833	0.071900	0.924267	
0.023296	0.158336	0.818367	
0.338131	0.400340	0.261528	
0.215531	0.261536	0.522933	
0.030335	0.084111	0.885554	
0.048852	0.087624	0.863524	
0.154085	0.291715	0.554199	
0.588370	0.277640	0.133991	
0.007700	0.021607	0.970693	
0.054756	0.371714	0.573529	
0.004452	0.112009	0.883540	
0.045569	0.534309	0.420123	
0.007753	0.064643	0.927605	
0.567280	0.326887	0.105833	
0.006581	0.520293	0.473126	
0.040830	0.102661	0.856508	
0.011408	0.102533	0.886059	
0.021780	0.397581	0.580638	
0.322406	0.351147	0.326448	
0.010646	0.260321	0.729033	
0.120422	0.509821	0.369757	
0.016601	0.237160	0.746239	
