0.079692	0.140429	0.779879	
0.495561	0.322810	0.181629	
0.011500	0.662827	0.325673	
0.380749	0.390319	0.228932	
0.308863	0.461780	0.229356	
0.682797	0.239891	0.077311	
0.012430	0.335862	0.651708	
0.735107	0.217901	0.046992	
0.014266	0.191538	0.794196	
0.690251	0.232534	0.077215	
0.263112	0.454302	0.282586	
0.229217	0.569278	0.201505	
0.011285	0.580818	0.407897	
0.136294	0.469916	0.393791	
0.004447	0.470087	0.525466	
0.418512	0.423487	0.158001	
0.649635	0.264436	0.085929	
0.029880	0.625295	0.344825	
0.045100	0.296622	0.658278	
0.838143	0.134043	0.027813	
0.006383	0.019492	0.974125	
0.011093	0.375972	0.612935	
0.001649	0.035042	0.963309	
0.025714	0.501431	0.472854	
0.332324	0.409059	0.258617	
0.747286	0.196987	0.055727	
0.122036	0.522578	0.355386	
0.086279	0.189384	0.724337	
0.256646	0.433600	0.309753	
0.184091	0.567789	0.248121	
0.023462	0.711636	0.264902	
0.894675	0.093628	0.011697	
0.611361	0.283184	0.105455	
0.013645	0.237178	0.749176	
0.000882	0.012391	0.986727	
0.002184	0.275966	0.721850	
0.573631	0.342353	0.084016	
0.385025	0.458763	0.156212	
0.000618	0.014317	0.985065	
0.001253	0.025207	0.973540	
0.721207	0.234072	0.044721	
0.408891	0.404206	0.186903	
0.731312	0.224765	0.043923	
0.013000	0.398103	0.588897	
0.005557	0.058487	0.935956	
0.003263	0.589260	0.407477	
0.008157	0.400676	0.591167	
0.399549	0.451634	0.148817	
0.358826	0.410926	0.230248	
0.656450	0.249498	0.094052	
0.022441	0.598210	0.379349	
0.004558	0.069161	0.926281	
0.119752	0.471784	0.408464	
0.075838	0.191901	0.732261	
0.006195	0.207474	0.786331	
0.514818	0.360978	0.124204	
0.785199	0.173289	0.041511	
0.755887	0.198677	0.045436	
0.181553	0.443511	0.374937	
0.035319	0.160449	0.804232	
0.007738	0.213690	0.778572	
0.742300	0.199885	0.057815	
0.363474	0.421830	0.214696	
0.007137	0.381351	0.611512	
0.224487	0.531100	0.244413	
0.403618	0.315005	0.281377	
0.007431	0.040030	0.952539	
0.001090	0.014306	0.984604	
0.000552	0.009821	0.989627	
0.309117	0.461397	0.229486	
0.014241	0.484417	0.501342	
0.231734	0.513247	0.255019	
0.252810	0.430233	0.316957	
0.387573	0.486879	0.125548	
0.711029	0.226860	0.062111	
0.007834	0.211482	0.780684	
0.000711	0.010597	0.988692	
0.016070	0.528320	0.455610	
0.010341	0.227978	0.761681	
0.336058	0.382103	0.281839	
0.001853	0.040159	0.957987	
0.300798	0.507242	0.191959	
0.853750	0.124202	0.022048	
0.380118	0.369119	0.250763	
0.005587	0.627223	0.367189	
0.001723	0.228658	0.769619	
0.027405	0.717273	0.255322	
0.068278	0.352269	0.579453	
0.430913	0.371899	0.197188	
0.009684	0.374525	0.615790	
0.283114	0.484609	0.232277	
0.001908	0.021426	0.976666	
0.244696	0.459782	0.295522	
0.002740	0.474698	0.522562	
0.037598	0.159780	0.802623	
0.005023	0.351510	0.643467	
0.001111	0.038985	0.959904	
0.159698	0.447844	0.392458	
0.004979	0.256211	0.738810	
0.068988	0.104031	0.826981	
0.003994	0.021659	0.974346	
0.002201	0.038589	0.959210	
0.003666	0.502809	0.493525	
0.004519	0.044978	0.950503	
0.007798	0.291444	0.700758	
0.002440	0.101587	0.895972	
0.008274	0.315108	0.676618	
0.059759	0.564380	0.375861	
0.023930	0.313028	0.663043	
0.034403	0.134292	0.831305	
0.561231	0.326388	0.112381	
0.009959	0.214821	0.775220	
0.481099	0.352147	0.166753	
0.150681	0.463201	0.386118	
0.005015	0.713529	0.281456	
0.006167	0.599284	0.394549	
0.006485	0.142557	0.850958	
0.001252	0.167943	0.830805	
0.418064	0.382639	0.199297	
0.004277	0.540926	0.454796	
0.012695	0.333415	0.653890	
0.068824	0.659983	0.271193	
0.232263	0.393117	0.374620	
0.333871	0.427862	0.238266	
0.011709	0.381628	0.606664	
0.039922	0.631126	0.328952	
0.011154	0.035663	0.953184	
0.000835	0.039348	0.959817	
0.000569	0.030192	0.969239	
0.355051	0.531677	0.113272	
0.004259	0.758336	0.237405	
0.072362	0.609840	0.317798	
0.003290	0.129749	0.866960	
0.000204	0.014854	0.984942	
0.145537	0.513149	0.341314	
0.001947	0.322143	0.675910	
0.002402	0.203452	0.794146	
0.143675	0.251515	0.604810	
0.112956	0.450995	0.436050	
0.009617	0.722403	0.267980	
0.000299	0.007242	0.992459	
0.004513	0.646913	0.348574	
0.169096	0.466584	0.364320	
0.004263	0.311164	0.684573	
0.007448	0.146723	0.845829	
0.009664	0.520452	0.469884	
0.003977	0.325424	0.670600	
0.012084	0.324888	0.663029	
0.007928	0.360388	0.631684	
0.005511	0.498688	0.495801	
0.002639	0.412392	0.584968	
0.006625	0.724208	0.269167	
0.002234	0.526565	0.471201	
0.095054	0.486285	0.418661	
0.189181	0.631020	0.179799	
0.002774	0.156869	0.840357	
0.002029	0.308646	0.689325	
0.011423	0.333798	0.654779	
0.023875	0.466934	0.509192	
0.006233	0.060653	0.933114	
0.008223	0.636145	0.355633	
0.022733	0.190683	0.786584	
0.106632	0.573133	0.320235	
0.005457	0.486536	0.508008	
0.002536	0.446360	0.551104	
0.008346	0.180437	0.811217	
0.630922	0.196771	0.172307	
0.000867	0.017045	0.982088	
0.151055	0.600346	0.248599	
0.002835	0.304486	0.692679	
0.000607	0.014951	0.984441	
0.357671	0.440423	0.201906	
0.022236	0.520178	0.457587	
0.018928	0.412204	0.568869	
0.022110	0.632187	0.345703	
0.003970	0.353809	0.642221	
0.004337	0.590356	0.405307	
0.004636	0.046992	0.948372	
0.040528	0.298364	0.661108	
0.009869	0.219266	0.770865	
0.685147	0.235659	0.079195	
0.529560	0.309855	0.160585	
0.336740	0.432071	0.231189	
0.692041	0.234842	0.073117	
0.009940	0.100166	0.889894	
0.120846	0.174783	0.704371	
0.002378	0.127792	0.869830	
0.168953	0.570539	0.260507	
0.010472	0.733152	0.256376	
0.049471	0.497416	0.453113	
0.219089	0.580825	0.200086	
0.013849	0.250923	0.735229	
0.008157	0.300692	0.691151	
0.002505	0.062274	0.935221	
0.003549	0.571029	0.425421	
0.141769	0.501484	0.356747	
0.288113	0.599654	0.112233	
0.002728	0.098966	0.898306	
0.527887	0.329032	0.143081	
0.049711	0.330571	0.619718	
0.015852	0.563100	0.421048	
0.101422	0.309348	0.589231	
0.001596	0.030370	0.968034	
0.144516	0.513926	0.341559	
0.037301	0.331839	0.630860	
0.016554	0.642836	0.340611	
0.012961	0.538849	0.448190	
0.001612	0.392801	0.605588	
0.027577	0.640627	0.331797	
0.345220	0.365668	0.289112	
0.009929	0.334892	0.655178	
0.012586	0.701772	0.285642	
0.133500	0.508507	0.357993	
0.010299	0.627963	0.361738	
0.230454	0.560759	0.208787	
0.351680	0.449750	0.198570	
0.007158	0.257241	0.735601	
0.129427	0.529107	0.341466	
0.071398	0.118632	0.809970	
0.485635	0.356958	0.157406	
0.016391	0.044084	0.939525	
0.015915	0.578678	0.405407	
0.003128	0.215733	0.781139	
0.069554	0.632814	0.297631	
0.033634	0.631009	0.335358	
0.447861	0.392769	0.159370	
0.043595	0.586800	0.369606	
0.003102	0.191166	0.805732	
0.004545	0.063291	0.932164	
0.006470	0.164423	0.829106	
0.009240	0.140125	0.850635	
0.153438	0.507204	0.339358	
0.006131	0.241774	0.752095	
0.053166	0.683357	0.263477	
0.005838	0.196826	0.797336	
0.112843	0.307859	0.579297	
0.692236	0.240113	0.067651	
0.007108	0.621543	0.371349	
0.015208	0.203623	0.781169	
0.026937	0.360174	0.612889	
0.007066	0.432525	0.560409	
0.327998	0.461251	0.210751	
0.010284	0.282961	0.706755	
0.031102	0.565575	0.403323	
0.031639	0.412744	0.555617	
0.013996	0.308427	0.677577	
0.128781	0.368876	0.502343	
0.456592	0.391258	0.152150	
0.005031	0.190577	0.804392	
0.371712	0.371677	0.256611	
0.080510	0.465965	0.453525	
0.016264	0.251601	0.732136	
0.304736	0.530647	0.164618	
0.010288	0.407374	0.582337	
0.876949	0.105715	0.017336	
0.007003	0.319979	0.673018	
0.147988	0.651227	0.200785	
0.005238	0.090858	0.903904	
0.370110	0.456535	0.173355	
0.498755	0.331266	0.169980	
0.211271	0.378764	0.409966	
0.001237	0.031091	0.967672	
0.009611	0.449789	0.540601	
0.004543	0.670542	0.324916	
0.009894	0.332125	0.657981	
0.405049	0.397715	0.197237	
0.000206	0.001485	0.998308	
0.012261	0.593849	0.393890	
0.019999	0.083832	0.896169	
0.000069	0.002212	0.997719	
0.488460	0.387018	0.124522	
0.105374	0.333051	0.561575	
0.018974	0.240567	0.740459	
0.365144	0.439702	0.195154	
0.001739	0.038783	0.959478	
0.006354	0.484777	0.508869	
0.052395	0.358639	0.588966	
0.123047	0.587340	0.289613	
0.809250	0.151210	0.039540	
0.014254	0.371528	0.614218	
0.186382	0.371162	0.442456	
0.002081	0.032905	0.965015	
0.049525	0.511752	0.438723	
0.092455	0.529460	0.378085	
0.027369	0.080074	0.892557	
0.036440	0.071940	0.891621	
0.000297	0.009035	0.990669	
0.158778	0.233321	0.607902	
0.013862	0.071986	0.914152	
0.453800	0.414646	0.131554	
0.002437	0.160884	0.836679	
0.044053	0.306353	0.649594	
0.006129	0.142658	0.851213	
0.033266	0.694022	0.272712	
0.001859	0.007128	0.991013	
0.646590	0.257849	0.095561	
0.626722	0.278517	0.094760	
0.006351	0.094064	0.899585	
0.408709	0.444036	0.147255	
0.002014	0.008802	0.989184	
0.135281	0.571195	0.293524	
0.012800	0.064702	0.922498	
0.273644	0.316383	0.409973	
0.060048	0.186650	0.753303	
0.046031	0.594775	0.359194	
0.007504	0.615784	0.376712	
0.107210	0.328075	0.564714	
0.427735	0.368645	0.203620	
0.862992	0.114960	0.022048	
0.006282	0.053396	0.940322	
0.167927	0.356708	0.475364	
0.040025	0.323502	0.636473	
0.253744	0.403551	0.342705	
0.223195	0.406141	0.370664	
0.149929	0.233376	0.616694	
0.709219	0.223188	0.067594	
0.020088	0.101296	0.878616	
0.015337	0.545327	0.439336	
0.010825	0.601944	0.387231	
0.207681	0.488357	0.303962	
0.050888	0.333711	0.615401	
0.000134	0.003024	0.996842	
0.300216	0.429597	0.270187	
0.023661	0.311244	0.665095	
0.015201	0.341713	0.643085	
0.539425	0.307173	0.153401	
0.113676	0.603027	0.283296	
0.067929	0.408505	0.523567	
0.153113	0.459227	0.387660	
0.018670	0.334813	0.646517	
0.101244	0.362485	0.536271	
0.017350	0.420575	0.562075	
0.200478	0.339834	0.459688	
0.031629	0.560068	0.408303	
0.002545	0.060254	0.937201	
0.018143	0.377954	0.603903	
0.152227	0.419210	0.428563	
0.012292	0.418341	0.569367	
0.071296	0.593273	0.335431	
0.006557	0.298549	0.694894	
0.012813	0.085320	0.901868	
0.010661	0.145158	0.844181	
0.165242	0.549624	0.285134	
0.003823	0.093032	0.903144	
0.057640	0.619031	0.323329	
0.009971	0.158435	0.831593	
0.018660	0.545253	0.436088	
0.803376	0.167836	0.028788	
0.007961	0.513383	0.478656	
0.067195	0.557136	0.375668	
0.014904	0.689112	0.295984	
0.317337	0.383872	0.298790	
0.372040	0.331384	0.296576	
0.101904	0.608463	0.289633	
0.644094	0.279675	0.076231	
0.199619	0.325866	0.474515	
0.009591	0.436970	0.553439	
0.002883	0.066093	0.931024	
0.012589	0.250113	0.737298	
0.002663	0.054037	0.943300	
0.049711	0.330571	0.619718	
0.241646	0.361172	0.397182	
0.098528	0.316561	0.584911	
0.262244	0.406932	0.330823	
0.029233	0.578897	0.391870	
0.646839	0.249651	0.103509	
0.024100	0.242733	0.733167	
0.010467	0.059916	0.929617	
0.011737	0.262931	0.725332	
0.001136	0.027215	0.971649	
0.010393	0.101355	0.888252	
0.332827	0.410937	0.256237	
0.010712	0.337762	0.651525	
0.113158	0.522279	0.364563	
0.004661	0.198610	0.796729	
0.125807	0.161274	0.712920	
0.121440	0.412028	0.466532	
0.010324	0.165997	0.823679	
0.535231	0.271372	0.193397	
0.098026	0.605270	0.296704	
0.003155	0.133247	0.863598	
0.532801	0.318089	0.149110	
0.004811	0.046063	0.949126	
0.465824	0.396881	0.137295	
0.001268	0.014417	0.984315	
0.073798	0.350431	0.575771	
0.065053	0.684508	0.250439	
0.061292	0.230960	0.707748	
0.370538	0.382687	0.246775	
0.010955	0.348244	0.640800	
0.053638	0.271038	0.675324	
0.226182	0.305389	0.468429	
0.271573	0.460915	0.267511	
0.385669	0.430641	0.183690	
0.347736	0.508777	0.143487	
0.165330	0.427265	0.407406	
0.029616	0.496394	0.473990	
0.408271	0.399377	0.192353	
0.853950	0.123324	0.022726	
0.629060	0.272320	0.098620	
0.597362	0.295211	0.107427	
0.874933	0.109723	0.015343	
0.531284	0.355696	0.113019	
0.284360	0.401882	0.313758	
0.280392	0.418132	0.301477	
0.528628	0.332664	0.138708	
0.004708	0.052263	0.943030	
0.042454	0.289936	0.667610	
0.566837	0.325466	0.107696	
0.020610	0.554352	0.425038	
0.568592	0.302626	0.128783	
0.257304	0.422601	0.320095	
0.505028	0.325913	0.169059	
0.027487	0.527804	0.444709	
0.573874	0.292819	0.133307	
0.489470	0.393701	0.116829	
0.036765	0.599850	0.363385	
0.314756	0.321962	0.363282	
0.070079	0.474498	0.455423	
0.031425	0.265090	0.703485	
0.249965	0.446495	0.303540	
0.503567	0.324494	0.171939	
0.401801	0.349001	0.249198	
0.299444	0.373817	0.326739	
0.496068	0.350078	0.153854	
0.500507	0.364049	0.135444	
0.011342	0.030785	0.957873	
0.420123	0.295591	0.284285	
0.024894	0.120684	0.854421	
0.188879	0.468764	0.342357	
0.257518	0.424083	0.318399	
0.070782	0.587859	0.341359	
0.010225	0.036394	0.953381	
0.014289	0.496490	0.489221	
0.002190	0.023786	0.974024	
0.219785	0.358902	0.421312	
0.018347	0.527728	0.453925	
0.477973	0.384024	0.138002	
0.036382	0.409824	0.553794	
0.471776	0.376472	0.151752	
0.116944	0.619155	0.263901	
0.015473	0.402849	0.581678	
0.434915	0.333263	0.231822	
0.059863	0.514669	0.425468	
0.612055	0.259663	0.128282	
0.131671	0.429794	0.438535	
0.165638	0.519703	0.314659	
0.678334	0.258175	0.063490	
0.615076	0.305256	0.079669	
0.030518	0.346779	0.622703	
0.134073	0.442036	0.423891	
0.229087	0.432153	0.338759	
0.642229	0.264260	0.093510	
0.229782	0.323086	0.447132	
0.025418	0.646920	0.327661	
0.495176	0.372314	0.132509	
0.398273	0.451942	0.149784	
0.079837	0.467505	0.452658	
0.068007	0.732309	0.199684	
0.139696	0.654202	0.206103	
0.739205	0.243247	0.017548	
0.155410	0.669791	0.174800	
0.163312	0.585859	0.250829	
0.455393	0.384650	0.159957	
0.735171	0.234061	0.030769	
0.810019	0.171556	0.018425	
0.896028	0.093125	0.010847	
0.324929	0.563548	0.111523	
0.744794	0.224754	0.030451	
0.765337	0.202489	0.032173	
0.776108	0.192337	0.031555	
0.795193	0.180939	0.023868	
0.019917	0.046903	0.933180	
0.844331	0.141092	0.014577	
0.216852	0.520083	0.263065	
0.407324	0.478818	0.113858	
0.001282	0.018146	0.980572	
0.271769	0.614237	0.113994	
0.545026	0.356718	0.098256	
0.924420	0.068782	0.006797	
0.479328	0.429871	0.090801	
0.065221	0.653409	0.281371	
0.187575	0.594982	0.217443	
0.098802	0.717947	0.183251	
0.012290	0.803296	0.184414	
0.042974	0.608487	0.348539	
0.030044	0.565858	0.404098	
0.191989	0.679195	0.128817	
0.237092	0.607617	0.155291	
0.054830	0.758234	0.186936	
0.192005	0.381084	0.426911	
0.075224	0.692664	0.232113	
0.269118	0.580489	0.150393	
0.365184	0.502441	0.132375	
0.707355	0.247926	0.044719	
0.158874	0.665860	0.175266	
0.075037	0.466596	0.458367	
0.332424	0.553251	0.114324	
0.005937	0.787432	0.206631	
0.485369	0.406081	0.108551	
0.387653	0.508428	0.103919	
0.013462	0.198301	0.788237	
0.066740	0.116810	0.816450	
0.560565	0.366056	0.073379	
0.760306	0.189423	0.050271	
0.416205	0.488492	0.095303	
0.353388	0.523458	0.123154	
0.138178	0.739839	0.121982	
0.700683	0.266445	0.032873	
0.104666	0.665147	0.230187	
0.370908	0.561444	0.067648	
0.696322	0.264913	0.038765	
0.028161	0.762882	0.208957	
0.043766	0.858311	0.097923	
0.126964	0.741961	0.131075	
0.527633	0.333287	0.139081	
0.301954	0.489085	0.208961	
0.325750	0.592255	0.081994	
0.238263	0.555013	0.206724	
0.152735	0.680736	0.166529	
0.503388	0.388478	0.108134	
0.392131	0.462689	0.145180	
0.593835	0.340913	0.065253	
0.536669	0.339602	0.123729	
0.043166	0.742603	0.214231	
0.251730	0.462793	0.285477	
0.130589	0.706143	0.163269	
0.053276	0.551516	0.395208	
0.174714	0.657858	0.167428	
0.374939	0.439272	0.185789	
0.170240	0.553601	0.276159	
0.088681	0.472417	0.438902	
0.024478	0.784816	0.190706	
0.205181	0.400907	0.393912	
0.622014	0.310218	0.067768	
0.026964	0.704319	0.268717	
0.081679	0.711065	0.207255	
0.372838	0.483087	0.144076	
0.527862	0.419151	0.052987	
0.504930	0.306938	0.188131	
0.431456	0.414165	0.154379	
0.148012	0.210511	0.641477	
0.841542	0.137402	0.021056	
0.242897	0.456578	0.300525	
0.196334	0.288677	0.514989	
0.003201	0.512315	0.484484	
0.012101	0.665541	0.322358	
0.318656	0.442849	0.238496	
0.000520	0.014588	0.984892	
0.414969	0.405700	0.179331	
0.183068	0.402000	0.414932	
0.009288	0.766001	0.224710	
0.329348	0.459367	0.211285	
0.001198	0.014099	0.984703	
0.006781	0.158498	0.834722	
0.107182	0.546608	0.346209	
0.017694	0.402329	0.579977	
0.046235	0.633381	0.320384	
0.337865	0.481262	0.180873	
0.025547	0.593852	0.380601	
0.017913	0.626277	0.355809	
0.192245	0.449206	0.358549	
0.085678	0.691464	0.222857	
0.060349	0.528621	0.411030	
0.017891	0.298536	0.683573	
0.016412	0.579889	0.403699	
0.124368	0.583697	0.291935	
0.037699	0.464910	0.497391	
0.008919	0.586614	0.404467	
0.009921	0.168172	0.821907	
0.018141	0.708300	0.273559	
0.007020	0.604898	0.388082	
0.004291	0.265343	0.730366	
0.000723	0.014755	0.984522	
0.005030	0.704277	0.290693	
0.003465	0.214452	0.782083	
0.021525	0.074843	0.903632	
0.006409	0.102758	0.890833	
0.016073	0.267542	0.716385	
0.073834	0.380281	0.545885	
0.005375	0.194090	0.800535	
0.195499	0.508237	0.296264	
0.677629	0.243302	0.079069	
0.007481	0.103298	0.889221	
0.022820	0.631886	0.345294	
0.014686	0.742002	0.243312	
0.004257	0.407024	0.588718	
0.000600	0.162662	0.836738	
0.002308	0.660083	0.337610	
0.002229	0.099991	0.897779	
0.042256	0.433996	0.523748	
0.002492	0.485677	0.511831	
0.015385	0.330085	0.654530	
0.044684	0.674269	0.281048	
0.549284	0.312508	0.138208	
0.021481	0.236351	0.742168	
0.161229	0.223433	0.615338	
0.063846	0.240952	0.695202	
0.009310	0.444342	0.546348	
0.293800	0.392401	0.313800	
0.027346	0.718207	0.254448	
0.091398	0.660040	0.248562	
0.141564	0.535786	0.322649	
0.079266	0.549507	0.371228	
0.007447	0.700010	0.292542	
0.231623	0.502939	0.265437	
0.429209	0.417151	0.153640	
0.058820	0.179021	0.762159	
0.239132	0.486054	0.274814	
0.035391	0.358208	0.606401	
0.040386	0.554373	0.405242	
0.016265	0.128353	0.855382	
0.473323	0.330368	0.196309	
0.065536	0.364017	0.570447	
0.004806	0.705997	0.289197	
0.013040	0.638359	0.348601	
0.006633	0.317764	0.675603	
0.356035	0.457373	0.186592	
0.008921	0.607932	0.383147	
0.023992	0.523500	0.452508	
0.006431	0.480838	0.512731	
0.237944	0.526991	0.235065	
0.169508	0.488773	0.341718	
0.190795	0.563747	0.245458	
0.326777	0.467657	0.205566	
0.015055	0.076431	0.908514	
0.000610	0.015125	0.984265	
0.692756	0.252591	0.054653	
0.172937	0.479951	0.347113	
0.052924	0.581189	0.365887	
0.008135	0.103289	0.888576	
0.004296	0.499875	0.495829	
0.249802	0.473791	0.276407	
0.015973	0.129784	0.854243	
0.038184	0.307594	0.654221	
0.004408	0.363086	0.632506	
0.106027	0.494044	0.399930	
0.006244	0.546894	0.446862	
0.038930	0.490744	0.470326	
0.009173	0.466775	0.524052	
0.057189	0.255197	0.687614	
0.004851	0.540359	0.454790	
0.003249	0.133450	0.863301	
0.121061	0.678149	0.200790	
0.267071	0.535220	0.197709	
0.245111	0.507105	0.247785	
0.117989	0.549112	0.332899	
0.016452	0.327769	0.655778	
0.020275	0.492036	0.487689	
0.012930	0.674014	0.313055	
0.023891	0.168641	0.807468	
0.062859	0.609291	0.327849	
0.017103	0.463239	0.519658	
0.445208	0.383048	0.171744	
0.063487	0.422599	0.513914	
0.019988	0.409266	0.570746	
0.129310	0.540141	0.330550	
0.003406	0.107682	0.888912	
0.006302	0.398949	0.594749	
0.009550	0.356233	0.634217	
0.003040	0.047236	0.949724	
0.192504	0.543775	0.263721	
0.037183	0.569685	0.393132	
0.025433	0.475123	0.499444	
0.001365	0.052749	0.945886	
0.013450	0.151885	0.834664	
0.007991	0.476217	0.515792	
0.012870	0.663901	0.323229	
0.040902	0.393885	0.565212	
0.087471	0.625830	0.286699	
0.031205	0.518662	0.450134	
0.015287	0.577889	0.406824	
0.137380	0.662911	0.199709	
0.009496	0.317628	0.672876	
0.652962	0.264055	0.082983	
0.005506	0.445341	0.549153	
0.008003	0.725318	0.266679	
0.004374	0.653491	0.342135	
0.027800	0.536418	0.435782	
0.002812	0.326363	0.670825	
0.010501	0.283709	0.705790	
0.011810	0.765663	0.222528	
0.004731	0.364815	0.630454	
0.018147	0.759083	0.222770	
0.634287	0.287252	0.078461	
0.007107	0.298946	0.693946	
0.013399	0.349067	0.637534	
0.003142	0.053226	0.943632	
0.002625	0.018580	0.978795	
0.376691	0.478045	0.145264	
0.018503	0.494101	0.487397	
0.015096	0.662788	0.322116	
0.041101	0.206952	0.751948	
0.005425	0.533523	0.461052	
0.008471	0.032547	0.958982	
0.173586	0.464563	0.361851	
0.037147	0.239003	0.723850	
0.030787	0.453788	0.515425	
0.010243	0.524973	0.464784	
0.061689	0.575703	0.362608	
0.011812	0.445329	0.542859	
0.386836	0.355718	0.257446	
0.012050	0.122506	0.865444	
0.004799	0.635381	0.359821	
0.004628	0.260756	0.734616	
0.057799	0.697638	0.244563	
0.057368	0.444816	0.497816	
0.005962	0.673477	0.320561	
0.147796	0.647795	0.204409	
0.015524	0.435450	0.549026	
0.236833	0.479043	0.284124	
0.001748	0.467607	0.530645	
0.293060	0.515770	0.191170	
0.353057	0.421237	0.225706	
0.468904	0.385918	0.145178	
0.014641	0.056394	0.928965	
0.004528	0.101696	0.893775	
0.007790	0.410460	0.581750	
0.003566	0.042054	0.954379	
0.377335	0.392324	0.230341	
0.013633	0.617014	0.369354	
0.004804	0.599458	0.395738	
0.371813	0.453697	0.174489	
0.096338	0.242949	0.660713	
0.009154	0.287748	0.703098	
0.011297	0.249106	0.739597	
0.008147	0.628801	0.363052	
0.308729	0.435910	0.255361	
0.392112	0.433936	0.173951	
0.079695	0.611040	0.309265	
0.124073	0.540329	0.335598	
0.017323	0.708222	0.274455	
0.138972	0.545548	0.315481	
0.394188	0.368643	0.237169	
0.272522	0.541706	0.185773	
0.403676	0.348548	0.247776	
0.011654	0.573314	0.415031	
0.067687	0.750758	0.181555	
0.185010	0.677557	0.137433	
0.256416	0.545752	0.197831	
0.372804	0.467668	0.159528	
0.061488	0.651533	0.286980	
0.430843	0.429331	0.139826	
0.051044	0.429440	0.519516	
0.014414	0.091299	0.894287	
0.003482	0.247592	0.748927	
0.250783	0.517537	0.231680	
0.096237	0.308528	0.595235	
0.016730	0.262872	0.720398	
0.167840	0.615406	0.216754	
0.485122	0.365842	0.149035	
0.048454	0.566416	0.385130	
0.052666	0.299944	0.647390	
0.044736	0.380740	0.574524	
0.060760	0.117214	0.822025	
0.030890	0.220702	0.748408	
0.431749	0.417193	0.151058	
0.518898	0.356695	0.124407	
0.012529	0.227098	0.760373	
0.000585	0.018209	0.981206	
0.036424	0.636021	0.327555	
0.275793	0.383044	0.341162	
0.322854	0.504748	0.172398	
0.473437	0.411054	0.115509	
0.387576	0.449763	0.162661	
0.338016	0.491335	0.170649	
0.051512	0.144142	0.804346	
0.038368	0.480268	0.481364	
0.487543	0.332917	0.179540	
0.202223	0.472601	0.325177	
0.282911	0.327541	0.389548	
0.018431	0.760330	0.221239	
0.047078	0.609503	0.343419	
0.008843	0.669717	0.321440	
0.032389	0.466727	0.500885	
0.092565	0.706812	0.200623	
0.613937	0.288675	0.097388	
0.265420	0.238216	0.496364	
0.019298	0.137322	0.843380	
0.016640	0.720717	0.262643	
0.474351	0.373235	0.152414	
0.328838	0.558835	0.112327	
0.007710	0.718165	0.274125	
0.220278	0.570526	0.209196	
0.009730	0.684175	0.306095	
0.300364	0.479644	0.219992	
0.052059	0.679191	0.268750	
0.031626	0.560091	0.408283	
0.322143	0.355802	0.322055	
0.317053	0.488150	0.194798	
0.046815	0.370261	0.582924	
0.066057	0.664634	0.269309	
0.086977	0.586156	0.326867	
0.095196	0.120570	0.784235	
0.144307	0.464544	0.391150	
0.005275	0.474059	0.520666	
0.092897	0.624382	0.282721	
0.004719	0.758455	0.236826	
0.026767	0.551523	0.421709	
0.002115	0.078982	0.918903	
0.008856	0.711821	0.279323	
0.057433	0.505287	0.437280	
0.020019	0.149194	0.830786	
0.003055	0.614113	0.382831	
0.001487	0.025871	0.972643	
0.008287	0.715188	0.276526	
0.785014	0.188174	0.026813	
0.017815	0.757486	0.224700	
0.005420	0.452559	0.542020	
0.034466	0.589385	0.376148	
0.437632	0.449281	0.113087	
0.005844	0.767643	0.226513	
0.030401	0.338948	0.630651	
0.245684	0.483053	0.271263	
0.008220	0.431538	0.560243	
0.690769	0.237585	0.071645	
0.019456	0.694990	0.285554	
0.381635	0.342886	0.275479	
0.597677	0.289668	0.112656	
0.085381	0.635273	0.279346	
0.021424	0.334545	0.644031	
0.024883	0.733490	0.241627	
0.084519	0.638887	0.276594	
0.071846	0.479394	0.448760	
0.022433	0.617316	0.360251	
0.017018	0.202461	0.780521	
0.020586	0.076408	0.903006	
0.156610	0.532687	0.310703	
0.290675	0.358732	0.350593	
0.002222	0.144819	0.852960	
0.704322	0.226018	0.069661	
0.016132	0.531771	0.452097	
0.030167	0.336604	0.633229	
0.031800	0.753002	0.215197	
0.087369	0.479972	0.432658	
0.141007	0.385431	0.473562	
0.276098	0.568113	0.155790	
0.041530	0.100472	0.857997	
0.002331	0.028491	0.969178	
0.136861	0.431473	0.431665	
0.014023	0.244100	0.741877	
0.457532	0.389940	0.152528	
0.020987	0.756138	0.222876	
0.039844	0.531414	0.428742	
0.016863	0.092286	0.890851	
0.014318	0.036635	0.949047	
0.020065	0.615963	0.363972	
0.046167	0.331268	0.622565	
0.542598	0.359014	0.098388	
0.034293	0.064757	0.900950	
0.025086	0.167216	0.807697	
0.010732	0.401942	0.587326	
0.353777	0.464686	0.181537	
0.447357	0.366755	0.185888	
0.232736	0.512085	0.255180	
0.660524	0.251785	0.087691	
0.643428	0.282250	0.074322	
0.083050	0.389724	0.527225	
0.032363	0.665805	0.301832	
0.076998	0.127791	0.795211	
0.015102	0.639230	0.345668	
0.287789	0.411175	0.301036	
0.513538	0.390031	0.096431	
0.015119	0.427266	0.557616	
0.646841	0.275691	0.077468	
0.461149	0.348926	0.189924	
0.255300	0.534651	0.210049	
0.648121	0.293569	0.058310	
0.005391	0.048604	0.946005	
0.018780	0.623662	0.357558	
0.026707	0.304728	0.668565	
0.006741	0.490315	0.502944	
0.017261	0.733473	0.249266	
0.409527	0.381554	0.208919	
0.659254	0.271591	0.069155	
0.183843	0.465300	0.350857	
0.015375	0.722319	0.262305	
0.024029	0.615253	0.360718	
0.024190	0.606395	0.369416	
0.143438	0.243458	0.613104	
0.030634	0.569236	0.400130	
0.026201	0.532987	0.440812	
0.084406	0.156517	0.759076	
0.009971	0.285213	0.704816	
0.001233	0.027385	0.971382	
0.001448	0.012695	0.985857	
0.730360	0.227627	0.042012	
0.014495	0.109796	0.875709	
0.065551	0.360209	0.574240	
0.478193	0.405112	0.116696	
0.008756	0.515948	0.475296	
0.012433	0.147667	0.839901	
0.008806	0.642805	0.348389	
0.044002	0.636511	0.319487	
0.256640	0.378762	0.364598	
0.404789	0.362661	0.232551	
0.032433	0.367561	0.600006	
0.009775	0.409028	0.581196	
0.220675	0.488538	0.290787	
0.015820	0.050373	0.933807	
0.031855	0.202845	0.765300	
0.339257	0.451833	0.208910	
0.036510	0.748392	0.215098	
0.023412	0.110034	0.866553	
0.551819	0.276563	0.171619	
0.017732	0.218392	0.763876	
0.048159	0.468907	0.482933	
0.443987	0.311926	0.244086	
0.079294	0.538496	0.382210	
0.004579	0.449881	0.545540	
0.081940	0.151777	0.766282	
0.425010	0.360571	0.214419	
0.009505	0.335010	0.655485	
0.010990	0.083612	0.905398	
0.341413	0.527647	0.130941	
0.168791	0.296627	0.534581	
0.244564	0.491423	0.264014	
0.002096	0.711107	0.286797	
0.022999	0.153759	0.823242	
0.508847	0.322376	0.168777	
0.001315	0.029469	0.969216	
0.037969	0.406794	0.555237	
0.023903	0.279783	0.696315	
0.356144	0.408546	0.235310	
0.086537	0.631747	0.281716	
0.782994	0.179612	0.037394	
0.035685	0.482654	0.481661	
0.039913	0.399850	0.560237	
0.047302	0.574764	0.377933	
0.403036	0.450147	0.146817	
0.024081	0.341565	0.634354	
0.457692	0.357303	0.185004	
0.079899	0.425382	0.494719	
0.025113	0.675453	0.299435	
0.004483	0.247710	0.747807	
0.083448	0.131073	0.785479	
0.001815	0.771790	0.226394	
0.000430	0.012739	0.986831	
0.619202	0.308426	0.072372	
0.070287	0.570440	0.359272	
0.007163	0.299701	0.693136	
0.001220	0.013984	0.984796	
0.031526	0.212050	0.756424	
0.435565	0.405910	0.158525	
0.431458	0.337842	0.230700	
0.006701	0.468139	0.525159	
0.092537	0.279646	0.627817	
0.001330	0.015107	0.983563	
0.325342	0.421454	0.253203	
0.381451	0.470014	0.148534	
0.007414	0.256028	0.736557	
0.221776	0.318946	0.459278	
0.215759	0.289981	0.494259	
0.040269	0.066875	0.892856	
0.011723	0.118676	0.869600	
0.341604	0.465856	0.192540	
0.060765	0.720006	0.219229	
0.000304	0.004152	0.995544	
0.417918	0.366967	0.215116	
0.202395	0.360459	0.437146	
0.000622	0.012959	0.986419	
0.011382	0.186856	0.801763	
0.110804	0.134506	0.754689	
0.025822	0.602334	0.371843	
0.032975	0.274939	0.692085	
0.371436	0.327500	0.301065	
0.046954	0.162595	0.790451	
0.231919	0.539007	0.229073	
0.005577	0.077642	0.916781	
0.001048	0.019821	0.979130	
0.011970	0.071487	0.916543	
0.286102	0.543166	0.170732	
0.000870	0.022407	0.976723	
0.002791	0.023070	0.974139	
0.441912	0.404771	0.153317	
0.164970	0.571461	0.263569	
0.874645	0.106282	0.019073	
0.005044	0.058128	0.936827	
0.002471	0.098275	0.899254	
0.001348	0.552028	0.446624	
0.167043	0.568028	0.264929	
0.010985	0.344452	0.644563	
0.000137	0.012402	0.987462	
0.025836	0.149455	0.824709	
0.542778	0.339101	0.118121	
0.124786	0.566581	0.308633	
0.013325	0.232754	0.753921	
0.076310	0.505078	0.418611	
0.288168	0.411931	0.299901	
0.851004	0.128908	0.020087	
0.029480	0.114172	0.856348	
0.034826	0.685685	0.279488	
0.430232	0.325245	0.244523	
0.030663	0.356801	0.612536	
0.020927	0.092093	0.886980	
0.475692	0.368449	0.155858	
0.009881	0.093721	0.896398	
0.597141	0.275516	0.127344	
0.006410	0.448881	0.544708	
0.091141	0.550464	0.358395	
0.286975	0.528551	0.184474	
0.104526	0.615302	0.280172	
0.000252	0.002495	0.997253	
0.076892	0.461827	0.461281	
0.670154	0.258630	0.071216	
0.005269	0.026678	0.968052	
0.408952	0.441983	0.149065	
0.207771	0.291923	0.500306	
0.009132	0.789936	0.200932	
0.210722	0.589198	0.200080	
0.004871	0.767292	0.227836	
0.144011	0.579689	0.276301	
0.282262	0.560006	0.157731	
0.194575	0.548278	0.257146	
0.148932	0.414099	0.436969	
0.424664	0.476480	0.098856	
0.394984	0.463671	0.141345	
0.074241	0.738211	0.187548	
0.015214	0.207438	0.777349	
0.675178	0.284734	0.040088	
0.758153	0.213517	0.028330	
0.670559	0.270361	0.059080	
0.002497	0.083096	0.914407	
0.040991	0.636485	0.322525	
0.312643	0.418745	0.268613	
0.588440	0.332045	0.079515	
0.075085	0.693695	0.231220	
0.535615	0.341841	0.122544	
0.459192	0.417857	0.122951	
0.511914	0.421806	0.066280	
0.075975	0.261930	0.662095	
0.032454	0.793747	0.173800	
0.062622	0.289875	0.647504	
0.163652	0.502169	0.334180	
0.637384	0.298363	0.064253	
0.233506	0.307598	0.458897	
0.459413	0.428927	0.111661	
0.005596	0.130263	0.864141	
0.393516	0.494715	0.111769	
0.794893	0.189167	0.015940	
0.559511	0.382136	0.058352	
0.301672	0.319603	0.378726	
0.020218	0.391125	0.588657	
0.006171	0.670764	0.323066	
0.003859	0.622125	0.374016	
0.340499	0.513049	0.146452	
0.008505	0.738589	0.252906	
0.112742	0.343528	0.543730	
0.005045	0.422153	0.572802	
0.185825	0.494402	0.319773	
0.375208	0.333356	0.291436	
0.046215	0.607039	0.346747	
0.159283	0.281149	0.559568	
0.114278	0.683790	0.201932	
0.003133	0.099928	0.896939	
0.218392	0.628811	0.152796	
0.011496	0.697321	0.291182	
0.073264	0.616698	0.310038	
0.093413	0.396102	0.510485	
0.007321	0.810118	0.182561	
0.000532	0.012096	0.987372	
0.012536	0.537317	0.450146	
0.005176	0.051701	0.943123	
0.003816	0.755043	0.241141	
0.782912	0.183265	0.033823	
0.003315	0.170077	0.826608	
0.019692	0.594725	0.385583	
0.031434	0.645665	0.322900	
0.305190	0.458549	0.236261	
0.343743	0.489719	0.166538	
0.003410	0.280530	0.716061	
0.200979	0.579086	0.219935	
0.030219	0.682955	0.286826	
0.012700	0.766036	0.221263	
0.448922	0.443468	0.107611	
0.221176	0.264994	0.513831	
0.029649	0.705228	0.265124	
0.431754	0.411426	0.156820	
0.200790	0.611662	0.187548	
0.006744	0.107892	0.885363	
0.222601	0.234254	0.543145	
0.000490	0.026141	0.973369	
0.366046	0.536296	0.097658	
0.020270	0.653014	0.326716	
0.368164	0.470291	0.161545	
0.009617	0.165196	0.825187	
0.024555	0.798190	0.177255	
0.619112	0.336386	0.044503	
0.627821	0.282132	0.090047	
0.017087	0.381712	0.601201	
0.272514	0.566741	0.160745	
0.003017	0.330741	0.666242	
0.329338	0.475920	0.194743	
0.287224	0.580152	0.132624	
0.009238	0.729368	0.261395	
0.324190	0.429267	0.246543	
0.004327	0.217128	0.778545	
0.236206	0.420327	0.343467	
0.607042	0.290053	0.102905	
0.000805	0.015844	0.983350	
0.004530	0.485808	0.509662	
0.010753	0.441022	0.548226	
0.466928	0.396881	0.136191	
0.034567	0.479710	0.485723	
0.022163	0.653199	0.324639	
0.009642	0.354383	0.635975	
0.077608	0.323481	0.598911	
0.365079	0.389907	0.245014	
0.155302	0.181863	0.662835	
0.021721	0.370115	0.608164	
0.022051	0.346619	0.631331	
0.033536	0.630297	0.336167	
0.299757	0.523687	0.176555	
0.286171	0.380333	0.333495	
0.496071	0.321240	0.182689	
0.014349	0.433448	0.552203	
0.496969	0.384857	0.118175	
0.036084	0.358723	0.605193	
0.065303	0.497417	0.437280	
0.030092	0.484319	0.485590	
0.270884	0.497213	0.231903	
0.185896	0.404306	0.409797	
0.142898	0.204870	0.652232	
0.001255	0.032763	0.965982	
0.033314	0.491050	0.475636	
0.003772	0.470630	0.525598	
0.008482	0.082015	0.909504	
0.012535	0.389413	0.598053	
0.140686	0.454230	0.405084	
0.000392	0.270789	0.728819	
0.310853	0.402130	0.287017	
0.005343	0.367437	0.627219	
0.003893	0.447288	0.548818	
0.061732	0.296670	0.641598	
0.000260	0.002988	0.996752	
0.653786	0.299531	0.046684	
0.044207	0.273851	0.681942	
0.021981	0.610797	0.367222	
0.749047	0.201465	0.049489	
0.604510	0.286674	0.108816	
0.004535	0.319714	0.675751	
0.008335	0.115217	0.876448	
0.004696	0.608314	0.386991	
0.005604	0.388674	0.605722	
0.002376	0.069122	0.928502	
0.255295	0.532080	0.212624	
0.331818	0.477267	0.190915	
0.001166	0.385023	0.613810	
0.125133	0.563424	0.311443	
0.009772	0.288171	0.702057	
0.028660	0.703781	0.267559	
0.000349	0.004516	0.995134	
0.000603	0.013862	0.985536	
0.110342	0.622294	0.267364	
0.004490	0.102946	0.892564	
0.467931	0.377774	0.154295	
0.007282	0.440420	0.552298	
0.011030	0.444818	0.544152	
0.000965	0.016218	0.982817	
0.009468	0.484755	0.505777	
0.151528	0.464050	0.384422	
0.009838	0.213027	0.777134	
0.009184	0.419454	0.571362	
0.001583	0.024065	0.974352	
0.003261	0.766167	0.230572	
0.011006	0.698152	0.290843	
0.063592	0.746324	0.190084	
0.024849	0.404982	0.570169	
0.007544	0.175603	0.816853	
0.351993	0.477279	0.170727	
0.003087	0.237569	0.759344	
0.002011	0.530030	0.467958	
0.005724	0.777385	0.216891	
0.469555	0.426022	0.104423	
0.495082	0.399523	0.105395	
0.017481	0.573445	0.409074	
0.005787	0.442183	0.552030	
0.005661	0.059468	0.934871	
0.190732	0.605593	0.203675	
0.004849	0.089106	0.906045	
0.596591	0.209717	0.193692	
0.002756	0.331690	0.665554	
0.003404	0.623042	0.373554	
0.173689	0.282854	0.543457	
0.000334	0.015738	0.983927	
0.004054	0.265528	0.730418	
0.323335	0.229984	0.446681	
0.381137	0.266295	0.352567	
0.030342	0.792703	0.176955	
0.087560	0.550260	0.362180	
0.144501	0.447317	0.408182	
0.039093	0.223940	0.736967	
0.005488	0.081261	0.913251	
0.318788	0.364406	0.316806	
0.159204	0.654774	0.186022	
0.039099	0.384790	0.576111	
0.428199	0.351580	0.220221	
0.065897	0.610244	0.323859	
0.009286	0.463197	0.527517	
0.001151	0.039463	0.959387	
0.067146	0.671109	0.261745	
0.614598	0.327561	0.057841	
0.025958	0.826379	0.147663	
0.111100	0.691291	0.197609	
0.020411	0.527804	0.451786	
0.002716	0.181142	0.816142	
0.012838	0.240260	0.746902	
0.135117	0.643854	0.221028	
0.652763	0.293637	0.053600	
0.189995	0.609601	0.200404	
0.050324	0.421808	0.527868	
0.002243	0.017959	0.979798	
0.641553	0.284987	0.073460	
0.015265	0.337487	0.647248	
0.456768	0.427627	0.115605	
0.004207	0.673149	0.322643	
0.049023	0.665750	0.285227	
0.118814	0.543464	0.337722	
0.010084	0.679291	0.310625	
0.403349	0.457782	0.138869	
0.113846	0.742115	0.144039	
0.032055	0.411784	0.556161	
0.553439	0.358348	0.088213	
0.218439	0.579110	0.202452	
0.010995	0.046582	0.942424	
0.389940	0.424869	0.185191	
0.650968	0.304081	0.044951	
0.808190	0.172124	0.019685	
0.581583	0.334665	0.083752	
0.013877	0.611655	0.374468	
0.034842	0.732813	0.232345	
0.000213	0.002637	0.997150	
0.006120	0.347544	0.646336	
0.392612	0.430736	0.176653	
0.392014	0.448317	0.159669	
0.007058	0.059841	0.933100	
0.008497	0.315908	0.675595	
0.212838	0.320710	0.466452	
0.733311	0.224750	0.041939	
0.017167	0.316184	0.666649	
0.015508	0.236329	0.748163	
0.021884	0.750431	0.227685	
0.202421	0.624997	0.172582	
0.027259	0.735951	0.236789	
0.542191	0.364626	0.093184	
0.748451	0.212212	0.039336	
0.009613	0.465244	0.525143	
0.001489	0.508142	0.490369	
0.554869	0.347004	0.098127	
0.700919	0.238277	0.060805	
0.006362	0.656110	0.337528	
0.141885	0.746108	0.112007	
0.061761	0.741487	0.196752	
0.001101	0.009866	0.989033	
0.033819	0.545618	0.420564	
0.282869	0.389651	0.327479	
0.037056	0.136328	0.826615	
0.031398	0.734873	0.233728	
0.002205	0.740191	0.257604	
0.013770	0.780094	0.206135	
0.003115	0.535633	0.461252	
0.002549	0.745229	0.252222	
0.499563	0.384266	0.116171	
0.232981	0.366876	0.400142	
0.039303	0.444678	0.516019	
0.207441	0.664325	0.128234	
0.059954	0.437630	0.502416	
0.527248	0.313931	0.158820	
0.005111	0.577168	0.417722	
0.494930	0.353906	0.151164	
0.508380	0.366938	0.124681	
0.270595	0.315827	0.413578	
0.000058	0.002898	0.997045	
0.007335	0.776895	0.215770	
0.059110	0.770285	0.170605	
0.026892	0.048750	0.924358	
0.011622	0.132333	0.856045	
0.215520	0.281752	0.502728	
0.000385	0.004722	0.994892	
0.001022	0.013600	0.985377	
0.000932	0.013566	0.985502	
0.085945	0.386668	0.527387	
0.009191	0.051801	0.939007	
0.012420	0.376347	0.611234	
0.001491	0.014657	0.983853	
0.000320	0.006167	0.993513	
0.005674	0.501997	0.492329	
0.006541	0.347943	0.645516	
0.406704	0.307370	0.285926	
0.000318	0.007408	0.992274	
0.054705	0.164233	0.781062	
0.001139	0.012941	0.985920	
0.128668	0.267471	0.603860	
0.106623	0.190895	0.702482	
0.008148	0.131884	0.859968	
0.440479	0.334536	0.224986	
0.021325	0.248274	0.730401	
0.000308	0.004505	0.995187	
0.247790	0.399305	0.352905	
0.622045	0.298726	0.079229	
0.049131	0.469599	0.481270	
0.124460	0.317863	0.557677	
0.023222	0.111282	0.865496	
0.013692	0.374339	0.611969	
0.046342	0.201740	0.751918	
0.310474	0.517823	0.171703	
0.010662	0.190682	0.798656	
0.049832	0.093239	0.856929	
0.052708	0.235264	0.712028	
0.012777	0.490069	0.497154	
0.039090	0.168125	0.792785	
0.016754	0.393720	0.589526	
0.062052	0.376591	0.561357	
0.022083	0.401643	0.576274	
0.003514	0.031961	0.964524	
0.034811	0.457594	0.507595	
0.088823	0.559623	0.351554	
0.011705	0.081222	0.907073	
0.002592	0.374571	0.622837	
0.020504	0.195053	0.784442	
0.120020	0.429450	0.450530	
0.018468	0.214674	0.766857	
0.412257	0.381463	0.206280	
0.051525	0.546107	0.402368	
0.441175	0.404131	0.154693	
0.001100	0.016827	0.982072	
0.006257	0.133258	0.860484	
0.248396	0.553325	0.198278	
0.445715	0.346577	0.207708	
0.069403	0.122263	0.808334	
0.033946	0.232945	0.733109	
0.399504	0.360726	0.239770	
0.412294	0.422932	0.164774	
0.301181	0.329100	0.369719	
0.009035	0.152575	0.838390	
0.314259	0.472734	0.213008	
0.027016	0.286838	0.686145	
0.009022	0.161833	0.829145	
0.005054	0.095449	0.899497	
0.006853	0.544487	0.448661	
0.028805	0.588600	0.382594	
0.689031	0.246446	0.064524	
0.091036	0.386820	0.522143	
0.097232	0.612352	0.290416	
0.298229	0.439280	0.262491	
0.128781	0.336984	0.534234	
0.053596	0.106329	0.840074	
0.434641	0.430604	0.134756	
0.453662	0.367713	0.178625	
0.464066	0.338755	0.197179	
0.014183	0.536352	0.449464	
0.021085	0.250928	0.727987	
0.001661	0.476507	0.521832	
0.419331	0.398707	0.181962	
0.124158	0.363606	0.512236	
0.088011	0.555175	0.356814	
0.046734	0.419297	0.533968	
0.705683	0.212833	0.081484	
0.001876	0.056519	0.941605	
0.001394	0.011487	0.987119	
0.072810	0.379480	0.547710	
0.000995	0.023179	0.975826	
0.001171	0.306361	0.692468	
0.002610	0.057362	0.940027	
0.001916	0.035413	0.962671	
0.245562	0.410966	0.343473	
0.002252	0.076241	0.921507	
0.005432	0.194312	0.800256	
0.412552	0.423268	0.164180	
0.007812	0.095275	0.896912	
0.016502	0.145426	0.838072	
0.012854	0.409158	0.577988	
0.186347	0.323732	0.489921	
0.068578	0.235676	0.695745	
0.009893	0.202709	0.787398	
0.010715	0.407110	0.582175	
0.037923	0.210108	0.751970	
0.411486	0.410568	0.177946	
0.598572	0.308963	0.092465	
0.001912	0.508016	0.490072	
0.003688	0.042826	0.953486	
0.003582	0.491394	0.505024	
0.001082	0.239683	0.759235	
0.103209	0.220554	0.676238	
0.000816	0.021986	0.977199	
0.019727	0.548272	0.432001	
0.002807	0.463557	0.533636	
0.013785	0.246571	0.739643	
0.066437	0.173575	0.759988	
0.557042	0.283092	0.159867	
0.009853	0.201175	0.788972	
0.012401	0.659685	0.327914	
0.004542	0.078254	0.917204	
0.001537	0.508028	0.490434	
0.021676	0.189072	0.789253	
0.000879	0.038388	0.960733	
0.457941	0.353746	0.188313	
0.001279	0.287499	0.711222	
0.038408	0.093988	0.867604	
0.005032	0.042664	0.952304	
0.040353	0.250530	0.709117	
0.007874	0.068653	0.923472	
0.006979	0.037923	0.955098	
0.002471	0.247110	0.750419	
0.000074	0.002197	0.997729	
0.424473	0.409767	0.165761	
0.002732	0.052032	0.945236	
0.002381	0.085888	0.911731	
0.037996	0.104728	0.857276	
0.005197	0.446482	0.548321	
0.001485	0.017895	0.980620	
0.003234	0.341689	0.655077	
0.328898	0.442031	0.229072	
0.084307	0.553650	0.362042	
0.001766	0.030674	0.967560	
0.005244	0.265898	0.728858	
0.061057	0.176274	0.762670	
0.134054	0.199048	0.666897	
0.001543	0.071475	0.926982	
0.435528	0.402394	0.162078	
0.004121	0.307440	0.688439	
0.001444	0.017170	0.981385	
0.055213	0.311823	0.632965	
0.000939	0.205913	0.793148	
0.017326	0.101939	0.880736	
0.000198	0.007092	0.992710	
0.001531	0.007306	0.991164	
0.092220	0.396197	0.511583	
