0.030160	0.251664	0.718176	
0.644341	0.281243	0.074416	
0.455365	0.272915	0.271720	
0.702432	0.243628	0.053939	
0.170930	0.433575	0.395495	
0.170930	0.433575	0.395495	
0.010791	0.174857	0.814352	
0.653030	0.272900	0.074069	
0.261060	0.307975	0.430965	
0.602677	0.330416	0.066907	
0.078617	0.311886	0.609497	
0.022432	0.741298	0.236271	
0.005523	0.159665	0.834811	
0.170930	0.433575	0.395495	
0.009312	0.729167	0.261521	
0.026618	0.105364	0.868018	
0.034712	0.542359	0.422929	
0.367044	0.578014	0.054942	
0.170930	0.433575	0.395495	
0.170930	0.433575	0.395495	
0.000590	0.008831	0.990579	
0.054705	0.267409	0.677886	
0.024872	0.164657	0.810471	
0.714128	0.230387	0.055485	
0.170930	0.433575	0.395495	
0.760644	0.203072	0.036284	
0.005265	0.602470	0.392265	
0.170930	0.433575	0.395495	
0.054134	0.660084	0.285782	
0.112477	0.220275	0.667248	
0.073128	0.228810	0.698062	
0.003041	0.046986	0.949973	
0.006724	0.028420	0.964856	
0.006480	0.082029	0.911491	
0.005624	0.733209	0.261167	
0.012707	0.246452	0.740842	
0.630866	0.303368	0.065767	
0.411439	0.451526	0.137035	
0.170930	0.433575	0.395495	
0.170930	0.433575	0.395495	
0.170930	0.433575	0.395495	
0.107341	0.807823	0.084836	
0.034973	0.661714	0.303312	
0.476473	0.370902	0.152625	
0.008033	0.698984	0.292982	
0.170930	0.433575	0.395495	
0.009645	0.119829	0.870526	
0.096912	0.141681	0.761406	
0.003586	0.319529	0.676885	
0.015614	0.051449	0.932937	
0.170930	0.433575	0.395495	
0.053297	0.735141	0.211562	
0.010073	0.431833	0.558094	
0.011998	0.129039	0.858962	
0.002878	0.731330	0.265792	
0.170930	0.433575	0.395495	
0.170930	0.433575	0.395495	
0.170930	0.433575	0.395495	
0.007388	0.403654	0.588958	
0.403236	0.397070	0.199694	
0.165631	0.576655	0.257715	
0.457594	0.370224	0.172182	
0.005225	0.088489	0.906286	
0.071398	0.181653	0.746949	
0.170930	0.433575	0.395495	
0.015007	0.360789	0.624205	
0.871061	0.110559	0.018379	
0.170930	0.433575	0.395495	
0.312602	0.511899	0.175499	
0.002201	0.076594	0.921205	
0.788128	0.167951	0.043921	
0.248610	0.315132	0.436258	
0.010520	0.519823	0.469658	
0.028682	0.461465	0.509853	
0.170930	0.433575	0.395495	
0.170930	0.433575	0.395495	
0.170930	0.433575	0.395495	
0.004007	0.041558	0.954435	
0.010459	0.763922	0.225619	
0.170930	0.433575	0.395495	
0.003006	0.743574	0.253419	
0.000628	0.026246	0.973127	
0.181211	0.397865	0.420924	
0.065766	0.116304	0.817930	
0.170930	0.433575	0.395495	
0.087949	0.574191	0.337860	
0.034860	0.557556	0.407584	
0.003040	0.065323	0.931637	
0.009944	0.071423	0.918634	
0.295252	0.329861	0.374887	
0.029768	0.643167	0.327065	
0.011063	0.675138	0.313799	
0.098958	0.747422	0.153620	
0.170930	0.433575	0.395495	
0.492889	0.380680	0.126431	
0.004380	0.305298	0.690322	
0.170930	0.433575	0.395495	
0.009031	0.659764	0.331205	
0.003984	0.517113	0.478903	
0.002557	0.016009	0.981435	
0.008387	0.656915	0.334698	
0.063514	0.573463	0.363023	
0.595768	0.353599	0.050633	
0.006179	0.344796	0.649025	
0.112052	0.383000	0.504948	
0.001761	0.644421	0.353819	
0.012731	0.577153	0.410116	
0.031937	0.305079	0.662983	
0.020431	0.528094	0.451475	
0.701304	0.231601	0.067095	
0.002651	0.120677	0.876672	
0.778017	0.186333	0.035651	
0.071634	0.708238	0.220128	
0.127144	0.619213	0.253643	
0.051098	0.380613	0.568289	
0.004164	0.620793	0.375043	
0.053856	0.098239	0.847906	
0.066040	0.594798	0.339161	
0.004231	0.546713	0.449056	
0.012080	0.804438	0.183482	
0.024149	0.439207	0.536644	
0.170930	0.433575	0.395495	
0.295663	0.471786	0.232551	
0.010066	0.174926	0.815007	
0.170930	0.433575	0.395495	
0.170930	0.433575	0.395495	
0.170930	0.433575	0.395495	
0.783542	0.187916	0.028542	
0.003624	0.580014	0.416362	
0.122398	0.352054	0.525548	
0.035277	0.467770	0.496953	
0.011865	0.558878	0.429256	
0.049632	0.402642	0.547726	
0.623033	0.311402	0.065565	
0.090528	0.598303	0.311169	
0.170930	0.433575	0.395495	
0.051336	0.470552	0.478112	
0.257914	0.302966	0.439121	
0.019507	0.633122	0.347371	
0.000504	0.007715	0.991782	
0.002346	0.716908	0.280746	
0.170930	0.433575	0.395495	
0.006726	0.110826	0.882448	
0.002502	0.633445	0.364053	
0.000134	0.010087	0.989779	
0.412977	0.452065	0.134958	
0.004076	0.701459	0.294465	
0.047254	0.526434	0.426312	
0.004584	0.721473	0.273943	
0.004133	0.306084	0.689783	
0.010419	0.689254	0.300327	
0.132634	0.519837	0.347529	
0.170930	0.433575	0.395495	
0.219151	0.212000	0.568849	
0.597564	0.312214	0.090222	
0.011792	0.722936	0.265272	
0.141644	0.561343	0.297013	
0.065789	0.501639	0.432572	
0.002509	0.653096	0.344395	
0.126423	0.598143	0.275434	
0.053385	0.218253	0.728362	
0.008501	0.182012	0.809487	
0.517583	0.344835	0.137582	
0.415688	0.394802	0.189510	
0.518442	0.282659	0.198899	
0.013201	0.272534	0.714265	
0.010990	0.029942	0.959068	
0.155346	0.561942	0.282711	
0.170930	0.433575	0.395495	
0.013383	0.537260	0.449357	
0.008632	0.296940	0.694428	
0.170930	0.433575	0.395495	
0.112685	0.801198	0.086117	
0.236608	0.478603	0.284789	
0.038600	0.299560	0.661839	
0.002355	0.031235	0.966410	
0.021720	0.742229	0.236051	
0.229367	0.427099	0.343535	
0.046513	0.370478	0.583008	
0.360083	0.414466	0.225451	
0.009356	0.758946	0.231698	
0.015486	0.366661	0.617854	
0.023579	0.247287	0.729134	
0.170930	0.433575	0.395495	
0.007129	0.541865	0.451007	
0.053343	0.807315	0.139343	
0.056306	0.361672	0.582021	
0.568591	0.345259	0.086150	
0.574748	0.325156	0.100096	
0.094048	0.415186	0.490766	
0.170930	0.433575	0.395495	
0.000136	0.004056	0.995807	
0.170930	0.433575	0.395495	
0.029714	0.723188	0.247098	
0.004002	0.089141	0.906857	
0.170930	0.433575	0.395495	
0.264800	0.591382	0.143818	
0.815401	0.148559	0.036040	
0.021014	0.237315	0.741671	
0.170930	0.433575	0.395495	
0.034035	0.486939	0.479026	
0.046893	0.540857	0.412251	
0.000360	0.009397	0.990244	
0.070425	0.616349	0.313226	
0.018972	0.413164	0.567863	
0.002190	0.015428	0.982382	
0.006811	0.743684	0.249505	
0.006016	0.433084	0.560899	
0.062992	0.721979	0.215028	
0.398263	0.386873	0.214864	
0.776116	0.192742	0.031143	
0.009272	0.533288	0.457440	
0.001835	0.499553	0.498612	
0.007695	0.705416	0.286889	
0.058510	0.597903	0.343587	
0.170930	0.433575	0.395495	
0.170930	0.433575	0.395495	
0.006548	0.639272	0.354180	
0.005867	0.031383	0.962750	
0.081301	0.366519	0.552180	
0.010290	0.469684	0.520026	
0.170930	0.433575	0.395495	
0.098709	0.491310	0.409981	
0.170930	0.433575	0.395495	
0.070074	0.512635	0.417290	
0.240933	0.459763	0.299304	
0.213093	0.605800	0.181107	
0.007436	0.638660	0.353904	
0.501756	0.396947	0.101298	
0.580632	0.341766	0.077601	
0.289906	0.331893	0.378201	
0.610653	0.346662	0.042685	
0.000028	0.002076	0.997897	
0.595498	0.294972	0.109530	
0.003324	0.025205	0.971471	
0.170930	0.433575	0.395495	
0.187404	0.256544	0.556052	
0.006982	0.083624	0.909394	
0.544342	0.350598	0.105060	
0.403048	0.400074	0.196878	
0.023292	0.586446	0.390262	
0.021744	0.824440	0.153816	
0.170930	0.433575	0.395495	
0.087949	0.574191	0.337860	
0.001990	0.509091	0.488919	
0.381436	0.393711	0.224853	
0.004213	0.695527	0.300260	
0.012494	0.100132	0.887374	
0.170930	0.433575	0.395495	
0.515363	0.407628	0.077010	
0.170930	0.433575	0.395495	
0.102201	0.288249	0.609550	
0.063256	0.691362	0.245383	
0.017181	0.275050	0.707769	
0.793744	0.170891	0.035366	
0.170930	0.433575	0.395495	
0.244125	0.430349	0.325526	
0.003155	0.112926	0.883920	
0.170930	0.433575	0.395495	
0.036902	0.669801	0.293297	
0.005343	0.621370	0.373287	
0.170930	0.433575	0.395495	
0.170930	0.433575	0.395495	
0.002530	0.647762	0.349708	
0.005562	0.045425	0.949013	
0.419042	0.363484	0.217473	
0.013906	0.367491	0.618604	
0.170930	0.433575	0.395495	
0.448277	0.363970	0.187753	
0.170930	0.433575	0.395495	
0.170930	0.433575	0.395495	
0.047783	0.379192	0.573025	
0.016548	0.049369	0.934083	
0.011222	0.024594	0.964185	
0.004291	0.176782	0.818927	
0.002800	0.082505	0.914695	
0.047761	0.691905	0.260334	
0.018499	0.837679	0.143822	
0.007051	0.056283	0.936666	
0.178975	0.478313	0.342712	
0.504147	0.328819	0.167033	
0.006984	0.033822	0.959194	
0.170930	0.433575	0.395495	
0.003564	0.430116	0.566320	
0.024863	0.219724	0.755412	
0.467906	0.352182	0.179912	
0.028105	0.517556	0.454339	
0.083863	0.393549	0.522589	
0.537047	0.336394	0.126559	
0.170930	0.433575	0.395495	
0.013891	0.701261	0.284849	
0.249207	0.488651	0.262142	
0.170930	0.433575	0.395495	
0.003058	0.205627	0.791316	
0.646262	0.268906	0.084833	
0.006527	0.759354	0.234119	
0.103567	0.689751	0.206683	
0.170930	0.433575	0.395495	
0.114837	0.508591	0.376572	
0.566341	0.382397	0.051262	
0.005630	0.149549	0.844821	
0.022694	0.257601	0.719705	
0.189757	0.581674	0.228570	
0.170930	0.433575	0.395495	
0.170930	0.433575	0.395495	
0.042069	0.565218	0.392713	
0.370987	0.403823	0.225190	
0.170930	0.433575	0.395495	
0.017416	0.130040	0.852544	
0.124724	0.235559	0.639717	
0.003852	0.729008	0.267140	
0.002607	0.724048	0.273345	
0.000158	0.006130	0.993712	
0.633924	0.284883	0.081193	
0.884225	0.099868	0.015908	
0.187077	0.446932	0.365992	
0.023045	0.366515	0.610440	
0.002685	0.702317	0.294998	
0.048906	0.074067	0.877027	
0.878351	0.103772	0.017877	
0.000070	0.001799	0.998131	
0.007021	0.037307	0.955672	
0.170930	0.433575	0.395495	
0.238584	0.235587	0.525829	
0.027360	0.752707	0.219932	
0.007355	0.642020	0.350625	
0.170930	0.433575	0.395495	
0.024630	0.666524	0.308847	
0.138737	0.619919	0.241343	
0.445207	0.407317	0.147476	
0.020112	0.128750	0.851138	
0.025097	0.483360	0.491543	
0.085916	0.169109	0.744975	
0.019486	0.708345	0.272169	
0.007207	0.351844	0.640949	
0.170930	0.433575	0.395495	
0.146378	0.467205	0.386417	
0.089718	0.733527	0.176755	
0.456345	0.320444	0.223210	
0.170930	0.433575	0.395495	
0.007691	0.426666	0.565644	
0.451933	0.418132	0.129935	
0.061597	0.655286	0.283118	
0.069634	0.509448	0.420918	
0.067255	0.088307	0.844437	
0.010418	0.200386	0.789196	
0.274876	0.434518	0.290607	
0.170930	0.433575	0.395495	
0.007972	0.617687	0.374341	
0.061065	0.327708	0.611228	
0.009928	0.714246	0.275826	
0.012754	0.243789	0.743456	
0.171473	0.286963	0.541564	
0.753158	0.211125	0.035718	
0.571063	0.315376	0.113561	
0.027303	0.585380	0.387317	
0.076375	0.127420	0.796205	
0.235336	0.232297	0.532367	
0.375363	0.482097	0.142539	
0.035276	0.759520	0.205204	
0.170930	0.433575	0.395495	
0.008202	0.727469	0.264329	
0.084023	0.392913	0.523064	
0.156826	0.684293	0.158881	
0.041020	0.480666	0.478314	
0.162887	0.224413	0.612700	
0.046181	0.070142	0.883677	
0.122554	0.178787	0.698660	
0.024608	0.061051	0.914341	
0.002048	0.595858	0.402094	
0.181780	0.418556	0.399664	
0.044221	0.183384	0.772395	
0.479433	0.443132	0.077434	
0.406404	0.457865	0.135732	
0.147389	0.483087	0.369523	
0.002473	0.038855	0.958671	
0.002614	0.013530	0.983856	
0.346401	0.503016	0.150582	
0.031644	0.145330	0.823027	
0.023007	0.475892	0.501102	
0.009442	0.038460	0.952098	
0.411195	0.481274	0.107530	
0.045726	0.757532	0.196742	
0.021232	0.510594	0.468174	
0.309577	0.343843	0.346579	
0.007547	0.764880	0.227573	
0.003088	0.033965	0.962947	
0.601146	0.287973	0.110881	
0.170930	0.433575	0.395495	
0.170930	0.433575	0.395495	
0.704923	0.216784	0.078293	
0.010535	0.615866	0.373599	
0.361953	0.485915	0.152132	
0.170930	0.433575	0.395495	
0.538583	0.362447	0.098971	
0.028510	0.768659	0.202832	
0.170930	0.433575	0.395495	
0.585045	0.307009	0.107947	
0.010215	0.752675	0.237110	
0.513090	0.327307	0.159603	
0.170930	0.433575	0.395495	
0.009384	0.301349	0.689267	
0.062987	0.336191	0.600822	
0.123811	0.642801	0.233388	
0.170930	0.433575	0.395495	
0.021236	0.439021	0.539742	
0.219671	0.447751	0.332578	
0.027608	0.080413	0.891980	
0.263619	0.514723	0.221657	
0.840794	0.139463	0.019743	
0.008127	0.079608	0.912264	
0.031003	0.546592	0.422405	
0.016716	0.211257	0.772027	
0.189655	0.647170	0.163175	
0.170930	0.433575	0.395495	
0.000935	0.016382	0.982682	
0.170886	0.668090	0.161024	
0.469191	0.398102	0.132707	
0.000216	0.003062	0.996722	
0.030573	0.271676	0.697751	
0.717417	0.217237	0.065346	
0.003205	0.078468	0.918328	
0.013635	0.741430	0.244935	
0.654121	0.260631	0.085247	
0.005098	0.633169	0.361733	
0.104014	0.318953	0.577033	
0.044644	0.232406	0.722950	
0.170930	0.433575	0.395495	
0.060434	0.675631	0.263934	
0.750485	0.216896	0.032619	
0.200622	0.693040	0.106338	
0.024707	0.616923	0.358369	
0.004542	0.031758	0.963701	
0.630852	0.287593	0.081555	
0.170930	0.433575	0.395495	
0.012433	0.096259	0.891308	
0.001360	0.008315	0.990325	
0.004265	0.672494	0.323240	
0.541899	0.389100	0.069002	
0.004787	0.768706	0.226507	
0.647044	0.252921	0.100036	
0.072696	0.713466	0.213838	
0.170930	0.433575	0.395495	
0.367637	0.399230	0.233133	
0.042191	0.651983	0.305826	
0.687927	0.244992	0.067081	
0.398423	0.391466	0.210110	
0.170930	0.433575	0.395495	
0.019212	0.411485	0.569303	
0.075289	0.184126	0.740586	
0.006119	0.075824	0.918058	
0.414772	0.291327	0.293901	
0.008770	0.451020	0.540210	
0.013744	0.085318	0.900937	
0.811889	0.156229	0.031882	
0.003803	0.500666	0.495531	
0.008865	0.282523	0.708612	
0.365246	0.406542	0.228212	
0.008272	0.678461	0.313267	
0.170930	0.433575	0.395495	
0.015625	0.158287	0.826088	
0.009196	0.154861	0.835943	
0.128621	0.649116	0.222263	
0.266653	0.295539	0.437808	
0.170930	0.433575	0.395495	
0.170930	0.433575	0.395495	
0.003950	0.124973	0.871078	
0.002657	0.025383	0.971960	
0.000822	0.021203	0.977974	
0.016824	0.753100	0.230077	
0.060200	0.718179	0.221621	
0.430983	0.364530	0.204486	
0.007664	0.190606	0.801730	
0.009314	0.455705	0.534981	
0.155013	0.681851	0.163135	
0.857080	0.126611	0.016309	
0.170930	0.433575	0.395495	
0.000238	0.006946	0.992816	
0.002505	0.015889	0.981606	
0.034323	0.691881	0.273796	
0.179309	0.532814	0.287877	
0.162486	0.274148	0.563366	
0.001646	0.785609	0.212745	
0.000153	0.002196	0.997651	
0.202297	0.650254	0.147449	
0.422812	0.364193	0.212994	
0.516237	0.358894	0.124869	
0.170930	0.433575	0.395495	
0.065932	0.293027	0.641041	
0.003675	0.126622	0.869703	
0.322677	0.289456	0.387866	
0.006569	0.055946	0.937485	
0.045295	0.396742	0.557963	
0.000535	0.011448	0.988017	
0.170930	0.433575	0.395495	
0.017836	0.474714	0.507450	
0.170930	0.433575	0.395495	
0.012265	0.297265	0.690471	
0.006467	0.382916	0.610617	
0.002795	0.019218	0.977987	
0.321523	0.514925	0.163552	
0.743659	0.210172	0.046168	
0.060367	0.505283	0.434351	
0.170930	0.433575	0.395495	
0.008613	0.694751	0.296635	
0.004626	0.250015	0.745360	
0.038158	0.587487	0.374356	
0.008675	0.148535	0.842790	
0.027999	0.675868	0.296133	
0.346326	0.436394	0.217280	
0.409576	0.464928	0.125496	
0.005772	0.699001	0.295227	
0.000471	0.013943	0.985587	
0.720100	0.201451	0.078448	
0.011363	0.660466	0.328171	
0.253856	0.564565	0.181579	
0.009155	0.670696	0.320149	
0.019759	0.325353	0.654888	
0.484555	0.373373	0.142072	
0.003848	0.629797	0.366354	
0.045123	0.301086	0.653791	
0.010841	0.406312	0.582846	
0.015901	0.752897	0.231201	
0.016153	0.051004	0.932843	
0.170930	0.433575	0.395495	
0.004231	0.198716	0.797053	
0.013790	0.053310	0.932901	
0.002117	0.065614	0.932269	
0.255278	0.514744	0.229978	
0.062462	0.131225	0.806313	
0.004462	0.643288	0.352250	
0.007058	0.153636	0.839306	
0.010338	0.343479	0.646183	
0.005439	0.660122	0.334439	
0.170930	0.433575	0.395495	
0.020272	0.418482	0.561246	
0.318923	0.333509	0.347568	
0.006347	0.291012	0.702641	
0.513527	0.407994	0.078479	
0.371851	0.342729	0.285420	
0.031893	0.746076	0.222031	
0.170930	0.433575	0.395495	
0.385721	0.395758	0.218521	
0.004001	0.229135	0.766864	
0.810762	0.160540	0.028698	
0.170930	0.433575	0.395495	
0.006077	0.023813	0.970110	
0.012812	0.638082	0.349106	
0.619719	0.298877	0.081404	
0.170930	0.433575	0.395495	
0.010888	0.288202	0.700910	
0.388484	0.428285	0.183230	
0.281579	0.325848	0.392573	
0.121536	0.201177	0.677287	
0.020035	0.187523	0.792442	
0.170930	0.433575	0.395495	
0.005779	0.104517	0.889704	
0.029185	0.280605	0.690209	
0.003142	0.070284	0.926574	
0.008781	0.733577	0.257642	
0.030874	0.142234	0.826892	
0.170930	0.433575	0.395495	
0.003662	0.351067	0.645271	
0.052464	0.783187	0.164349	
0.019171	0.753386	0.227443	
0.027310	0.399266	0.573425	
0.431808	0.407485	0.160707	
0.005023	0.059662	0.935315	
0.170930	0.433575	0.395495	
0.147972	0.707444	0.144584	
0.520482	0.371525	0.107993	
0.010585	0.233261	0.756154	
0.276346	0.545717	0.177937	
0.005080	0.628154	0.366766	
0.011002	0.220884	0.768114	
0.002419	0.438653	0.558929	
0.170930	0.433575	0.395495	
0.023914	0.373292	0.602794	
0.157735	0.652067	0.190198	
0.517908	0.376022	0.106070	
0.051448	0.617965	0.330587	
0.575578	0.288430	0.135993	
0.471459	0.381375	0.147166	
0.016561	0.148783	0.834656	
0.041650	0.252018	0.706332	
0.000039	0.071734	0.928228	
0.615400	0.316914	0.067686	
0.538386	0.338907	0.122707	
0.033337	0.472934	0.493729	
0.032872	0.486746	0.480382	
0.002600	0.050394	0.947005	
0.022616	0.702804	0.274580	
0.001093	0.040604	0.958303	
0.118293	0.699228	0.182478	
0.011444	0.074617	0.913938	
0.169835	0.253793	0.576372	
0.160074	0.611110	0.228816	
0.014686	0.172567	0.812746	
0.000650	0.012789	0.986562	
0.023331	0.638652	0.338016	
0.584656	0.346393	0.068951	
0.007980	0.737253	0.254767	
0.018954	0.683612	0.297434	
0.094630	0.185818	0.719552	
0.024463	0.054904	0.920633	
0.010247	0.696442	0.293311	
0.003085	0.452222	0.544693	
0.013061	0.377350	0.609588	
0.292678	0.349299	0.358023	
0.000595	0.019396	0.980009	
0.040203	0.149367	0.810430	
0.000096	0.008806	0.991098	
0.690735	0.257496	0.051769	
0.049848	0.802687	0.147465	
0.008480	0.117342	0.874178	
0.004602	0.316751	0.678646	
0.020820	0.211614	0.767566	
0.621190	0.300670	0.078141	
0.798968	0.168872	0.032160	
0.040659	0.535780	0.423561	
0.021282	0.381323	0.597395	
0.170930	0.433575	0.395495	
0.004854	0.385417	0.609729	
0.017676	0.658883	0.323441	
0.557662	0.353092	0.089245	
0.009100	0.108648	0.882253	
0.106031	0.714909	0.179060	
0.004797	0.154978	0.840226	
0.170930	0.433575	0.395495	
0.054405	0.566041	0.379555	
0.002072	0.521168	0.476760	
0.020149	0.629582	0.350269	
0.003721	0.022324	0.973955	
0.278023	0.271319	0.450658	
0.170930	0.433575	0.395495	
0.005102	0.515742	0.479157	
0.170930	0.433575	0.395495	
0.001384	0.028636	0.969980	
0.001704	0.016099	0.982197	
0.001374	0.022847	0.975779	
0.013905	0.343591	0.642504	
0.425276	0.464804	0.109920	
0.162452	0.536035	0.301513	
0.032336	0.652350	0.315314	
0.362646	0.558868	0.078486	
0.010264	0.786775	0.202960	
0.000294	0.006375	0.993331	
0.002909	0.038804	0.958287	
0.436902	0.402095	0.161002	
0.017433	0.109350	0.873218	
0.018065	0.679449	0.302487	
0.009179	0.020392	0.970428	
0.000645	0.031227	0.968128	
0.170930	0.433575	0.395495	
0.054773	0.518483	0.426744	
0.022445	0.680705	0.296850	
0.025694	0.377246	0.597061	
0.084229	0.156627	0.759144	
0.186224	0.503261	0.310515	
0.001592	0.270965	0.727443	
0.005081	0.384801	0.610118	
0.170930	0.433575	0.395495	
0.170930	0.433575	0.395495	
0.050690	0.488426	0.460884	
0.014822	0.694989	0.290188	
0.287832	0.574035	0.138134	
0.170930	0.433575	0.395495	
0.039978	0.236167	0.723855	
0.170930	0.433575	0.395495	
0.012982	0.122169	0.864849	
0.358556	0.483352	0.158092	
0.025861	0.477858	0.496281	
0.170930	0.433575	0.395495	
0.573973	0.302152	0.123875	
0.042577	0.806806	0.150617	
0.740225	0.211700	0.048075	
0.055026	0.466779	0.478195	
0.004592	0.415957	0.579451	
0.170930	0.433575	0.395495	
0.170930	0.433575	0.395495	
0.170930	0.433575	0.395495	
0.002717	0.037746	0.959537	
0.588018	0.310762	0.101220	
0.075108	0.344678	0.580214	
0.152840	0.729653	0.117507	
0.170930	0.433575	0.395495	
0.427387	0.383302	0.189310	
0.007631	0.685391	0.306978	
0.292543	0.549861	0.157595	
0.004113	0.371258	0.624629	
0.027694	0.593208	0.379098	
0.734129	0.180054	0.085817	
0.017997	0.745188	0.236815	
0.404914	0.333377	0.261709	
0.022962	0.527161	0.449877	
0.004416	0.523852	0.471732	
0.046402	0.792104	0.161494	
0.011693	0.622092	0.366215	
0.004133	0.039059	0.956808	
0.006615	0.104280	0.889105	
0.170930	0.433575	0.395495	
0.044776	0.346239	0.608985	
0.774066	0.195054	0.030880	
0.016339	0.769029	0.214632	
0.170930	0.433575	0.395495	
0.037773	0.274470	0.687757	
0.007535	0.699143	0.293321	
0.000719	0.019239	0.980043	
0.239559	0.354996	0.405445	
0.006900	0.740684	0.252416	
0.170930	0.433575	0.395495	
0.030335	0.098266	0.871399	
0.383045	0.409021	0.207934	
0.007348	0.580612	0.412040	
0.005858	0.136443	0.857699	
0.009027	0.651190	0.339783	
0.052883	0.091783	0.855334	
0.187201	0.283298	0.529501	
0.008607	0.731962	0.259431	
0.459893	0.345193	0.194914	
0.007083	0.171615	0.821302	
0.571578	0.304933	0.123489	
0.663283	0.255652	0.081065	
0.068614	0.312054	0.619332	
0.001970	0.041074	0.956956	
0.076581	0.790710	0.132709	
0.000196	0.001424	0.998380	
0.013305	0.039986	0.946709	
0.655668	0.271333	0.072998	
0.472072	0.338882	0.189046	
0.009979	0.801133	0.188888	
0.533440	0.337964	0.128595	
0.170930	0.433575	0.395495	
0.596608	0.177777	0.225615	
0.015392	0.572517	0.412091	
0.053349	0.423790	0.522861	
0.002149	0.017181	0.980670	
0.426586	0.422435	0.150980	
0.002987	0.542635	0.454378	
0.000143	0.004355	0.995502	
0.040770	0.703005	0.256226	
0.685906	0.237425	0.076669	
0.017411	0.725449	0.257140	
0.010982	0.489805	0.499213	
0.170930	0.433575	0.395495	
0.004076	0.039196	0.956729	
0.429033	0.368934	0.202033	
0.006380	0.788615	0.205006	
0.505658	0.385429	0.108913	
0.202140	0.544056	0.253804	
0.709711	0.215428	0.074861	
0.536880	0.326971	0.136149	
0.052310	0.558395	0.389295	
0.014875	0.452627	0.532498	
0.026989	0.628581	0.344430	
0.029467	0.490891	0.479642	
0.026517	0.368022	0.605460	
0.023178	0.088716	0.888106	
0.070988	0.594293	0.334719	
0.019128	0.237019	0.743852	
0.000577	0.021308	0.978115	
0.062032	0.279571	0.658397	
0.170930	0.433575	0.395495	
0.003197	0.220462	0.776341	
0.686471	0.230994	0.082535	
0.502894	0.345033	0.152073	
0.004730	0.475926	0.519344	
0.170930	0.433575	0.395495	
0.016124	0.085734	0.898142	
0.014121	0.280844	0.705035	
0.170930	0.433575	0.395495	
0.409776	0.392688	0.197536	
0.013577	0.050237	0.936187	
0.170930	0.433575	0.395495	
0.005551	0.740984	0.253465	
0.093579	0.424395	0.482027	
0.547579	0.313559	0.138862	
0.029272	0.458839	0.511889	
0.007004	0.584082	0.408914	
0.462205	0.409567	0.128229	
0.319163	0.328429	0.352408	
0.017011	0.685475	0.297514	
0.568983	0.301761	0.129257	
0.071479	0.102497	0.826024	
0.405785	0.373121	0.221094	
0.170930	0.433575	0.395495	
0.647850	0.255195	0.096954	
0.003519	0.232927	0.763554	
0.170930	0.433575	0.395495	
0.892198	0.094686	0.013116	
0.074099	0.544995	0.380907	
0.006255	0.692084	0.301661	
0.001762	0.039552	0.958686	
0.620641	0.315840	0.063519	
0.170930	0.433575	0.395495	
0.170930	0.433575	0.395495	
0.001709	0.135009	0.863282	
0.127034	0.526800	0.346166	
0.005036	0.544281	0.450683	
0.022607	0.127255	0.850138	
0.170930	0.433575	0.395495	
0.040847	0.331853	0.627300	
0.058041	0.672077	0.269882	
0.003972	0.376940	0.619088	
0.673097	0.280346	0.046557	
0.010644	0.451854	0.537501	
0.008204	0.429811	0.561985	
0.039288	0.717116	0.243595	
0.170930	0.433575	0.395495	
0.007163	0.454899	0.537938	
0.081469	0.132828	0.785703	
0.076632	0.198841	0.724527	
0.002523	0.094380	0.903096	
0.083460	0.710548	0.205992	
0.019701	0.057911	0.922387	
0.170930	0.433575	0.395495	
0.170930	0.433575	0.395495	
0.011457	0.800783	0.187761	
0.031678	0.514985	0.453337	
0.032756	0.240340	0.726904	
0.198986	0.309984	0.491030	
0.000094	0.008029	0.991878	
0.170930	0.433575	0.395495	
0.011372	0.681260	0.307368	
0.170930	0.433575	0.395495	
0.001880	0.483780	0.514340	
0.509557	0.371781	0.118662	
0.170930	0.433575	0.395495	
0.001584	0.416231	0.582185	
0.185381	0.514068	0.300551	
0.170930	0.433575	0.395495	
0.007214	0.217435	0.775350	
0.001491	0.065600	0.932909	
0.007672	0.106753	0.885575	
0.015877	0.369162	0.614961	
0.000836	0.010080	0.989084	
0.170930	0.433575	0.395495	
0.170930	0.433575	0.395495	
0.347791	0.534538	0.117671	
0.197250	0.232261	0.570490	
0.713729	0.233457	0.052815	
0.318489	0.508072	0.173439	
0.170930	0.433575	0.395495	
0.719297	0.244027	0.036677	
0.015750	0.048966	0.935284	
0.170930	0.433575	0.395495	
0.029498	0.064215	0.906287	
0.002244	0.036219	0.961537	
0.585891	0.292542	0.121567	
0.588658	0.334503	0.076839	
0.055634	0.172527	0.771839	
0.004090	0.473346	0.522563	
0.170930	0.433575	0.395495	
0.038479	0.550922	0.410599	
0.005386	0.051681	0.942933	
0.722250	0.247372	0.030378	
0.275483	0.314966	0.409552	
0.003444	0.478017	0.518539	
0.046705	0.695393	0.257902	
0.002186	0.494575	0.503240	
0.293768	0.413848	0.292383	
0.073299	0.475324	0.451376	
0.800288	0.179894	0.019818	
0.017906	0.785278	0.196817	
0.170930	0.433575	0.395495	
0.012621	0.032436	0.954943	
0.003564	0.443194	0.553242	
0.080581	0.542394	0.377025	
0.045232	0.272041	0.682727	
0.004950	0.710459	0.284591	
0.056253	0.467267	0.476480	
0.006565	0.284906	0.708529	
0.019331	0.444706	0.535964	
0.016601	0.096431	0.886968	
0.589039	0.322584	0.088377	
0.038610	0.402960	0.558430	
0.043694	0.746398	0.209908	
0.016591	0.671076	0.312333	
0.152152	0.657163	0.190685	
0.005284	0.373256	0.621460	
0.564382	0.331432	0.104185	
0.350554	0.430534	0.218912	
0.003554	0.086080	0.910366	
0.463959	0.417362	0.118678	
0.001184	0.504937	0.493879	
0.016109	0.374061	0.609830	
0.002556	0.635039	0.362405	
0.170930	0.433575	0.395495	
0.308233	0.468961	0.222806	
0.001965	0.026863	0.971172	
0.091392	0.530351	0.378257	
0.002670	0.412027	0.585303	
0.092254	0.172552	0.735194	
0.750681	0.204632	0.044687	
0.003353	0.126067	0.870581	
0.007156	0.487286	0.505559	
0.190063	0.592536	0.217401	
0.210317	0.406978	0.382705	
0.170930	0.433575	0.395495	
0.002262	0.232539	0.765199	
0.000585	0.011852	0.987563	
0.170930	0.433575	0.395495	
0.007007	0.305009	0.687984	
0.479966	0.393455	0.126579	
0.100016	0.432888	0.467096	
0.001055	0.016273	0.982672	
0.013289	0.358887	0.627825	
0.194379	0.391707	0.413914	
0.011465	0.720840	0.267695	
0.196491	0.722843	0.080667	
0.006708	0.733500	0.259792	
0.000148	0.002659	0.997193	
0.004425	0.404424	0.591151	
0.001328	0.334329	0.664343	
0.170930	0.433575	0.395495	
0.004079	0.202119	0.793802	
0.167339	0.271148	0.561513	
0.012260	0.528089	0.459651	
0.022425	0.377611	0.599964	
0.007133	0.732382	0.260485	
0.170930	0.433575	0.395495	
0.006118	0.765628	0.228254	
0.271030	0.525546	0.203424	
0.392673	0.489850	0.117477	
0.170930	0.433575	0.395495	
0.005091	0.023792	0.971117	
0.015638	0.726360	0.258002	
0.027198	0.740280	0.232522	
0.058051	0.646557	0.295391	
0.004066	0.077002	0.918931	
0.145541	0.157725	0.696734	
0.784567	0.177065	0.038367	
0.451018	0.420802	0.128179	
0.649535	0.280586	0.069878	
0.000873	0.018574	0.980553	
0.170930	0.433575	0.395495	
0.011802	0.765419	0.222779	
0.060624	0.126548	0.812828	
0.003423	0.376145	0.620432	
0.327815	0.446514	0.225672	
0.035483	0.676148	0.288369	
0.007148	0.578467	0.414385	
0.294572	0.339052	0.366376	
0.001299	0.057113	0.941588	
0.009440	0.333099	0.657462	
0.003161	0.724614	0.272225	
0.004467	0.141464	0.854068	
0.288526	0.482910	0.228564	
0.112754	0.734797	0.152449	
0.001951	0.544059	0.453991	
0.252720	0.353541	0.393740	
0.170930	0.433575	0.395495	
0.016953	0.614621	0.368426	
0.000817	0.381086	0.618097	
0.006878	0.749135	0.243987	
0.170930	0.433575	0.395495	
0.170930	0.433575	0.395495	
0.133966	0.619170	0.246864	
0.655812	0.228324	0.115865	
0.259951	0.471027	0.269022	
0.004812	0.019533	0.975655	
0.170930	0.433575	0.395495	
0.109976	0.547168	0.342856	
0.004534	0.505916	0.489550	
0.260997	0.568344	0.170659	
0.170930	0.433575	0.395495	
0.518893	0.363851	0.117256	
0.030581	0.329540	0.639879	
0.015260	0.131266	0.853474	
0.170930	0.433575	0.395495	
0.470038	0.309788	0.220174	
0.030421	0.247635	0.721944	
0.170930	0.433575	0.395495	
0.038658	0.486051	0.475291	
0.757644	0.169690	0.072666	
0.001243	0.733238	0.265519	
0.011507	0.792041	0.196452	
0.060016	0.350846	0.589138	
0.170930	0.433575	0.395495	
0.656844	0.245681	0.097475	
0.004261	0.517306	0.478433	
0.007206	0.398151	0.594643	
0.407786	0.526023	0.066191	
0.006845	0.437349	0.555806	
0.003804	0.055011	0.941185	
0.002034	0.317871	0.680094	
0.340944	0.442731	0.216325	
0.140713	0.352757	0.506530	
0.080941	0.663864	0.255195	
0.000560	0.009752	0.989688	
0.005565	0.013518	0.980917	
0.002034	0.738538	0.259428	
0.212070	0.623465	0.164465	
0.004387	0.477211	0.518402	
0.377855	0.361566	0.260579	
0.001820	0.008862	0.989317	
0.113816	0.527209	0.358975	
0.170930	0.433575	0.395495	
0.027943	0.148541	0.823516	
0.014396	0.702818	0.282786	
0.019972	0.108440	0.871589	
0.198044	0.578834	0.223123	
0.170930	0.433575	0.395495	
0.028742	0.743567	0.227691	
0.002054	0.633965	0.363981	
0.493018	0.343671	0.163311	
0.669367	0.265947	0.064686	
0.218476	0.191754	0.589769	
0.003331	0.464811	0.531857	
0.041913	0.258406	0.699681	
0.004263	0.300650	0.695088	
0.009897	0.744941	0.245162	
0.001674	0.370659	0.627667	
0.829225	0.147211	0.023564	
0.045836	0.681073	0.273091	
0.010126	0.568928	0.420946	
0.042126	0.588483	0.369391	
0.005161	0.068408	0.926431	
0.079698	0.126823	0.793479	
0.490117	0.395372	0.114511	
0.866581	0.119315	0.014104	
0.009612	0.087584	0.902805	
0.170930	0.433575	0.395495	
0.009220	0.114328	0.876452	
0.170930	0.433575	0.395495	
0.005187	0.647802	0.347011	
0.548299	0.331328	0.120373	
0.138022	0.657224	0.204754	
0.003665	0.023800	0.972535	
0.170930	0.433575	0.395495	
0.116954	0.582665	0.300381	
0.158328	0.513120	0.328551	
0.042554	0.719449	0.237997	
0.003833	0.048388	0.947779	
0.016183	0.833328	0.150488	
0.009420	0.623691	0.366890	
0.022609	0.145420	0.831972	
0.027155	0.611208	0.361637	
0.005434	0.714753	0.279813	
0.170930	0.433575	0.395495	
0.044185	0.413204	0.542611	
0.000529	0.023752	0.975719	
0.225984	0.299683	0.474333	
0.170930	0.433575	0.395495	
0.001018	0.007169	0.991813	
0.081876	0.389363	0.528760	
0.006181	0.385505	0.608313	
0.170930	0.433575	0.395495	
0.003919	0.632822	0.363259	
0.049074	0.670713	0.280213	
0.464083	0.355714	0.180203	
0.059621	0.412353	0.528025	
0.003114	0.064474	0.932412	
0.011363	0.600399	0.388238	
0.006572	0.056060	0.937368	
0.004379	0.365802	0.629819	
0.001231	0.038666	0.960103	
0.170930	0.433575	0.395495	
0.051851	0.746007	0.202142	
0.166268	0.612707	0.221025	
0.020302	0.474552	0.505146	
0.071479	0.123647	0.804875	
0.026484	0.053691	0.919824	
0.505639	0.386151	0.108209	
0.007573	0.104253	0.888174	
0.006393	0.602000	0.391608	
0.020226	0.044649	0.935124	
0.019688	0.664086	0.316226	
0.170930	0.433575	0.395495	
0.696253	0.259370	0.044377	
0.003449	0.028538	0.968013	
0.004423	0.700935	0.294642	
0.035343	0.649194	0.315463	
0.000784	0.021525	0.977691	
0.013580	0.565581	0.420839	
0.170930	0.433575	0.395495	
0.014495	0.565978	0.419527	
0.170930	0.433575	0.395495	
0.170930	0.433575	0.395495	
0.466731	0.391111	0.142158	
0.551924	0.342924	0.105151	
0.007258	0.374248	0.618494	
0.092352	0.514671	0.392977	
0.050609	0.123396	0.825994	
0.194231	0.700043	0.105726	
0.005351	0.136799	0.857850	
0.366748	0.482741	0.150511	
0.001581	0.646353	0.352066	
0.003173	0.658658	0.338169	
0.428003	0.355139	0.216858	
0.656109	0.253971	0.089920	
0.007677	0.642206	0.350118	
0.000282	0.008788	0.990930	
0.273679	0.520295	0.206026	
0.295294	0.415462	0.289244	
0.170930	0.433575	0.395495	
0.361816	0.441255	0.196929	
0.037626	0.367064	0.595310	
0.216464	0.677445	0.106091	
0.332475	0.354979	0.312546	
0.170930	0.433575	0.395495	
0.170930	0.433575	0.395495	
0.010324	0.741069	0.248607	
0.170930	0.433575	0.395495	
0.089211	0.594807	0.315982	
0.170930	0.433575	0.395495	
0.008244	0.302004	0.689752	
0.318991	0.436207	0.244802	
0.699729	0.233815	0.066456	
0.228339	0.285628	0.486033	
0.270638	0.324107	0.405255	
0.114771	0.729536	0.155693	
0.007245	0.339920	0.652835	
0.170930	0.433575	0.395495	
0.121698	0.532624	0.345677	
0.006211	0.457316	0.536473	
0.300023	0.511690	0.188287	
0.255809	0.569193	0.174998	
0.041528	0.082286	0.876186	
0.170930	0.433575	0.395495	
0.687412	0.271410	0.041179	
0.021652	0.764327	0.214022	
0.011677	0.227740	0.760583	
0.345429	0.340487	0.314083	
0.012740	0.031998	0.955262	
0.363056	0.468468	0.168477	
0.307852	0.446583	0.245564	
0.285961	0.430675	0.283364	
0.361110	0.469016	0.169874	
0.020485	0.096564	0.882952	
0.407953	0.297857	0.294191	
0.013964	0.713575	0.272461	
0.006501	0.121828	0.871671	
0.009232	0.037112	0.953657	
0.003793	0.659749	0.336458	
0.527885	0.380809	0.091306	
0.039917	0.568977	0.391106	
0.170930	0.433575	0.395495	
0.067126	0.558511	0.374363	
0.004685	0.222496	0.772818	
0.359086	0.367873	0.273041	
0.003382	0.039731	0.956887	
0.000271	0.007658	0.992071	
0.261100	0.550541	0.188359	
0.025375	0.602335	0.372290	
0.011247	0.086146	0.902607	
0.170930	0.433575	0.395495	
0.005265	0.036796	0.957938	
0.031336	0.656752	0.311912	
0.001798	0.602534	0.395668	
0.004939	0.042798	0.952263	
0.006514	0.347173	0.646314	
0.003775	0.042168	0.954057	
0.096815	0.562302	0.340883	
0.004204	0.034881	0.960916	
0.015132	0.687979	0.296889	
0.000397	0.011470	0.988133	
0.008668	0.740759	0.250573	
0.712758	0.216332	0.070910	
0.004089	0.461105	0.534806	
0.007851	0.079336	0.912812	
0.006384	0.075091	0.918525	
0.311913	0.527965	0.160122	
0.000533	0.025369	0.974097	
0.060063	0.569359	0.370579	
0.015721	0.038327	0.945952	
0.170930	0.433575	0.395495	
0.002764	0.387226	0.610010	
0.057281	0.583970	0.358749	
0.084421	0.490266	0.425313	
0.170930	0.433575	0.395495	
0.007663	0.085557	0.906780	
0.007683	0.586847	0.405469	
0.069965	0.321424	0.608612	
0.054425	0.803117	0.142457	
0.593529	0.308890	0.097581	
0.479149	0.338422	0.182429	
0.021891	0.381820	0.596289	
0.633807	0.274091	0.092102	
0.263241	0.520101	0.216658	
0.499630	0.344404	0.155966	
0.010725	0.451278	0.537997	
0.000374	0.004214	0.995412	
0.018173	0.707528	0.274300	
0.328313	0.548150	0.123537	
0.372778	0.457329	0.169892	
0.726974	0.219053	0.053974	
0.401346	0.245792	0.352862	
0.349551	0.312333	0.338116	
0.003685	0.013317	0.982997	
0.300536	0.539836	0.159628	
0.214967	0.560479	0.224554	
0.413703	0.376693	0.209604	
0.170930	0.433575	0.395495	
0.482203	0.387334	0.130463	
0.170930	0.433575	0.395495	
0.004327	0.690144	0.305529	
0.001345	0.502787	0.495868	
0.001914	0.367963	0.630123	
0.170930	0.433575	0.395495	
0.084486	0.127633	0.787881	
0.170930	0.433575	0.395495	
0.480100	0.342153	0.177748	
0.015967	0.107731	0.876302	
0.170930	0.433575	0.395495	
0.017349	0.084676	0.897975	
0.677450	0.269268	0.053283	
0.003870	0.261560	0.734570	
0.170930	0.433575	0.395495	
0.170930	0.433575	0.395495	
0.657859	0.258708	0.083433	
0.007995	0.547433	0.444572	
0.003630	0.292560	0.703810	
0.008308	0.201876	0.789816	
0.054373	0.169665	0.775963	
0.037401	0.761850	0.200749	
0.170930	0.433575	0.395495	
0.445545	0.354962	0.199493	
0.025380	0.399377	0.575243	
0.004314	0.221856	0.773830	
0.136665	0.533889	0.329446	
0.000567	0.016655	0.982777	
0.049408	0.573999	0.376594	
0.026999	0.059862	0.913139	
0.193478	0.250566	0.555956	
0.139474	0.566252	0.294274	
0.291473	0.526082	0.182445	
0.016098	0.143358	0.840543	
0.445712	0.428980	0.125308	
0.089317	0.724595	0.186089	
0.677903	0.223373	0.098724	
0.457478	0.389156	0.153367	
0.117229	0.162795	0.719976	
0.005595	0.028504	0.965901	
0.108624	0.690896	0.200480	
0.010259	0.186440	0.803301	
0.572833	0.304411	0.122755	
0.500886	0.408378	0.090736	
0.227582	0.542906	0.229511	
0.013680	0.026675	0.959645	
0.724944	0.203848	0.071209	
0.138069	0.256370	0.605561	
0.822168	0.153374	0.024458	
0.081611	0.599580	0.318809	
0.305878	0.340715	0.353407	
0.170930	0.433575	0.395495	
0.170930	0.433575	0.395495	
0.641570	0.271916	0.086514	
0.145949	0.569990	0.284061	
0.018550	0.355589	0.625861	
0.004466	0.468488	0.527046	
0.007194	0.140183	0.852623	
0.099184	0.588616	0.312201	
0.001678	0.066149	0.932173	
0.004213	0.751132	0.244655	
0.001109	0.006598	0.992293	
0.170930	0.433575	0.395495	
0.063074	0.203485	0.733441	
0.087560	0.404160	0.508280	
0.001134	0.015681	0.983185	
0.087291	0.390351	0.522358	
0.002311	0.044425	0.953264	
0.010949	0.078624	0.910426	
0.170930	0.433575	0.395495	
0.502567	0.412692	0.084741	
0.170930	0.433575	0.395495	
0.005207	0.180167	0.814626	
0.527682	0.341133	0.131185	
0.077487	0.457776	0.464737	
0.170930	0.433575	0.395495	
0.170930	0.433575	0.395495	
0.000217	0.002997	0.996786	
0.097963	0.579614	0.322423	
0.013683	0.469076	0.517240	
0.024646	0.669387	0.305967	
0.032201	0.590318	0.377481	
0.119079	0.613201	0.267721	
0.737877	0.188452	0.073672	
0.002913	0.048674	0.948413	
0.170930	0.433575	0.395495	
0.003271	0.099634	0.897094	
0.170930	0.433575	0.395495	
0.433070	0.516772	0.050158	
0.028696	0.713216	0.258088	
0.533074	0.294970	0.171956	
0.004040	0.495169	0.500792	
0.578453	0.348706	0.072841	
0.001308	0.011969	0.986723	
0.000087	0.004013	0.995900	
0.059850	0.548362	0.391788	
0.129764	0.661936	0.208300	
0.000919	0.008146	0.990934	
0.180503	0.437211	0.382286	
0.170930	0.433575	0.395495	
0.001804	0.682400	0.315796	
0.170930	0.433575	0.395495	
0.102258	0.640442	0.257300	
0.170930	0.433575	0.395495	
0.012359	0.616015	0.371626	
0.006603	0.783034	0.210363	
0.003575	0.356420	0.640004	
0.170930	0.433575	0.395495	
0.240144	0.511170	0.248686	
0.015607	0.521826	0.462567	
0.447427	0.319905	0.232668	
0.005375	0.483154	0.511471	
0.008182	0.090455	0.901362	
0.007045	0.029960	0.962995	
0.170930	0.433575	0.395495	
0.170930	0.433575	0.395495	
0.013089	0.409830	0.577081	
0.588135	0.307224	0.104642	
0.007806	0.102486	0.889709	
0.022143	0.178324	0.799533	
0.030714	0.758153	0.211133	
0.766380	0.183350	0.050270	
0.170930	0.433575	0.395495	
0.342128	0.357439	0.300432	
0.009580	0.400403	0.590017	
0.011303	0.299876	0.688821	
0.000997	0.475555	0.523448	
0.010073	0.072827	0.917100	
0.267918	0.338782	0.393299	
0.516910	0.384727	0.098363	
0.003160	0.066707	0.930132	
0.011829	0.672656	0.315515	
0.005736	0.020946	0.973318	
0.014393	0.620890	0.364717	
0.006900	0.740684	0.252416	
0.012962	0.165910	0.821128	
0.724614	0.182408	0.092978	
0.170930	0.433575	0.395495	
0.006472	0.142624	0.850903	
0.014668	0.067029	0.918303	
0.022214	0.695218	0.282568	
0.486690	0.421370	0.091940	
0.170930	0.433575	0.395495	
0.010575	0.527846	0.461580	
0.441440	0.440536	0.118024	
0.004262	0.194869	0.800869	
0.313340	0.282891	0.403769	
0.005692	0.305747	0.688561	
0.027331	0.590448	0.382220	
0.170930	0.433575	0.395495	
0.009131	0.743418	0.247451	
0.340789	0.531422	0.127789	
0.030157	0.569740	0.400104	
0.436286	0.450790	0.112924	
0.197571	0.607315	0.195113	
0.633656	0.319468	0.046876	
0.170930	0.433575	0.395495	
0.043695	0.641466	0.314839	
0.006951	0.752627	0.240422	
0.170930	0.433575	0.395495	
0.004358	0.799162	0.196479	
0.170930	0.433575	0.395495	
0.020715	0.701722	0.277563	
0.170930	0.433575	0.395495	
0.000061	0.002904	0.997036	
0.010527	0.037708	0.951765	
0.433439	0.444846	0.121716	
0.009303	0.117988	0.872709	
0.170930	0.433575	0.395495	
0.170930	0.433575	0.395495	
0.875511	0.106422	0.018067	
0.170930	0.433575	0.395495	
0.373057	0.433707	0.193236	
0.027832	0.625717	0.346451	
0.469264	0.440722	0.090014	
0.032181	0.545143	0.422677	
0.487959	0.401302	0.110738	
0.590667	0.310700	0.098633	
0.215268	0.402895	0.381837	
0.000227	0.010740	0.989033	
0.001695	0.505343	0.492963	
0.048109	0.096074	0.855817	
0.030137	0.358389	0.611475	
0.373749	0.430662	0.195589	
0.015307	0.258739	0.725954	
0.170930	0.433575	0.395495	
0.082064	0.469182	0.448754	
0.399254	0.362057	0.238689	
0.208893	0.456642	0.334465	
0.076530	0.150599	0.772870	
0.006520	0.507221	0.486259	
0.089447	0.658241	0.252312	
0.003841	0.658493	0.337666	
0.019618	0.270382	0.710000	
0.003196	0.029232	0.967572	
0.014543	0.623508	0.361948	
0.043688	0.131852	0.824459	
0.014170	0.342420	0.643410	
0.005609	0.064022	0.930369	
0.011139	0.679869	0.308992	
0.170930	0.433575	0.395495	
0.304263	0.511303	0.184434	
0.003591	0.031130	0.965279	
0.251212	0.631338	0.117450	
0.170930	0.433575	0.395495	
0.013150	0.038257	0.948593	
0.435180	0.377942	0.186878	
0.888277	0.099529	0.012194	
0.001711	0.069658	0.928631	
0.019849	0.661482	0.318669	
0.170930	0.433575	0.395495	
0.013180	0.253239	0.733580	
0.046976	0.285821	0.667203	
0.229432	0.298623	0.471945	
0.016739	0.520336	0.462925	
0.004535	0.495013	0.500452	
0.331512	0.559590	0.108898	
0.070505	0.358935	0.570560	
0.018679	0.734031	0.247290	
0.497673	0.398830	0.103498	
0.017416	0.770953	0.211631	
0.057524	0.650763	0.291713	
0.209873	0.572706	0.217422	
0.170930	0.433575	0.395495	
0.342144	0.507751	0.150105	
0.039174	0.439257	0.521569	
0.221492	0.431512	0.346996	
0.005284	0.721207	0.273508	
0.043150	0.086963	0.869886	
0.011645	0.042395	0.945960	
0.801715	0.172263	0.026021	
0.170930	0.433575	0.395495	
0.011222	0.776284	0.212494	
0.022845	0.447350	0.529805	
